29.93 0.00 0.00 0.00 nan nan nan nan nan nan nan nan nan nan nan nan nan 
29.93 0.00 0.00 0.00 nan nan nan nan nan nan nan nan nan nan nan nan nan 
27.89 0.00 0.00 0.00 0.00 nan nan nan nan nan nan nan nan nan nan nan nan 
27.89 0.00 0.00 0.00 0.00 nan nan nan nan nan nan nan nan nan nan nan nan 
24.34 0.00 0.00 0.00 0.00 26.51 nan nan nan nan nan nan nan nan nan nan nan 
24.34 0.00 0.00 0.00 0.00 0.00 nan nan nan nan nan nan nan nan nan nan nan 
24.34 0.00 0.00 0.00 0.00 0.00 23.51 nan nan nan nan nan nan nan nan nan nan 
24.34 0.00 0.00 0.00 0.00 0.00 0.00 nan nan nan nan nan nan nan nan nan nan 
31.06 34.62 33.96 43.36 29.25 18.30 4.67 24.87 nan nan nan nan nan nan nan nan nan 
26.96 29.74 32.11 40.34 34.64 21.54 6.53 -1.58 nan nan nan nan nan nan nan nan nan 
27.87 30.38 35.26 42.77 30.42 21.33 7.67 1.42 nan nan nan nan nan nan nan nan nan 
32.00 32.41 33.98 48.09 26.90 18.44 7.43 1.83 26.24 nan nan nan nan nan nan nan nan 
28.40 28.28 33.16 43.12 30.57 23.54 9.67 -0.73 -0.21 nan nan nan nan nan nan nan nan 
27.97 30.65 29.41 45.68 25.90 20.19 10.09 1.94 1.31 26.48 nan nan nan nan nan nan nan 
25.57 28.91 34.45 37.98 31.60 23.00 9.51 0.42 1.34 1.06 nan nan nan nan nan nan nan 
31.51 26.82 32.89 46.46 32.58 20.70 12.05 2.96 -0.12 0.10 49.81 nan nan nan nan nan nan 
44.61 45.04 51.90 51.67 35.85 25.04 17.14 9.44 -2.15 -1.10 0.58 nan nan nan nan nan nan 
48.54 49.01 49.57 45.92 31.20 24.83 16.96 5.56 -0.27 -1.00 2.32 49.14 nan nan nan nan nan 
49.72 42.31 48.00 51.32 35.51 25.50 17.23 8.81 -0.20 -0.12 -0.18 48.64 nan nan nan nan nan 
49.01 52.22 43.65 51.57 35.87 28.76 14.91 7.45 -1.60 -1.01 -1.97 -2.51 47.62 nan nan nan nan 
46.80 44.13 47.11 48.05 31.31 23.10 19.40 9.30 1.47 -2.16 -0.06 0.39 44.15 nan nan nan nan 
43.99 51.93 46.29 46.60 32.40 21.08 18.23 7.73 0.65 -0.69 4.33 -0.51 -1.06 nan nan nan nan 
46.09 48.70 52.97 49.99 37.04 25.03 15.39 11.20 0.97 -0.67 1.16 1.63 -1.32 42.06 nan nan nan 
44.86 44.05 51.13 53.37 29.06 22.13 21.37 6.74 2.14 -0.28 -0.43 0.59 -0.03 1.44 nan nan nan 
53.57 44.26 52.00 47.93 29.54 27.73 16.56 6.34 0.85 -0.28 3.35 -2.74 0.48 -0.97 0.00 nan nan 
45.64 49.82 49.53 48.36 40.13 24.90 13.53 9.81 0.20 -0.34 0.14 -0.55 0.05 3.95 0.00 nan nan 
32.94 33.35 32.90 43.94 34.30 22.49 12.54 -1.41 0.37 -1.39 1.23 2.04 -0.51 0.69 -0.21 0.00 nan 
0.00 0.00 0.00 0.00 0.00 0.00 0.00 0.00 0.00 0.00 0.00 0.00 0.00 0.00 0.00 0.00 nan 
0.00 0.00 0.00 0.00 0.00 0.00 0.00 0.00 0.00 0.00 0.00 0.00 0.00 0.00 0.00 0.00 0.00 
0.00 0.00 0.00 0.00 0.00 0.00 0.00 0.00 0.00 0.00 0.00 0.00 0.00 0.00 0.00 0.00 0.00 
0.00 0.00 0.00 0.00 0.00 0.00 0.00 0.00 0.00 0.00 0.00 0.00 0.00 0.00 0.00 0.00 nan 
0.00 0.00 0.00 0.00 0.00 0.00 0.00 0.00 0.00 0.00 0.00 0.00 0.00 nan nan nan nan 
0.00 0.00 0.00 0.00 0.00 0.00 0.00 0.00 0.00 0.00 nan nan nan nan nan nan nan 
0.00 0.00 0.00 0.00 nan nan nan nan nan nan nan nan nan nan nan nan nan 
