34.33 0.00 0.00 0.00 26.69 nan nan nan nan nan nan nan nan nan nan 
34.33 0.00 0.00 0.00 0.00 nan nan nan nan nan nan nan nan nan nan 
34.33 0.00 0.00 0.00 0.00 nan nan nan nan nan nan nan nan nan nan 
34.33 0.00 0.00 0.00 0.00 26.69 nan nan nan nan nan nan nan nan nan 
27.49 0.00 0.00 0.00 0.00 0.00 nan nan nan nan nan nan nan nan nan 
27.49 0.00 0.00 0.00 0.00 0.00 nan nan nan nan nan nan nan nan nan 
27.49 0.00 0.00 0.00 0.00 0.00 27.19 nan nan nan nan nan nan nan nan 
23.57 27.27 33.40 36.62 31.29 17.73 4.55 nan nan nan nan nan nan nan nan 
30.08 32.15 35.05 47.32 23.30 20.76 7.77 nan nan nan nan nan nan nan nan 
26.57 25.73 25.22 43.55 30.50 18.42 7.49 29.51 nan nan nan nan nan nan nan 
24.46 35.75 39.14 47.28 31.68 20.03 6.23 0.14 nan nan nan nan nan nan nan 
32.38 37.82 34.36 41.99 32.59 26.73 17.91 -3.26 26.69 nan nan nan nan nan nan 
26.30 34.85 32.12 37.74 29.01 19.88 10.38 0.22 31.85 nan nan nan nan nan nan 
23.12 31.04 38.36 48.56 34.97 23.95 13.47 -2.16 -0.01 nan nan nan nan nan nan 
32.07 31.06 33.08 46.57 25.41 21.43 4.34 -3.63 -1.25 27.41 nan nan nan nan nan 
29.17 29.55 34.37 43.17 30.83 16.04 16.60 -3.37 1.45 25.35 nan nan nan nan nan 
32.22 31.77 36.56 36.57 31.92 15.79 6.83 6.39 -4.57 -0.93 nan nan nan nan nan 
29.94 33.39 38.23 39.82 34.21 19.61 8.74 3.54 -8.07 -4.51 28.48 nan nan nan nan 
21.92 29.21 39.61 42.25 33.22 22.23 9.06 -3.17 -2.52 1.49 29.05 nan nan nan nan 
26.22 31.84 37.34 38.64 31.66 24.74 7.37 1.83 3.82 -1.77 -2.50 nan nan nan nan 
27.78 30.62 25.63 47.45 31.38 25.40 6.29 0.13 6.92 4.00 3.64 25.00 nan nan nan 
27.61 30.88 40.93 32.36 36.13 18.88 16.21 4.65 -3.06 -1.88 -3.85 32.21 nan nan nan 
29.31 26.97 32.87 43.74 30.05 18.57 8.97 1.27 5.23 0.73 -3.69 -0.99 nan nan nan 
28.56 26.62 27.25 37.72 27.01 26.42 10.54 2.86 1.76 3.47 4.09 -2.42 29.97 nan nan 
24.77 28.20 35.92 48.07 34.58 19.76 6.33 -0.99 0.77 1.91 -2.38 2.19 0.00 nan nan 
36.62 30.74 35.47 42.73 34.17 25.55 10.94 -3.32 0.05 -5.03 -8.04 0.39 4.82 nan nan 
0.00 0.00 0.00 0.00 0.00 0.00 0.00 0.00 0.00 0.00 0.00 0.00 0.00 0.00 nan 
0.00 0.00 0.00 0.00 0.00 0.00 0.00 0.00 0.00 0.00 0.00 0.00 0.00 0.00 nan 
0.00 0.00 0.00 0.00 0.00 0.00 0.00 0.00 0.00 0.00 0.00 0.00 0.00 0.00 nan 
0.00 0.00 0.00 0.00 0.00 0.00 0.00 0.00 0.00 0.00 0.00 0.00 0.00 0.00 0.00 
0.00 0.00 0.00 0.00 0.00 0.00 0.00 0.00 0.00 0.00 0.00 0.00 0.00 0.00 0.00 
0.00 0.00 0.00 0.00 0.00 0.00 0.00 0.00 0.00 0.00 0.00 0.00 nan nan nan 
0.00 0.00 0.00 0.00 0.00 0.00 0.00 nan nan nan nan nan nan nan nan 
nan nan nan nan nan nan nan nan nan nan nan nan nan nan nan 
