31.38 32.56 36.15 35.86 32.98 18.99 11.18 nan nan nan nan nan nan nan nan nan nan nan 
30.87 26.58 31.17 37.26 32.70 23.34 13.84 nan nan nan nan nan nan nan nan nan nan nan 
30.22 40.09 31.94 40.08 30.45 16.23 8.64 30.33 nan nan nan nan nan nan nan nan nan nan 
34.14 29.92 33.39 38.62 28.45 18.36 6.45 0.02 nan nan nan nan nan nan nan nan nan nan 
24.82 32.89 35.52 40.89 32.37 24.38 7.19 1.09 26.80 nan nan nan nan nan nan nan nan nan 
23.63 31.03 35.30 40.63 35.23 21.14 8.62 -1.76 -2.54 nan nan nan nan nan nan nan nan nan 
21.80 36.39 30.61 33.81 29.69 20.43 7.92 -6.23 -0.55 33.56 nan nan nan nan nan nan nan nan 
31.03 31.03 38.19 44.49 28.80 20.70 13.97 1.29 0.80 0.64 nan nan nan nan nan nan nan nan 
28.44 34.30 37.48 49.88 31.42 25.04 14.27 11.26 -5.77 2.79 40.25 nan nan nan nan nan nan nan 
29.38 46.62 44.00 41.57 35.82 26.97 18.29 11.51 1.45 -1.98 -7.34 nan nan nan nan nan nan nan 
31.83 37.53 35.18 54.65 27.25 26.93 16.50 11.49 3.07 1.92 0.75 34.67 nan nan nan nan nan nan 
33.06 35.17 42.61 47.47 35.98 27.26 23.78 17.51 0.84 -1.45 0.40 2.81 nan nan nan nan nan nan 
44.39 42.10 49.58 48.13 29.30 24.82 21.25 9.61 4.19 -9.22 3.90 2.24 32.83 nan nan nan nan nan 
36.40 43.91 47.03 48.15 37.64 28.72 18.59 14.62 5.08 -2.73 -2.57 0.95 1.21 nan nan nan nan nan 
35.69 37.22 49.22 54.73 37.06 28.47 18.88 13.63 0.08 0.91 6.05 -0.53 6.95 30.37 nan nan nan nan 
32.84 36.79 44.39 51.91 32.81 22.52 16.68 14.23 2.67 -0.49 -0.84 -0.42 4.83 -1.04 nan nan nan nan 
41.17 41.26 40.90 47.83 31.70 31.26 21.27 19.39 -3.06 -4.98 0.66 2.52 0.03 -4.14 0.00 nan nan nan 
39.93 41.05 44.25 41.17 35.14 18.78 13.45 18.59 1.87 0.10 1.59 -3.04 4.43 3.93 1.24 nan nan nan 
24.93 27.84 37.95 49.88 29.85 20.90 17.64 2.31 -0.51 0.23 4.76 -3.02 -3.08 0.58 -4.16 0.00 nan nan 
0.00 0.00 0.00 0.00 0.00 0.00 0.00 0.00 0.00 0.00 0.00 0.00 0.00 0.00 0.00 0.00 nan nan 
0.00 0.00 0.00 0.00 0.00 0.00 0.00 0.00 0.00 0.00 0.00 0.00 0.00 0.00 0.00 0.00 0.00 nan 
0.00 0.00 0.00 0.00 0.00 0.00 0.00 0.00 0.00 0.00 0.00 0.00 0.00 0.00 0.00 0.00 0.00 nan 
0.00 0.00 0.00 0.00 0.00 0.00 0.00 0.00 0.00 0.00 0.00 0.00 0.00 0.00 0.00 0.00 0.00 nan 
0.00 0.00 0.00 0.00 0.00 0.00 0.00 0.00 0.00 0.00 0.00 0.00 0.00 0.00 nan nan nan nan 
0.00 0.00 0.00 0.00 0.00 0.00 0.00 0.00 0.00 0.00 0.00 nan nan nan nan nan nan nan 
0.00 0.00 0.00 0.00 0.00 0.00 0.00 nan nan nan nan nan nan nan nan nan nan nan 
