25.87 0.00 0.00 0.00 0.00 0.00 25.78 nan nan nan nan nan nan nan nan nan nan nan nan nan 
22.60 31.59 32.93 45.50 30.73 11.13 7.97 nan nan nan nan nan nan nan nan nan nan nan nan nan 
26.12 28.80 31.55 43.11 29.81 21.14 8.53 -0.84 nan nan nan nan nan nan nan nan nan nan nan nan 
31.69 34.63 34.98 41.01 34.30 18.98 5.93 4.27 24.48 nan nan nan nan nan nan nan nan nan nan nan 
23.71 26.89 29.13 42.94 26.66 18.10 9.70 1.64 4.22 nan nan nan nan nan nan nan nan nan nan nan 
29.38 35.74 39.21 42.28 29.94 23.75 7.82 -4.04 0.69 -6.53 nan nan nan nan nan nan nan nan nan nan 
27.80 33.39 35.45 43.48 28.93 23.15 20.84 15.54 7.45 0.44 18.33 nan nan nan nan nan nan nan nan nan 
26.50 31.09 41.82 40.47 31.21 23.26 24.70 14.43 7.37 3.99 0.96 nan nan nan nan nan nan nan nan nan 
28.69 32.61 36.96 39.74 28.66 27.28 19.35 11.86 7.23 2.16 2.36 2.13 nan nan nan nan nan nan nan nan 
18.87 35.15 46.51 47.23 33.08 25.45 21.15 16.76 6.64 1.43 0.32 -1.32 28.73 nan nan nan nan nan nan nan 
22.00 42.59 41.04 42.86 27.34 28.70 16.35 14.32 7.09 -2.50 -1.27 4.07 -1.61 21.64 nan nan nan nan nan nan 
23.15 33.19 42.39 40.96 32.82 31.05 21.76 14.96 -0.68 1.16 -2.11 -3.56 2.89 -3.28 nan nan nan nan nan nan 
28.51 30.12 38.86 40.66 27.71 32.31 24.06 16.15 7.80 3.19 -3.07 2.38 -1.17 1.17 28.96 nan nan nan nan nan 
21.15 28.10 32.30 47.82 35.65 26.47 19.84 14.65 7.77 2.95 -2.28 -2.57 -5.26 3.60 -1.70 26.13 nan nan nan nan 
29.55 35.05 42.88 50.33 37.41 26.99 15.07 10.85 10.92 2.88 4.54 -0.47 -0.82 -4.65 3.15 -0.18 nan nan nan nan 
22.01 33.36 45.98 43.85 30.53 29.66 23.03 14.44 7.65 -1.66 2.31 -4.08 -3.17 1.98 -2.31 0.01 0.00 nan nan nan 
27.87 34.44 33.24 49.30 33.09 27.26 15.66 1.69 3.75 -6.11 -3.19 -1.57 2.77 -3.92 3.90 4.91 -0.91 0.00 nan nan 
30.56 34.54 29.16 45.12 25.22 25.59 13.70 0.60 -2.28 0.51 -0.66 0.66 -3.41 -0.98 1.65 5.31 -0.68 -4.27 0.00 nan 
25.67 32.17 36.26 46.29 31.86 15.83 12.56 -0.46 -5.65 1.55 8.57 -0.35 1.94 3.17 -4.03 -0.55 0.74 5.25 0.00 nan 
0.00 0.00 0.00 0.00 0.00 0.00 0.00 0.00 0.00 0.00 0.00 0.00 0.00 0.00 0.00 0.00 0.00 0.00 0.00 0.00 
0.00 0.00 0.00 0.00 0.00 0.00 0.00 0.00 0.00 0.00 0.00 0.00 0.00 0.00 0.00 0.00 0.00 0.00 nan nan 
0.00 0.00 0.00 0.00 0.00 0.00 0.00 0.00 0.00 0.00 0.00 0.00 0.00 0.00 0.00 0.00 nan nan nan nan 
0.00 0.00 0.00 0.00 0.00 0.00 0.00 0.00 0.00 0.00 0.00 0.00 0.00 0.00 nan nan nan nan nan nan 
0.00 0.00 0.00 0.00 0.00 0.00 0.00 0.00 0.00 0.00 0.00 0.00 nan nan nan nan nan nan nan nan 
0.00 0.00 0.00 0.00 0.00 0.00 0.00 0.00 0.00 nan nan nan nan nan nan nan nan nan nan nan 
0.00 0.00 0.00 0.00 nan nan nan nan nan nan nan nan nan nan nan nan nan nan nan nan 
nan nan nan nan nan nan nan nan nan nan nan nan nan nan nan nan nan nan nan nan 
