29.79 32.47 35.01 40.53 29.85 18.66 0.44 nan nan nan nan nan nan nan nan nan nan 
31.34 36.20 38.34 43.47 31.04 21.21 8.71 23.79 nan nan nan nan nan nan nan nan nan 
29.48 30.80 31.11 37.89 30.88 13.33 3.89 6.48 nan nan nan nan nan nan nan nan nan 
26.01 35.82 24.38 41.33 25.98 15.21 12.26 3.79 nan nan nan nan nan nan nan nan nan 
33.60 27.46 31.84 45.37 31.87 19.54 7.46 -1.37 26.12 nan nan nan nan nan nan nan nan 
28.76 28.12 33.64 45.12 31.57 21.10 10.43 1.09 -1.07 nan nan nan nan nan nan nan nan 
24.61 29.82 30.91 41.14 40.58 16.16 6.39 -1.61 4.70 30.79 nan nan nan nan nan nan nan 
25.07 36.32 33.48 45.77 24.36 20.95 12.74 -4.13 -3.64 -0.24 nan nan nan nan nan nan nan 
27.76 23.47 38.59 44.54 33.03 20.67 12.84 3.07 0.15 4.68 29.36 nan nan nan nan nan nan 
31.19 30.74 39.84 37.15 28.90 15.47 10.47 2.78 -1.91 9.88 28.61 nan nan nan nan nan nan 
27.91 31.93 30.78 50.69 33.59 26.61 10.55 -0.31 4.02 -0.73 3.21 nan nan nan nan nan nan 
29.41 28.99 25.26 46.94 35.08 19.03 13.36 -0.88 6.78 -4.72 0.72 22.04 nan nan nan nan nan 
27.03 24.83 35.83 50.41 33.15 21.43 14.14 -2.92 -1.60 -3.09 0.33 2.19 nan nan nan nan nan 
25.27 34.68 44.17 39.21 32.65 23.13 6.69 -1.61 -1.46 -0.89 -1.74 -1.12 26.09 nan nan nan nan 
32.60 35.01 25.81 35.27 35.61 23.49 6.65 -4.83 2.30 -4.27 -7.00 1.10 -5.81 nan nan nan nan 
24.89 30.56 35.04 45.18 33.72 22.22 15.81 -5.00 1.03 -4.02 2.30 -2.60 2.16 26.10 nan nan nan 
21.28 29.36 39.16 47.15 26.69 18.76 11.11 6.55 -1.03 -3.99 -1.52 5.60 4.20 0.00 nan nan nan 
29.29 27.62 40.24 40.17 29.29 21.15 2.42 0.85 -4.19 2.64 1.80 0.35 2.18 2.96 nan nan nan 
0.00 32.52 0.00 0.00 0.00 0.00 0.00 2.88 0.00 0.00 0.00 0.00 0.00 -4.41 0.00 nan nan 
0.00 0.00 0.00 0.00 0.00 0.00 0.00 0.00 0.00 0.00 0.00 0.00 0.00 0.00 0.00 nan nan 
0.00 0.00 0.00 0.00 0.00 0.00 0.00 0.00 0.00 0.00 0.00 0.00 0.00 0.00 0.00 0.00 nan 
0.00 0.00 0.00 0.00 0.00 0.00 0.00 0.00 0.00 0.00 0.00 0.00 0.00 0.00 0.00 0.00 nan 
0.00 0.00 0.00 0.00 0.00 0.00 0.00 0.00 0.00 0.00 0.00 0.00 0.00 0.00 0.00 nan nan 
0.00 0.00 0.00 0.00 0.00 0.00 0.00 0.00 0.00 0.00 0.00 0.00 nan nan nan nan nan 
0.00 0.00 0.00 0.00 0.00 0.00 0.00 0.00 nan nan nan nan nan nan nan nan nan 
nan nan nan nan nan nan nan nan nan nan nan nan nan nan nan nan nan 
