26.64 0.00 0.00 0.00 0.00 0.00 nan nan nan nan nan nan nan nan nan nan nan nan nan nan 
26.64 0.00 0.00 0.00 0.00 0.00 29.45 nan nan nan nan nan nan nan nan nan nan nan nan nan 
27.07 32.54 32.56 39.60 29.58 22.03 9.09 nan nan nan nan nan nan nan nan nan nan nan nan nan 
31.49 32.20 31.67 40.70 29.93 22.72 7.29 -0.57 nan nan nan nan nan nan nan nan nan nan nan nan 
27.31 32.82 32.20 39.17 35.16 17.75 8.11 0.97 27.06 nan nan nan nan nan nan nan nan nan nan nan 
26.30 34.23 34.43 42.69 30.64 21.94 12.03 -1.07 -3.41 nan nan nan nan nan nan nan nan nan nan nan 
28.65 28.52 39.23 36.29 29.41 18.73 7.58 -0.63 1.89 -2.00 nan nan nan nan nan nan nan nan nan nan 
27.53 31.21 31.13 37.42 29.43 18.80 10.64 0.35 -0.72 0.30 27.59 nan nan nan nan nan nan nan nan nan 
25.06 29.44 38.03 44.09 25.10 27.27 21.70 16.40 8.65 -0.94 -2.06 nan nan nan nan nan nan nan nan nan 
28.56 32.37 39.72 49.81 35.91 25.64 19.33 13.67 7.88 0.63 0.49 23.01 nan nan nan nan nan nan nan nan 
27.10 34.06 35.01 45.30 35.53 29.77 22.52 13.59 6.29 0.97 -2.18 -1.60 27.51 nan nan nan nan nan nan nan 
26.50 32.01 36.22 45.99 27.65 28.18 15.69 12.25 7.14 -0.36 0.72 -2.18 -1.08 nan nan nan nan nan nan nan 
24.45 36.48 45.89 37.73 32.67 27.40 18.93 12.84 7.83 0.29 4.67 -0.08 -0.64 26.93 nan nan nan nan nan nan 
25.94 30.30 39.14 41.66 28.60 26.07 20.93 14.18 7.33 1.99 -0.52 0.15 1.67 0.84 28.28 nan nan nan nan nan 
27.55 31.71 35.87 44.91 38.92 26.61 22.10 16.42 9.05 2.06 -0.26 -0.80 -1.65 1.43 0.69 nan nan nan nan nan 
24.02 35.97 39.29 47.73 27.99 23.01 19.58 13.40 7.90 2.28 -0.98 -0.70 0.93 -0.15 0.40 0.00 nan nan nan nan 
30.13 32.31 38.69 51.45 34.21 26.34 21.91 14.87 8.07 -0.74 2.04 0.26 1.83 1.85 -1.49 -0.03 nan nan nan nan 
24.44 34.14 36.42 41.39 28.88 24.14 19.42 10.01 7.50 -1.97 3.18 2.56 -0.21 -1.56 -1.29 -2.14 0.00 nan nan nan 
26.57 30.06 30.35 44.30 36.76 24.18 10.49 3.39 -0.28 0.07 0.39 -0.99 1.04 0.63 0.26 -1.10 0.54 0.00 nan nan 
32.15 28.90 33.43 43.88 31.32 20.57 6.11 0.60 1.49 -0.13 1.94 0.98 -0.84 -1.53 2.05 -0.71 -0.07 1.55 nan nan 
0.00 0.00 0.00 0.00 0.00 0.00 0.00 0.00 0.00 0.00 0.00 0.00 0.00 0.00 0.00 0.00 0.00 0.00 0.00 nan 
0.00 0.00 0.00 0.00 0.00 0.00 0.00 0.00 0.00 0.00 0.00 0.00 0.00 0.00 0.00 0.00 0.00 0.00 0.00 nan 
0.00 0.00 0.00 0.00 0.00 0.00 0.00 0.00 0.00 0.00 0.00 0.00 0.00 0.00 0.00 0.00 0.00 nan nan nan 
0.00 0.00 0.00 0.00 0.00 0.00 0.00 0.00 0.00 0.00 0.00 0.00 0.00 0.00 0.00 nan nan nan nan nan 
0.00 0.00 0.00 0.00 0.00 0.00 0.00 0.00 0.00 0.00 0.00 0.00 0.00 nan nan nan nan nan nan nan 
0.00 0.00 0.00 0.00 0.00 0.00 0.00 0.00 0.00 0.00 nan nan nan nan nan nan nan nan nan nan 
0.00 0.00 0.00 0.00 0.00 nan nan nan nan nan nan nan nan nan nan nan nan nan nan nan 
