29.95 36.06 32.13 37.00 32.24 21.38 10.18 nan nan nan nan nan nan nan nan nan 
27.10 36.47 36.88 39.66 19.83 19.70 8.86 31.83 nan nan nan nan nan nan nan nan 
24.98 32.27 33.46 43.16 28.12 17.03 10.79 26.63 nan nan nan nan nan nan nan nan 
28.84 36.92 36.13 45.31 24.11 16.93 10.04 3.95 nan nan nan nan nan nan nan nan 
30.79 27.79 38.18 45.58 31.21 20.30 13.50 -0.39 31.17 nan nan nan nan nan nan nan 
33.48 31.81 38.08 41.48 34.90 22.17 14.75 -1.16 1.07 nan nan nan nan nan nan nan 
23.35 32.14 29.20 36.70 30.13 22.22 10.44 0.78 1.13 nan nan nan nan nan nan nan 
20.03 32.27 34.09 42.12 31.42 26.41 10.40 -3.50 -3.82 38.55 nan nan nan nan nan nan 
24.53 26.60 28.65 44.49 35.80 18.28 13.00 2.91 1.58 -3.91 nan nan nan nan nan nan 
33.52 34.19 40.46 34.37 35.92 23.88 17.59 -2.35 0.69 -0.49 34.03 nan nan nan nan nan 
29.64 43.70 40.17 40.40 26.25 24.76 11.71 2.67 1.75 3.86 35.97 nan nan nan nan nan 
37.55 33.40 40.99 42.56 34.70 23.18 8.48 -2.44 0.66 -5.86 2.05 nan nan nan nan nan 
31.89 38.15 42.90 43.20 29.96 27.00 13.91 -5.89 4.08 -1.67 -2.44 35.61 nan nan nan nan 
32.82 37.18 41.02 42.98 29.61 21.38 5.23 -5.06 2.78 1.22 -0.30 38.92 nan nan nan nan 
29.75 36.55 35.18 45.23 37.27 20.85 13.55 1.08 -1.62 -1.30 2.05 6.65 nan nan nan nan 
37.33 37.84 38.43 43.38 38.24 23.61 15.32 -0.59 -2.48 7.07 -2.88 -0.44 31.50 nan nan nan 
34.80 34.45 41.74 37.22 30.99 21.83 17.08 3.15 1.82 -0.24 -2.07 -3.94 30.48 nan nan nan 
30.10 38.05 36.39 48.11 28.74 22.85 19.59 -0.86 -1.88 2.70 -2.74 2.56 0.30 nan nan nan 
40.94 30.98 46.53 37.59 25.61 25.93 7.78 -3.79 2.48 -0.67 -5.19 3.34 3.36 0.00 nan nan 
0.00 0.00 0.00 0.00 0.00 0.00 0.00 0.00 0.00 0.00 0.00 0.00 0.00 0.00 nan nan 
0.00 0.00 0.00 0.00 0.00 0.00 0.00 0.00 0.00 0.00 0.00 0.00 0.00 0.00 0.00 nan 
0.00 0.00 0.00 0.00 0.00 0.00 0.00 0.00 0.00 0.00 0.00 0.00 0.00 0.00 0.00 nan 
0.00 0.00 0.00 0.00 0.00 0.00 0.00 0.00 0.00 0.00 0.00 0.00 0.00 0.00 0.00 nan 
0.00 0.00 0.00 0.00 0.00 0.00 0.00 0.00 0.00 0.00 0.00 0.00 0.00 0.00 0.00 nan 
0.00 0.00 0.00 0.00 0.00 0.00 0.00 0.00 0.00 0.00 0.00 0.00 nan nan nan nan 
0.00 0.00 0.00 0.00 0.00 0.00 0.00 0.00 nan nan nan nan nan nan nan nan 
nan nan nan nan nan nan nan nan nan nan nan nan nan nan nan nan 
