33.15 0.00 0.00 0.00 0.00 nan nan nan nan nan nan nan nan nan 
33.15 0.00 0.00 0.00 0.00 27.94 nan nan nan nan nan nan nan nan 
33.15 0.00 0.00 0.00 0.00 27.94 nan nan nan nan nan nan nan nan 
33.15 31.22 0.00 0.00 0.00 0.00 nan nan nan nan nan nan nan nan 
33.15 31.22 0.00 0.00 0.00 0.00 nan nan nan nan nan nan nan nan 
33.15 31.22 0.00 0.00 0.00 0.00 27.94 nan nan nan nan nan nan nan 
33.15 31.22 0.00 0.00 0.00 0.00 0.00 nan nan nan nan nan nan nan 
28.07 31.08 33.76 43.35 31.77 19.46 9.31 nan nan nan nan nan nan nan 
27.63 29.57 27.57 47.19 33.67 24.28 8.88 25.70 nan nan nan nan nan nan 
31.53 25.98 32.78 50.35 28.78 23.63 16.48 26.92 nan nan nan nan nan nan 
30.25 32.05 35.78 38.87 32.55 21.54 14.48 3.84 nan nan nan nan nan nan 
31.28 26.53 31.69 40.99 24.02 19.65 7.75 0.63 nan nan nan nan nan nan 
32.72 30.35 35.23 36.20 29.68 25.56 5.02 6.92 26.75 nan nan nan nan nan 
21.35 35.47 34.74 48.29 30.21 21.37 8.09 -3.85 30.95 nan nan nan nan nan 
24.36 28.44 30.16 39.20 32.87 24.42 13.83 -2.40 -4.88 nan nan nan nan nan 
27.64 36.90 32.20 42.60 37.88 26.62 5.80 5.43 -1.31 19.90 nan nan nan nan 
27.09 27.88 25.26 43.84 31.13 18.33 12.84 -0.16 7.61 31.09 nan nan nan nan 
29.27 33.82 41.09 36.38 31.41 17.07 6.71 -1.55 -2.36 -0.46 nan nan nan nan 
34.07 30.75 34.77 48.62 29.21 20.05 7.02 0.56 3.48 6.54 26.94 nan nan nan 
29.73 29.17 36.10 41.18 32.48 23.99 9.49 -7.24 -3.53 1.50 27.59 nan nan nan 
26.54 30.17 35.95 40.66 32.42 14.93 13.01 2.80 -2.30 3.44 22.19 nan nan nan 
27.37 34.17 38.29 41.89 38.76 15.67 13.52 -3.15 -1.64 3.08 -0.55 nan nan nan 
31.92 29.70 34.11 40.61 29.28 24.57 5.24 -2.07 -6.56 0.69 0.12 24.60 nan nan 
30.30 33.45 37.52 43.38 30.81 21.29 4.94 3.53 4.52 -4.84 -3.58 24.56 nan nan 
33.31 32.72 33.41 37.11 27.56 22.58 14.07 -2.51 1.05 3.50 4.77 27.46 nan nan 
30.05 31.45 35.38 47.44 28.74 17.62 8.87 1.73 -1.80 5.78 -2.73 1.15 0.00 nan 
0.00 0.00 0.00 0.00 0.00 0.00 0.00 0.00 0.00 0.00 0.00 0.00 0.00 nan 
0.00 0.00 0.00 0.00 0.00 0.00 0.00 0.00 0.00 0.00 0.00 0.00 0.00 nan 
0.00 0.00 0.00 0.00 0.00 0.00 0.00 0.00 0.00 0.00 0.00 0.00 0.00 nan 
0.00 0.00 0.00 0.00 0.00 0.00 0.00 0.00 0.00 0.00 0.00 0.00 0.00 0.00 
0.00 0.00 0.00 0.00 0.00 0.00 0.00 0.00 0.00 0.00 0.00 0.00 0.00 0.00 
0.00 0.00 0.00 0.00 0.00 0.00 0.00 0.00 0.00 0.00 0.00 0.00 0.00 nan 
0.00 0.00 0.00 0.00 0.00 0.00 0.00 0.00 nan nan nan nan nan nan 
