30.07 29.35 33.40 36.49 36.20 21.53 9.06 nan nan nan nan nan nan nan nan nan nan 
22.54 28.85 31.81 46.59 35.76 19.33 5.74 26.37 nan nan nan nan nan nan nan nan nan 
29.41 32.63 31.01 44.10 29.01 20.36 7.36 2.32 nan nan nan nan nan nan nan nan nan 
30.00 34.45 30.09 41.79 33.44 23.81 8.10 -2.41 nan nan nan nan nan nan nan nan nan 
24.75 31.36 36.22 44.86 27.76 17.15 9.59 -0.51 23.50 nan nan nan nan nan nan nan nan 
27.71 29.22 39.90 50.76 29.53 20.06 10.02 0.29 -0.59 nan nan nan nan nan nan nan nan 
24.90 31.37 29.38 35.49 33.20 24.49 6.72 -1.86 -0.86 29.72 nan nan nan nan nan nan nan 
30.08 29.68 33.17 47.17 27.75 18.22 8.28 0.45 1.23 1.73 nan nan nan nan nan nan nan 
29.87 37.07 33.20 43.24 32.31 25.60 9.70 -0.94 -2.32 1.41 47.74 nan nan nan nan nan nan 
42.20 47.30 48.36 43.29 32.76 22.93 15.30 13.13 0.07 -0.22 44.44 nan nan nan nan nan nan 
40.50 48.83 45.89 53.05 32.10 23.07 13.70 9.38 -0.37 1.50 -2.80 nan nan nan nan nan nan 
46.76 49.46 54.84 49.71 35.02 20.37 12.76 9.30 0.74 -1.23 -0.52 44.03 nan nan nan nan nan 
47.76 45.05 47.23 48.38 30.50 20.87 15.94 10.21 -0.64 0.07 -0.15 1.25 nan nan nan nan nan 
50.54 45.46 50.00 42.04 30.57 25.27 14.20 5.19 3.41 0.39 -1.96 -0.66 49.24 nan nan nan nan 
50.59 44.01 51.59 41.63 36.70 23.30 11.92 10.04 -2.28 -2.09 2.33 0.43 -0.97 nan nan nan nan 
40.85 43.66 41.38 47.76 34.98 22.39 21.43 9.48 0.09 -1.35 1.04 1.21 -0.42 45.66 nan nan nan 
50.11 44.18 47.24 42.01 34.44 23.91 15.25 -2.07 -2.68 -3.19 -0.12 2.56 -1.79 28.35 nan nan nan 
49.84 47.62 44.76 43.06 37.33 28.02 12.53 10.19 -0.96 0.16 -1.30 1.56 0.07 -0.17 nan nan nan 
50.76 49.14 48.59 49.03 33.01 21.59 17.32 10.45 0.17 0.22 0.75 0.98 -0.89 -0.83 0.00 nan nan 
27.81 30.61 32.37 38.44 31.42 23.16 12.82 0.52 0.96 -1.99 -0.21 0.42 -0.60 1.01 0.00 nan nan 
0.00 0.00 0.00 0.00 0.00 0.00 0.00 0.00 0.00 0.00 0.00 0.00 0.00 0.00 0.00 0.00 nan 
0.00 0.00 0.00 0.00 0.00 0.00 0.00 0.00 0.00 0.00 0.00 0.00 0.00 0.00 0.00 0.00 nan 
0.00 0.00 0.00 0.00 0.00 0.00 0.00 0.00 0.00 0.00 0.00 0.00 0.00 0.00 0.00 0.00 0.00 
0.00 0.00 0.00 0.00 0.00 0.00 0.00 0.00 0.00 0.00 0.00 0.00 0.00 0.00 0.00 0.00 nan 
0.00 0.00 0.00 0.00 0.00 0.00 0.00 0.00 0.00 0.00 0.00 0.00 0.00 nan nan nan nan 
0.00 0.00 0.00 0.00 0.00 0.00 0.00 0.00 0.00 nan nan nan nan nan nan nan nan 
0.00 0.00 nan nan nan nan nan nan nan nan nan nan nan nan nan nan nan 
