0.00 0.00 0.00 0.00 27.37 nan nan nan nan nan nan nan nan nan nan nan nan nan 
0.00 0.00 0.00 0.00 0.00 nan nan nan nan nan nan nan nan nan nan nan nan nan 
27.55 0.00 0.00 0.00 0.00 27.37 nan nan nan nan nan nan nan nan nan nan nan nan 
27.55 0.00 0.00 0.00 0.00 0.00 nan nan nan nan nan nan nan nan nan nan nan nan 
28.17 0.00 0.00 0.00 0.00 0.00 29.08 nan nan nan nan nan nan nan nan nan nan nan 
29.92 29.78 34.21 39.40 30.25 23.83 11.53 nan nan nan nan nan nan nan nan nan nan nan 
25.44 30.02 32.85 41.53 29.22 23.09 8.60 22.78 nan nan nan nan nan nan nan nan nan nan 
25.61 33.22 33.07 41.03 24.95 14.17 10.07 -0.50 nan nan nan nan nan nan nan nan nan nan 
32.10 33.92 33.85 39.00 37.13 20.12 7.59 0.86 27.54 nan nan nan nan nan nan nan nan nan 
28.03 31.32 33.71 42.89 27.69 19.37 9.53 -0.66 1.10 nan nan nan nan nan nan nan nan nan 
28.52 33.13 32.70 39.46 30.14 21.80 7.60 0.53 -3.28 34.96 nan nan nan nan nan nan nan nan 
27.52 36.24 33.92 40.17 27.11 20.29 10.86 2.37 1.51 -0.96 nan nan nan nan nan nan nan nan 
28.21 34.66 45.36 39.29 38.62 22.50 8.32 12.71 -0.22 -0.93 33.98 nan nan nan nan nan nan nan 
34.21 39.52 43.41 54.09 30.98 25.77 15.72 11.92 0.18 -0.39 -2.02 nan nan nan nan nan nan nan 
36.71 41.57 42.18 46.90 31.62 20.92 14.74 13.46 1.19 1.05 -1.20 35.27 nan nan nan nan nan nan 
33.57 40.16 43.65 48.16 38.13 22.71 16.74 17.24 7.71 1.37 1.02 -1.60 nan nan nan nan nan nan 
33.48 40.37 45.37 49.27 41.92 25.33 20.95 15.38 7.53 -1.75 -0.70 2.58 39.54 nan nan nan nan nan 
34.43 36.18 44.14 42.67 33.61 25.28 20.42 15.20 0.48 -0.71 -1.66 2.62 -0.22 nan nan nan nan nan 
31.50 40.19 43.00 38.33 39.36 30.40 23.85 13.56 7.53 2.78 0.54 0.92 -2.09 29.02 nan nan nan nan 
31.86 34.62 44.41 50.05 28.76 23.69 19.40 12.17 -0.63 0.78 2.23 -1.38 0.50 -0.15 nan nan nan nan 
39.40 37.44 47.07 40.55 33.21 21.13 19.71 16.40 -2.35 -0.48 -1.28 0.38 0.37 2.28 0.00 nan nan nan 
29.91 39.08 41.29 44.90 30.51 28.54 20.24 15.27 0.44 1.17 0.16 3.26 1.28 -1.58 -1.20 nan nan nan 
25.66 39.46 31.76 39.70 31.83 24.69 14.47 -0.17 -1.03 -1.10 -0.33 -0.33 2.44 1.12 -2.40 0.00 nan nan 
26.71 33.41 36.20 47.32 34.43 19.02 12.77 0.52 -0.63 0.59 -0.11 0.00 -0.57 0.00 2.90 2.59 nan nan 
0.00 0.00 0.00 0.00 0.00 0.00 0.00 0.00 0.00 0.00 0.00 0.00 0.00 0.00 0.00 0.00 0.00 nan 
0.00 0.00 0.00 0.00 0.00 0.00 0.00 0.00 0.00 0.00 0.00 0.00 0.00 0.00 0.00 0.00 0.00 nan 
0.00 0.00 0.00 0.00 0.00 0.00 0.00 0.00 0.00 0.00 0.00 0.00 0.00 0.00 0.00 0.00 0.00 nan 
0.00 0.00 0.00 0.00 0.00 0.00 0.00 0.00 0.00 0.00 0.00 0.00 0.00 0.00 0.00 nan nan nan 
0.00 0.00 0.00 0.00 0.00 0.00 0.00 0.00 0.00 0.00 0.00 0.00 nan nan nan nan nan nan 
0.00 0.00 0.00 0.00 0.00 0.00 0.00 0.00 0.00 nan nan nan nan nan nan nan nan nan 
0.00 0.00 nan nan nan nan nan nan nan nan nan nan nan nan nan nan nan nan 
