30.71 31.32 30.90 45.55 31.19 16.21 3.91 nan nan nan nan nan nan nan nan nan nan nan 
29.27 34.76 38.59 38.35 27.18 15.57 13.02 24.82 nan nan nan nan nan nan nan nan nan nan 
32.54 32.60 27.32 43.48 35.27 20.29 5.44 4.27 nan nan nan nan nan nan nan nan nan nan 
25.00 34.89 31.51 47.95 31.21 23.43 7.61 0.86 31.09 nan nan nan nan nan nan nan nan nan 
25.04 30.02 35.93 39.61 21.49 22.90 14.32 -5.73 3.00 nan nan nan nan nan nan nan nan nan 
22.44 28.71 30.20 37.63 23.04 21.32 11.22 2.74 -1.61 29.82 nan nan nan nan nan nan nan nan 
32.87 34.86 31.52 36.48 23.35 21.11 10.17 -2.68 -1.53 1.07 nan nan nan nan nan nan nan nan 
22.26 25.24 30.25 53.87 27.75 19.17 11.79 -0.83 -0.23 -1.62 23.64 nan nan nan nan nan nan nan 
29.85 24.42 36.29 41.98 28.23 27.07 10.00 -1.43 -5.00 -0.84 1.65 nan nan nan nan nan nan nan 
29.64 29.72 35.47 35.93 30.29 23.83 14.27 -3.28 1.83 1.73 2.00 30.81 nan nan nan nan nan nan 
23.39 37.20 30.04 37.49 28.38 24.12 9.54 3.54 0.80 -2.57 2.29 3.24 nan nan nan nan nan nan 
28.13 39.23 34.55 46.90 33.46 22.52 13.67 -4.03 4.58 -1.81 -2.00 -4.89 24.67 nan nan nan nan nan 
23.63 27.70 31.87 39.91 27.67 20.04 6.38 3.54 0.55 -0.37 -3.22 -0.92 3.74 nan nan nan nan nan 
24.68 29.11 37.85 44.65 27.59 11.71 6.42 -1.13 -6.10 0.16 1.21 -3.62 -1.50 28.13 nan nan nan nan 
23.48 20.89 34.52 46.62 32.60 12.43 16.89 3.05 7.22 -6.90 1.10 2.63 -0.63 2.97 nan nan nan nan 
31.67 16.42 28.54 37.51 30.07 23.27 9.27 -5.88 -0.50 2.89 -2.80 2.13 1.83 -2.78 0.00 nan nan nan 
37.75 27.52 35.41 42.34 36.40 19.97 11.67 -4.80 0.39 -4.24 1.78 0.36 3.05 0.64 0.85 nan nan nan 
27.56 28.39 34.32 46.96 29.95 17.44 12.33 -0.04 1.74 0.37 -5.31 -3.09 -2.20 1.83 3.11 0.00 nan nan 
0.00 0.00 0.00 0.00 0.00 0.00 0.00 0.00 0.00 0.00 0.00 0.00 0.00 0.00 0.00 0.00 nan nan 
0.00 0.00 0.00 0.00 0.00 0.00 0.00 0.00 0.00 0.00 0.00 0.00 0.00 0.00 0.00 0.00 0.00 nan 
0.00 0.00 0.00 0.00 0.00 0.00 0.00 0.00 0.00 0.00 0.00 0.00 0.00 0.00 0.00 0.00 0.00 nan 
0.00 0.00 0.00 0.00 0.00 0.00 0.00 0.00 0.00 0.00 0.00 0.00 0.00 0.00 0.00 nan nan nan 
0.00 0.00 0.00 0.00 0.00 0.00 0.00 0.00 0.00 0.00 0.00 0.00 0.00 nan nan nan nan nan 
0.00 0.00 0.00 0.00 0.00 0.00 0.00 0.00 0.00 0.00 nan nan nan nan nan nan nan nan 
0.00 0.00 0.00 0.00 nan nan nan nan nan nan nan nan nan nan nan nan nan nan 
nan nan nan nan nan nan nan nan nan nan nan nan nan nan nan nan nan nan 
