27.79 0.00 0.00 0.00 0.00 0.00 30.39 nan nan nan nan nan nan nan nan nan nan nan nan 
29.92 28.95 34.32 43.05 31.75 16.95 8.08 nan nan nan nan nan nan nan nan nan nan nan nan 
26.71 29.97 36.26 39.76 28.22 16.29 11.21 0.03 nan nan nan nan nan nan nan nan nan nan nan 
26.87 32.83 32.51 42.03 34.47 16.65 6.32 0.25 nan nan nan nan nan nan nan nan nan nan nan 
27.87 31.23 27.71 43.15 33.01 20.35 7.41 -0.04 0.12 nan nan nan nan nan nan nan nan nan nan 
32.12 32.23 36.49 42.99 32.17 21.02 7.62 -1.54 1.56 27.30 nan nan nan nan nan nan nan nan nan 
28.28 31.63 35.09 39.07 31.37 19.86 7.40 2.47 -0.59 -1.17 nan nan nan nan nan nan nan nan nan 
25.68 29.45 30.28 39.14 33.78 20.54 8.84 0.21 -0.86 -0.49 27.64 nan nan nan nan nan nan nan nan 
27.55 29.44 44.78 46.36 34.54 22.62 20.66 16.79 6.61 0.04 1.59 nan nan nan nan nan nan nan nan 
26.28 30.71 37.63 43.58 32.53 24.20 19.48 13.88 5.31 -0.53 1.09 29.91 nan nan nan nan nan nan nan 
28.76 31.76 38.76 50.43 30.81 27.52 20.67 12.50 6.15 1.18 -0.79 -0.77 nan nan nan nan nan nan nan 
29.68 34.03 39.66 37.75 32.49 26.17 13.76 11.44 10.55 -2.97 -0.08 0.83 28.03 nan nan nan nan nan nan 
27.25 35.42 37.78 48.49 27.24 19.04 24.06 13.74 6.26 -3.67 -0.17 -1.99 1.67 nan nan nan nan nan nan 
28.59 32.17 45.79 40.57 33.60 30.37 19.52 19.46 7.91 0.10 1.36 0.94 -0.24 27.09 nan nan nan nan nan 
21.72 32.13 42.18 49.89 32.75 26.30 19.55 16.50 9.15 0.46 -0.06 0.50 1.63 1.73 29.50 nan nan nan nan 
25.61 32.43 39.44 45.87 36.95 27.10 19.92 13.13 9.39 -0.39 -1.45 3.53 2.29 -1.44 0.00 nan nan nan nan 
26.65 34.55 38.12 49.32 31.85 25.60 19.12 16.51 5.20 -0.68 2.37 -0.15 -1.66 1.99 3.56 0.00 nan nan nan 
27.79 34.18 39.05 45.46 32.21 26.45 22.83 15.53 10.17 0.43 -0.61 1.68 0.17 0.72 -0.54 0.58 nan nan nan 
26.23 30.75 30.96 37.88 23.34 19.53 11.13 -3.54 2.91 -0.79 -0.33 0.19 0.83 -1.33 -1.90 -1.48 0.00 nan nan 
0.00 0.00 0.00 0.00 0.00 0.00 0.00 0.00 0.00 0.00 0.00 0.00 0.00 0.00 0.00 0.00 0.00 nan nan 
0.00 0.00 0.00 0.00 0.00 0.00 0.00 0.00 0.00 0.00 0.00 0.00 0.00 0.00 0.00 0.00 0.00 0.00 nan 
0.00 0.00 0.00 0.00 0.00 0.00 0.00 0.00 0.00 0.00 0.00 0.00 0.00 0.00 0.00 0.00 0.00 0.00 nan 
0.00 0.00 0.00 0.00 0.00 0.00 0.00 0.00 0.00 0.00 0.00 0.00 0.00 0.00 0.00 0.00 nan nan nan 
0.00 0.00 0.00 0.00 0.00 0.00 0.00 0.00 0.00 0.00 0.00 0.00 0.00 0.00 nan nan nan nan nan 
0.00 0.00 0.00 0.00 0.00 0.00 0.00 0.00 0.00 0.00 0.00 nan nan nan nan nan nan nan nan 
0.00 0.00 0.00 0.00 0.00 0.00 0.00 nan nan nan nan nan nan nan nan nan nan nan nan 
