26.92 0.00 0.00 0.00 0.00 nan nan nan nan nan nan nan nan nan nan nan nan nan nan 
26.92 0.00 0.00 0.00 0.00 0.00 nan nan nan nan nan nan nan nan nan nan nan nan nan 
30.05 0.00 0.00 0.00 0.00 0.00 nan nan nan nan nan nan nan nan nan nan nan nan nan 
29.32 34.72 33.16 42.32 35.66 22.44 7.61 nan nan nan nan nan nan nan nan nan nan nan nan 
23.60 32.16 28.78 45.32 33.51 14.81 8.80 21.57 nan nan nan nan nan nan nan nan nan nan nan 
24.35 30.75 32.68 43.50 27.55 19.71 11.13 0.09 nan nan nan nan nan nan nan nan nan nan nan 
24.16 32.51 37.59 51.85 32.06 22.88 18.50 -2.44 29.54 nan nan nan nan nan nan nan nan nan nan 
25.32 28.75 35.73 35.84 26.21 23.01 12.92 -8.26 -5.94 nan nan nan nan nan nan nan nan nan nan 
22.95 33.25 36.22 54.47 28.89 18.88 11.62 0.37 1.99 3.99 nan nan nan nan nan nan nan nan nan 
29.38 33.69 26.63 34.39 32.71 24.99 13.70 5.23 -0.51 -0.46 30.05 nan nan nan nan nan nan nan nan 
25.24 32.47 37.78 42.60 36.07 24.54 12.69 11.44 -4.60 -1.18 -0.78 nan nan nan nan nan nan nan nan 
25.55 30.00 36.36 45.40 30.12 24.68 16.20 5.83 -1.33 -2.96 -4.72 29.83 nan nan nan nan nan nan nan 
32.52 31.37 36.69 44.88 36.55 22.92 16.09 8.92 3.50 -1.12 5.32 2.66 nan nan nan nan nan nan nan 
29.19 33.09 31.26 47.58 26.77 24.32 20.83 -2.24 -5.56 1.75 -3.08 -3.83 25.84 nan nan nan nan nan nan 
20.72 33.62 34.99 42.57 29.30 26.18 22.32 0.90 5.99 0.53 -4.02 1.10 4.66 nan nan nan nan nan nan 
27.25 23.93 36.00 46.95 37.40 21.63 12.56 8.08 -1.88 3.09 2.88 -2.20 -0.54 27.56 nan nan nan nan nan 
25.87 29.78 32.23 36.17 37.19 21.12 10.18 1.43 6.90 2.96 -3.47 -0.87 -3.97 -4.23 26.46 nan nan nan nan 
30.91 27.59 33.83 41.11 29.10 21.00 9.45 0.28 -4.34 -3.77 -0.01 -2.05 1.19 -6.32 -1.07 nan nan nan nan 
25.96 27.39 34.44 48.95 30.36 22.07 11.33 -3.60 -4.53 -1.64 2.53 -1.63 3.40 -0.61 2.24 0.00 nan nan nan 
25.23 29.16 34.38 44.75 31.83 21.60 1.40 5.88 -0.23 -4.96 3.17 4.27 2.54 -1.02 1.48 1.51 nan nan nan 
25.00 27.58 31.43 43.67 27.59 16.50 10.06 2.78 0.35 -4.48 1.64 0.05 -1.77 -2.02 0.76 0.15 0.00 nan nan 
0.00 0.00 0.00 0.00 0.00 0.00 0.00 0.00 0.00 0.00 0.00 0.00 0.00 0.00 0.00 0.00 0.00 0.00 nan 
0.00 0.00 0.00 0.00 0.00 0.00 0.00 0.00 0.00 0.00 0.00 0.00 0.00 0.00 0.00 0.00 0.00 0.00 nan 
0.00 0.00 0.00 0.00 0.00 0.00 0.00 0.00 0.00 0.00 0.00 0.00 0.00 0.00 0.00 0.00 0.00 nan nan 
0.00 0.00 0.00 0.00 0.00 0.00 0.00 0.00 0.00 0.00 0.00 0.00 0.00 0.00 0.00 0.00 nan nan nan 
0.00 0.00 0.00 0.00 0.00 0.00 0.00 0.00 0.00 0.00 0.00 0.00 0.00 nan nan nan nan nan nan 
0.00 0.00 0.00 0.00 0.00 0.00 0.00 0.00 0.00 0.00 nan nan nan nan nan nan nan nan nan 
0.00 0.00 0.00 0.00 0.00 0.00 nan nan nan nan nan nan nan nan nan nan nan nan nan 
