1293.81 2817.14 4063.62 5279.09 42.87 nan nan nan nan nan nan nan nan nan nan nan nan nan 
1293.81 2564.96 3816.50 4797.22 5989.64 nan nan nan nan nan nan nan nan nan nan nan nan nan 
1038.08 2311.99 3318.85 4554.05 5517.64 42.87 nan nan nan nan nan nan nan nan nan nan nan nan 
1038.08 2058.31 3068.47 4063.62 5038.92 5989.64 nan nan nan nan nan nan nan nan nan nan nan nan 
808.78 1804.01 2817.14 3816.50 4862.64 5989.85 39.24 nan nan nan nan nan nan nan nan nan nan nan 
834.81 1896.03 2971.98 3823.82 4954.96 5841.91 6777.19 nan nan nan nan nan nan nan nan nan nan nan 
889.46 1736.71 2882.51 3764.94 4958.12 5886.81 6863.64 44.66 nan nan nan nan nan nan nan nan nan nan 
941.37 1839.97 2756.61 3990.35 4953.60 5928.25 6916.79 7962.48 nan nan nan nan nan nan nan nan nan nan 
994.12 1950.39 2912.91 3904.93 4894.86 5913.42 6981.23 7713.85 51.29 nan nan nan nan nan nan nan nan nan 
719.28 1726.84 2743.55 3783.87 4821.15 5888.10 6976.39 7776.00 8937.08 nan nan nan nan nan nan nan nan nan 
753.80 1806.00 2887.05 3954.17 4712.82 5809.01 6931.48 7767.14 8974.48 52.91 nan nan nan nan nan nan nan nan 
793.10 1896.31 2653.26 3784.83 4918.68 5712.56 6895.45 7721.88 8969.61 9868.49 nan nan nan nan nan nan nan nan 
833.35 1988.20 2779.92 3962.29 4760.29 5973.64 6791.15 7682.77 8940.99 9873.31 66.82 nan nan nan nan nan nan nan 
869.15 1681.59 2885.88 3728.36 4970.23 5808.06 6686.11 7971.55 8921.49 9837.50 10805.52 nan nan nan nan nan nan nan 
899.54 1742.05 2599.33 3891.87 4753.52 5634.11 6962.75 7887.97 8817.24 9807.99 10809.96 71.93 nan nan nan nan nan nan 
934.48 1821.24 2701.50 3616.21 4932.78 5860.49 6784.27 7725.60 8697.05 9716.55 10744.81 11786.23 nan nan nan nan nan nan 
978.36 1894.04 2809.06 3757.21 4673.30 5611.20 6587.68 7565.48 8565.59 9581.71 10640.48 11711.07 75.77 nan nan nan nan nan 
542.90 1965.58 2917.34 3880.45 4852.35 5822.24 6797.59 7813.11 8855.88 9893.92 10982.67 11608.26 12721.42 nan nan nan nan nan 
570.19 1544.76 2535.98 3540.59 4533.20 5548.82 6556.07 7607.04 8672.03 9746.18 10831.84 11964.06 12609.44 84.14 nan nan nan nan 
583.50 1609.50 2625.94 3664.53 4695.42 5738.48 6778.14 7844.56 8934.42 9535.26 10685.71 11811.54 12476.81 13697.35 nan nan nan nan 
610.56 1661.92 2716.13 3784.96 4850.53 5912.28 6488.49 7577.88 8708.95 9855.03 10472.49 11661.22 12865.30 13557.17 66.85 nan nan nan 
629.07 1707.55 2812.08 3916.22 5015.96 5570.21 6680.45 7824.09 8957.29 9587.00 10796.68 11989.85 12682.45 13925.06 14635.71 nan nan nan 
646.58 1760.14 2900.29 3478.95 4599.57 5743.75 6885.53 7488.65 8678.48 9886.31 10532.71 11755.17 12460.03 13737.30 14466.35 75.86 nan nan 
642.14 1796.62 2957.93 3545.33 4712.74 5898.98 6514.09 7712.88 8942.04 9574.15 10818.18 11525.11 12786.62 13513.49 14829.16 15575.09 nan nan 
663.54 1852.90 2454.16 3653.79 4855.82 5481.33 6708.79 7941.68 8584.24 9853.59 10535.81 11821.49 12552.88 13853.94 14604.10 15958.67 85.89 nan 
685.07 1909.29 2527.98 3762.37 4386.80 5641.79 6903.59 7557.74 8830.12 9519.98 10832.08 11537.71 12864.14 13619.49 14959.13 15773.09 16555.51 nan 
706.71 1965.81 2601.92 3871.06 4512.83 5802.37 6449.72 7748.55 8445.43 9756.56 10468.74 11819.42 12546.34 13945.55 14724.34 15511.55 nan nan 
728.47 1375.68 2675.97 3979.87 4638.98 5946.98 6627.61 7960.67 8651.67 9371.42 10748.52 11484.26 12875.98 13625.37 nan nan nan nan 
750.35 1415.00 2750.14 3423.72 4765.24 5443.67 6805.61 7508.22 8880.93 9617.65 10335.25 nan nan nan nan nan nan nan 
772.34 1454.43 2824.43 3515.40 4891.62 5587.34 nan nan nan nan nan nan nan nan nan nan nan nan 
nan nan nan nan nan nan nan nan nan nan nan nan nan nan nan nan nan nan 
