29.28 0.00 0.00 0.00 0.00 0.00 nan nan nan nan nan nan nan nan nan nan nan nan nan 
31.19 32.73 32.52 44.29 34.23 22.80 11.37 nan nan nan nan nan nan nan nan nan nan nan nan 
26.40 24.89 34.98 35.35 30.44 21.68 4.90 24.53 nan nan nan nan nan nan nan nan nan nan nan 
22.95 33.83 27.30 39.73 27.45 20.00 11.47 1.43 nan nan nan nan nan nan nan nan nan nan nan 
28.36 27.46 31.17 33.52 25.93 23.22 8.10 -0.85 -0.02 nan nan nan nan nan nan nan nan nan nan 
25.42 26.22 34.07 44.54 31.85 24.58 23.52 3.26 -2.88 33.41 nan nan nan nan nan nan nan nan nan 
20.65 33.45 27.52 38.56 31.91 24.74 12.41 8.87 4.41 -4.12 nan nan nan nan nan nan nan nan nan 
29.81 32.07 37.85 45.16 31.99 25.21 12.90 11.37 -5.85 4.53 22.99 nan nan nan nan nan nan nan nan 
31.74 31.56 35.46 40.29 32.96 18.94 17.98 9.25 0.03 3.23 0.22 nan nan nan nan nan nan nan nan 
21.57 37.86 39.47 41.66 28.60 28.79 21.95 10.68 0.63 -2.92 1.94 -0.33 nan nan nan nan nan nan nan 
28.47 32.57 34.78 42.92 35.33 22.87 19.40 16.89 0.17 1.42 -1.33 1.94 21.34 nan nan nan nan nan nan 
23.93 31.30 41.83 40.63 33.45 15.93 18.19 9.23 0.79 1.96 7.59 2.80 1.56 nan nan nan nan nan nan 
27.93 33.77 35.34 38.66 29.38 21.33 17.88 5.18 5.26 0.60 -4.68 2.15 -2.17 24.03 nan nan nan nan nan 
23.94 34.76 31.22 39.91 27.09 27.91 10.42 5.30 -5.52 -3.69 -1.99 7.52 -2.86 3.19 24.30 nan nan nan nan 
31.33 27.55 35.60 40.19 34.61 17.09 17.91 12.86 2.97 -0.86 0.58 2.51 1.46 -3.77 2.58 nan nan nan nan 
32.87 29.98 32.02 44.37 32.69 21.82 15.37 -1.44 -1.05 4.03 -4.57 -0.36 3.31 7.09 4.97 0.00 nan nan nan 
22.77 30.85 36.04 44.75 33.23 19.32 10.69 -3.63 4.44 0.32 -7.78 -3.84 1.09 -2.95 1.35 -2.96 nan nan nan 
28.07 29.06 36.39 48.23 26.55 27.33 9.45 1.79 5.04 -1.42 -0.95 -3.14 0.91 -0.66 1.79 1.72 0.00 nan nan 
30.55 27.12 29.91 41.86 31.87 17.71 2.60 -1.30 -6.17 -2.84 -4.87 -3.03 2.95 -2.23 2.12 1.77 -1.55 0.00 nan 
0.00 0.00 0.00 0.00 0.00 0.00 0.00 0.00 0.00 0.00 0.00 0.00 0.00 0.00 0.00 0.00 0.00 0.00 nan 
0.00 0.00 0.00 0.00 0.00 0.00 0.00 0.00 0.00 0.00 0.00 0.00 0.00 0.00 0.00 0.00 0.00 0.00 0.00 
0.00 0.00 0.00 0.00 0.00 0.00 0.00 0.00 0.00 0.00 0.00 0.00 0.00 0.00 0.00 0.00 0.00 nan nan 
0.00 0.00 0.00 0.00 0.00 0.00 0.00 0.00 0.00 0.00 0.00 0.00 0.00 0.00 0.00 nan nan nan nan 
0.00 0.00 0.00 0.00 0.00 0.00 0.00 0.00 0.00 0.00 0.00 0.00 0.00 nan nan nan nan nan nan 
0.00 0.00 0.00 0.00 0.00 0.00 0.00 0.00 0.00 0.00 nan nan nan nan nan nan nan nan nan 
0.00 0.00 0.00 0.00 0.00 nan nan nan nan nan nan nan nan nan nan nan nan nan nan 
