30.52 32.64 35.24 37.52 30.70 19.75 10.31 nan nan nan nan nan nan nan nan nan nan nan 
30.30 27.20 31.54 39.76 30.99 21.93 11.28 nan nan nan nan nan nan nan nan nan nan nan 
28.76 37.19 32.51 39.11 29.77 18.49 8.94 30.58 nan nan nan nan nan nan nan nan nan nan 
32.82 32.16 33.53 40.16 30.33 18.58 7.15 0.01 nan nan nan nan nan nan nan nan nan nan 
26.55 32.62 35.35 41.70 32.75 22.12 7.56 0.55 26.91 nan nan nan nan nan nan nan nan nan 
26.14 31.32 35.19 40.68 35.79 22.18 8.77 -0.88 -1.27 nan nan nan nan nan nan nan nan nan 
23.73 35.14 31.75 36.57 29.25 20.36 8.03 -3.12 -0.27 33.46 nan nan nan nan nan nan nan nan 
30.90 32.23 37.32 44.10 31.54 19.57 12.12 0.65 0.40 0.32 nan nan nan nan nan nan nan nan 
31.21 36.14 39.55 48.11 30.69 26.13 16.03 11.41 -2.89 1.40 39.79 nan nan nan nan nan nan nan 
31.74 46.28 45.01 43.87 34.34 28.66 18.39 11.18 0.72 -0.99 -3.67 nan nan nan nan nan nan nan 
33.25 38.39 38.18 53.06 28.07 25.87 16.48 12.04 1.54 0.96 0.38 35.93 nan nan nan nan nan nan 
34.61 36.24 43.38 48.44 36.69 28.49 21.36 15.51 0.42 -0.73 0.20 1.41 nan nan nan nan nan nan 
41.70 41.85 49.49 47.40 30.01 24.18 20.23 10.41 2.09 -4.61 1.95 1.12 34.01 nan nan nan nan nan 
37.62 43.16 46.73 47.90 37.64 27.29 19.06 13.61 2.54 -1.37 -1.29 0.48 0.60 nan nan nan nan nan 
38.46 37.37 45.49 54.08 36.11 28.38 18.85 13.04 0.04 0.45 3.03 -0.26 3.47 33.40 nan nan nan nan 
33.41 37.97 44.11 52.54 32.48 23.18 18.52 13.60 1.33 -0.24 -0.42 -0.21 2.41 -0.52 nan nan nan nan 
38.95 41.53 44.12 46.54 30.83 28.39 21.37 16.48 -1.53 -2.49 0.33 1.26 0.02 -2.07 0.00 nan nan nan 
39.61 41.31 44.98 42.51 34.73 21.47 15.56 16.22 0.93 0.05 0.80 -1.52 2.22 1.96 0.62 nan nan nan 
26.01 29.39 38.05 47.82 30.67 20.05 14.62 1.16 -0.25 0.11 2.38 -1.51 -1.54 0.29 -2.08 0.00 nan nan 
0.00 0.00 0.00 0.00 0.00 0.00 0.00 0.00 0.00 0.00 0.00 0.00 0.00 0.00 0.00 0.00 nan nan 
0.00 0.00 0.00 0.00 0.00 0.00 0.00 0.00 0.00 0.00 0.00 0.00 0.00 0.00 0.00 0.00 0.00 nan 
0.00 0.00 0.00 0.00 0.00 0.00 0.00 0.00 0.00 0.00 0.00 0.00 0.00 0.00 0.00 0.00 0.00 nan 
0.00 0.00 0.00 0.00 0.00 0.00 0.00 0.00 0.00 0.00 0.00 0.00 0.00 0.00 0.00 0.00 0.00 nan 
0.00 0.00 0.00 0.00 0.00 0.00 0.00 0.00 0.00 0.00 0.00 0.00 0.00 0.00 nan nan nan nan 
0.00 0.00 0.00 0.00 0.00 0.00 0.00 0.00 0.00 0.00 0.00 nan nan nan nan nan nan nan 
0.00 0.00 0.00 0.00 0.00 0.00 0.00 nan nan nan nan nan nan nan nan nan nan nan 
