29.11 0.00 0.00 0.00 0.00 0.00 0.00 nan nan nan nan nan nan nan nan 
26.43 26.24 33.68 39.32 33.35 20.53 10.11 22.40 nan nan nan nan nan nan nan 
27.61 31.43 33.00 41.63 28.99 17.58 7.19 28.36 nan nan nan nan nan nan nan 
28.39 28.35 34.56 45.26 34.53 23.19 13.24 0.71 nan nan nan nan nan nan nan 
31.90 29.51 32.70 42.53 34.24 17.46 8.53 -2.09 nan nan nan nan nan nan nan 
25.30 28.88 32.82 40.28 29.67 21.02 13.28 -0.65 25.67 nan nan nan nan nan nan 
25.05 32.33 33.05 41.69 26.53 26.25 12.71 0.44 24.53 nan nan nan nan nan nan 
27.38 30.85 33.83 36.16 35.06 24.82 9.25 -1.88 -0.83 nan nan nan nan nan nan 
28.40 27.79 32.53 37.34 33.00 21.75 12.46 -0.76 0.99 30.72 nan nan nan nan nan 
28.08 35.91 36.62 46.63 32.34 22.06 10.35 1.96 1.02 24.39 nan nan nan nan nan 
28.57 34.03 33.36 40.18 29.51 24.34 8.45 1.79 -0.96 2.54 nan nan nan nan nan 
27.47 36.43 28.69 41.69 32.72 18.14 15.25 -0.33 -1.61 0.33 22.84 nan nan nan nan 
23.52 31.99 32.94 35.80 33.10 15.23 10.57 1.10 0.26 -1.14 26.08 nan nan nan nan 
24.67 28.88 31.51 41.73 28.31 24.29 6.36 1.12 -1.71 3.20 -0.09 nan nan nan nan 
25.69 33.08 34.41 41.05 31.32 22.94 9.04 0.62 -1.03 0.15 -0.29 27.55 nan nan nan 
26.20 30.86 27.51 42.28 36.49 13.37 16.12 0.09 -0.53 0.21 0.44 26.39 nan nan nan 
28.79 29.49 41.66 41.46 31.30 21.76 9.72 -2.06 -1.76 -1.38 1.46 29.89 nan nan nan 
28.81 32.96 32.20 42.43 32.50 26.83 10.21 -0.63 1.77 -3.14 -1.41 0.02 nan nan nan 
26.82 27.81 28.22 40.06 32.82 20.55 6.74 2.90 1.23 0.63 -0.48 0.92 0.00 nan nan 
23.88 30.20 34.42 33.37 30.50 20.98 11.66 -0.85 1.68 1.31 -0.61 -0.12 0.00 nan nan 
0.00 0.00 0.00 0.00 0.00 0.00 0.00 0.00 0.00 0.00 0.00 0.00 0.00 nan nan 
0.00 0.00 0.00 0.00 0.00 0.00 0.00 0.00 0.00 0.00 0.00 0.00 0.00 0.00 nan 
0.00 0.00 0.00 0.00 0.00 0.00 0.00 0.00 0.00 0.00 0.00 0.00 0.00 0.00 nan 
0.00 0.00 0.00 0.00 0.00 0.00 0.00 0.00 0.00 0.00 0.00 0.00 0.00 0.00 nan 
0.00 0.00 0.00 0.00 0.00 0.00 0.00 0.00 0.00 0.00 0.00 0.00 0.00 0.00 0.00 
0.00 0.00 0.00 0.00 0.00 0.00 0.00 0.00 0.00 0.00 0.00 0.00 0.00 nan nan 
0.00 0.00 0.00 0.00 0.00 0.00 0.00 0.00 nan nan nan nan nan nan nan 
nan nan nan nan nan nan nan nan nan nan nan nan nan nan nan 
