35.67 27.76 0.00 0.00 0.00 0.00 32.88 nan nan nan nan nan nan nan nan 
25.26 29.54 31.24 40.50 29.45 18.21 10.47 nan nan nan nan nan nan nan nan 
25.45 40.04 37.87 41.90 35.76 18.86 14.11 25.06 nan nan nan nan nan nan nan 
25.31 32.51 34.34 38.31 28.39 20.64 13.62 28.03 nan nan nan nan nan nan nan 
31.45 30.11 39.58 57.61 32.52 18.55 11.24 -0.90 nan nan nan nan nan nan nan 
27.96 32.31 31.27 36.96 32.69 27.49 8.93 -2.28 nan nan nan nan nan nan nan 
24.91 30.88 34.73 41.13 28.51 21.65 11.75 2.04 28.21 nan nan nan nan nan nan 
24.63 28.36 34.86 36.54 30.86 22.25 12.91 -4.23 26.33 nan nan nan nan nan nan 
25.22 28.67 30.80 39.34 29.44 22.21 2.64 -1.87 0.08 nan nan nan nan nan nan 
32.63 30.25 37.03 39.29 25.07 24.41 10.93 -0.80 0.27 30.65 nan nan nan nan nan 
23.89 35.17 36.67 41.62 36.39 21.87 12.68 -1.53 1.24 29.77 nan nan nan nan nan 
26.96 26.52 39.17 39.67 26.93 20.62 5.06 -1.19 -3.60 -0.17 nan nan nan nan nan 
22.73 33.81 28.97 33.75 38.96 24.53 6.93 3.26 0.40 -5.06 31.85 nan nan nan nan 
26.88 34.19 34.59 43.42 37.14 22.49 12.46 -0.15 2.56 -0.65 31.02 nan nan nan nan 
20.97 28.63 32.94 41.27 34.81 33.77 7.84 -0.99 -4.11 -0.39 -2.12 nan nan nan nan 
33.27 30.81 40.65 42.28 25.54 27.01 6.92 -1.67 -2.23 -0.64 3.46 27.97 nan nan nan 
29.85 34.99 36.56 35.42 34.63 19.15 9.20 -0.28 -1.88 -4.20 7.58 30.28 nan nan nan 
23.66 29.23 38.10 47.07 29.57 20.26 8.44 -0.02 -3.11 -0.46 -2.43 21.34 nan nan nan 
25.90 29.37 25.30 48.25 37.30 28.91 4.05 3.69 -0.09 -2.49 3.47 0.91 nan nan nan 
33.32 29.24 36.13 37.97 31.81 25.98 7.02 -3.62 6.27 2.17 2.71 -1.65 0.00 nan nan 
0.00 0.00 0.00 0.00 0.00 0.00 0.00 0.00 0.00 0.00 0.00 0.00 0.00 nan nan 
0.00 0.00 0.00 0.00 0.00 0.00 0.00 0.00 0.00 0.00 0.00 0.00 0.00 nan nan 
0.00 0.00 0.00 0.00 0.00 0.00 0.00 0.00 0.00 0.00 0.00 0.00 0.00 0.00 nan 
0.00 0.00 0.00 0.00 0.00 0.00 0.00 0.00 0.00 0.00 0.00 0.00 0.00 0.00 nan 
0.00 0.00 0.00 0.00 0.00 0.00 0.00 0.00 0.00 0.00 0.00 0.00 0.00 0.00 nan 
0.00 0.00 0.00 0.00 0.00 0.00 0.00 0.00 0.00 0.00 0.00 0.00 nan nan nan 
0.00 0.00 0.00 0.00 0.00 0.00 0.00 nan nan nan nan nan nan nan nan 
nan nan nan nan nan nan nan nan nan nan nan nan nan nan nan 
