31.76 0.00 0.00 0.00 0.00 nan nan nan nan nan nan nan nan nan 
31.76 0.00 0.00 0.00 0.00 27.33 nan nan nan nan nan nan nan nan 
31.76 0.00 0.00 0.00 0.00 27.33 nan nan nan nan nan nan nan nan 
31.76 32.56 0.00 0.00 0.00 0.00 nan nan nan nan nan nan nan nan 
31.76 32.56 0.00 0.00 0.00 0.00 nan nan nan nan nan nan nan nan 
31.76 32.56 0.00 0.00 0.00 0.00 27.33 nan nan nan nan nan nan nan 
31.76 32.56 0.00 0.00 0.00 0.00 0.00 nan nan nan nan nan nan nan 
26.33 31.28 33.62 43.77 31.65 20.02 9.20 nan nan nan nan nan nan nan 
27.54 30.92 28.92 46.55 33.04 24.39 9.95 26.26 nan nan nan nan nan nan 
28.39 27.66 32.41 49.52 29.86 23.55 13.29 27.77 nan nan nan nan nan nan 
28.11 31.36 34.09 39.27 31.20 20.94 13.59 1.92 nan nan nan nan nan nan 
29.27 27.69 33.36 39.47 25.40 20.94 9.67 0.31 nan nan nan nan nan nan 
31.17 30.36 36.20 38.43 31.59 23.18 6.85 3.46 26.21 nan nan nan nan nan 
23.90 32.65 35.90 47.14 29.46 19.60 9.94 -1.92 29.47 nan nan nan nan nan 
25.00 28.50 29.94 41.35 32.50 24.29 12.24 -1.20 -2.44 nan nan nan nan nan 
27.75 35.74 31.09 40.88 37.75 24.29 6.69 2.72 -0.65 21.59 nan nan nan nan 
27.33 29.85 26.20 42.32 31.16 18.50 13.03 -0.08 3.81 29.22 nan nan nan nan 
30.59 31.12 38.91 36.23 32.46 16.98 9.05 -0.78 -1.18 -0.23 nan nan nan nan 
31.53 30.68 34.46 48.41 29.16 21.26 8.11 0.28 1.74 3.27 27.05 nan nan nan 
30.23 30.64 35.75 42.76 30.94 23.26 8.42 -3.62 -1.76 0.75 28.04 nan nan nan 
26.48 29.56 34.56 40.77 34.95 17.05 11.97 1.40 -1.15 1.72 25.62 nan nan nan 
27.28 33.45 38.06 42.09 36.25 17.39 12.38 -1.57 -0.82 1.54 -0.27 nan nan nan 
31.30 29.75 34.86 39.53 31.48 25.87 7.24 -1.04 -3.28 0.35 0.06 25.66 nan nan 
30.87 32.75 34.06 40.91 31.05 21.16 6.49 1.77 2.26 -2.42 -1.79 26.46 nan nan 
30.69 31.82 33.36 37.46 27.49 22.23 14.09 -1.25 0.52 1.75 2.39 28.44 nan nan 
28.96 32.20 34.39 46.93 29.50 20.17 10.56 0.86 -0.90 2.89 -1.37 0.57 0.00 nan 
0.00 0.00 0.00 0.00 0.00 0.00 0.00 0.00 0.00 0.00 0.00 0.00 0.00 nan 
0.00 0.00 0.00 0.00 0.00 0.00 0.00 0.00 0.00 0.00 0.00 0.00 0.00 nan 
0.00 0.00 0.00 0.00 0.00 0.00 0.00 0.00 0.00 0.00 0.00 0.00 0.00 nan 
0.00 0.00 0.00 0.00 0.00 0.00 0.00 0.00 0.00 0.00 0.00 0.00 0.00 0.00 
0.00 0.00 0.00 0.00 0.00 0.00 0.00 0.00 0.00 0.00 0.00 0.00 0.00 0.00 
0.00 0.00 0.00 0.00 0.00 0.00 0.00 0.00 0.00 0.00 0.00 0.00 0.00 nan 
0.00 0.00 0.00 0.00 0.00 0.00 0.00 0.00 nan nan nan nan nan nan 
