0.00 0.00 0.00 0.00 0.00 0.00 nan nan nan nan nan nan nan nan nan nan nan nan nan nan 
0.00 0.00 0.00 0.00 0.00 0.00 32.18 nan nan nan nan nan nan nan nan nan nan nan nan nan 
19.27 30.29 35.10 46.21 31.67 22.57 10.10 nan nan nan nan nan nan nan nan nan nan nan nan nan 
31.31 30.97 35.56 37.30 24.09 16.35 4.14 -0.52 nan nan nan nan nan nan nan nan nan nan nan nan 
30.91 36.23 36.56 44.16 29.52 17.99 10.35 -1.12 26.18 nan nan nan nan nan nan nan nan nan nan nan 
28.08 26.51 40.28 36.72 34.49 17.77 8.56 4.47 -2.00 nan nan nan nan nan nan nan nan nan nan nan 
29.36 31.93 37.98 43.63 32.05 14.79 11.88 2.04 -2.55 -0.28 nan nan nan nan nan nan nan nan nan nan 
28.07 28.07 33.59 41.11 33.27 23.50 19.33 16.67 11.97 0.58 28.01 nan nan nan nan nan nan nan nan nan 
20.60 40.44 40.01 40.64 26.88 29.08 18.41 17.29 8.48 3.44 -0.21 nan nan nan nan nan nan nan nan nan 
20.66 35.20 47.63 43.12 34.38 27.48 19.57 16.83 8.64 -2.49 0.88 -0.33 nan nan nan nan nan nan nan nan 
30.98 32.16 40.88 46.01 38.53 32.13 23.74 12.82 6.82 -3.92 -0.99 3.26 22.88 nan nan nan nan nan nan nan 
23.86 32.71 46.94 40.28 27.74 24.02 19.08 20.96 12.35 1.09 -0.76 -1.65 3.28 28.44 nan nan nan nan nan nan 
19.70 29.40 40.36 45.63 30.26 30.84 24.38 14.54 9.59 -0.13 -1.52 -4.95 -1.88 1.48 nan nan nan nan nan nan 
25.81 31.39 35.11 46.92 36.54 23.01 17.52 14.01 9.44 -3.05 -5.24 -1.19 0.22 -7.17 24.43 nan nan nan nan nan 
25.20 29.36 45.07 44.30 33.26 22.10 21.62 13.06 6.06 -3.17 2.80 -1.45 0.29 -2.25 2.87 23.45 nan nan nan nan 
27.49 29.42 38.49 41.93 28.92 20.99 16.12 11.58 8.36 -5.96 -2.86 2.77 2.23 3.15 0.98 4.31 nan nan nan nan 
21.82 28.07 38.09 40.95 27.93 22.35 17.98 15.31 9.10 4.65 -2.27 0.12 0.44 3.15 -2.59 -2.48 0.00 nan nan nan 
24.74 30.85 31.26 39.34 29.64 23.25 11.55 -1.13 0.69 -3.89 -2.86 -5.42 4.88 -5.80 4.28 1.27 -0.71 0.00 nan nan 
28.71 35.78 35.59 33.64 34.57 24.36 12.50 -5.48 -1.08 1.76 2.38 -1.47 -4.19 -3.41 -0.70 4.43 -7.07 3.54 0.00 nan 
24.95 34.90 31.10 44.25 26.61 24.11 10.62 1.55 -0.72 4.84 1.11 2.00 3.39 -0.44 -2.00 -4.41 -2.53 0.65 0.00 nan 
0.00 0.00 0.00 0.00 0.00 0.00 0.00 0.00 0.00 0.00 0.00 0.00 0.00 0.00 0.00 0.00 0.00 0.00 0.00 0.00 
0.00 0.00 0.00 0.00 0.00 0.00 0.00 0.00 0.00 0.00 0.00 0.00 0.00 0.00 0.00 0.00 0.00 0.00 nan nan 
0.00 0.00 0.00 0.00 0.00 0.00 0.00 0.00 0.00 0.00 0.00 0.00 0.00 0.00 0.00 0.00 nan nan nan nan 
0.00 0.00 0.00 0.00 0.00 0.00 0.00 0.00 0.00 0.00 0.00 0.00 0.00 0.00 nan nan nan nan nan nan 
0.00 0.00 0.00 0.00 0.00 0.00 0.00 0.00 0.00 0.00 0.00 0.00 nan nan nan nan nan nan nan nan 
0.00 0.00 0.00 0.00 0.00 0.00 0.00 0.00 0.00 nan nan nan nan nan nan nan nan nan nan nan 
0.00 0.00 0.00 0.00 nan nan nan nan nan nan nan nan nan nan nan nan nan nan nan nan 
