0.00 0.00 0.00 0.00 0.00 0.00 nan nan nan nan nan nan nan nan nan nan nan nan nan nan 
0.00 0.00 0.00 0.00 0.00 0.00 28.29 nan nan nan nan nan nan nan nan nan nan nan nan nan 
28.16 26.47 33.43 39.16 28.59 18.05 5.79 nan nan nan nan nan nan nan nan nan nan nan nan nan 
27.99 32.34 31.22 41.81 32.89 18.35 8.33 -2.20 nan nan nan nan nan nan nan nan nan nan nan nan 
26.28 31.92 32.66 39.84 29.63 20.60 7.09 -2.89 24.62 nan nan nan nan nan nan nan nan nan nan nan 
29.49 34.65 30.29 38.82 34.78 16.57 8.73 -0.35 1.03 nan nan nan nan nan nan nan nan nan nan nan 
26.14 30.27 37.26 42.72 29.98 18.71 10.32 0.32 -1.39 -1.38 nan nan nan nan nan nan nan nan nan nan 
24.81 31.15 38.20 49.57 30.16 25.90 19.73 12.67 8.88 -0.69 27.55 nan nan nan nan nan nan nan nan nan 
20.79 32.43 43.51 42.86 33.50 28.18 21.51 10.88 8.42 2.15 0.32 nan nan nan nan nan nan nan nan nan 
26.68 37.58 41.81 47.72 26.52 28.07 17.36 13.34 7.82 -0.82 4.07 -0.02 nan nan nan nan nan nan nan nan 
23.06 28.57 37.99 48.78 30.37 25.02 19.76 16.15 7.57 -0.52 -0.17 -0.03 26.38 nan nan nan nan nan nan nan 
21.81 33.64 44.03 32.72 32.96 27.15 18.68 14.26 4.91 -1.45 -0.45 -0.69 -0.12 21.84 nan nan nan nan nan nan 
23.04 31.72 37.25 44.88 25.42 21.73 16.84 12.78 6.97 0.73 -0.79 -1.42 -0.71 -0.28 nan nan nan nan nan nan 
25.14 33.61 39.07 47.66 30.64 26.37 20.56 14.73 9.48 0.65 1.28 -0.86 1.01 2.28 25.21 nan nan nan nan nan 
28.79 30.39 38.92 42.16 30.13 26.93 21.49 11.55 5.32 -0.37 1.44 0.11 1.04 2.63 2.35 26.98 nan nan nan nan 
26.76 30.22 36.61 46.65 33.07 26.98 19.32 12.42 8.68 0.98 0.76 1.35 -0.88 -1.32 -1.21 0.27 nan nan nan nan 
27.42 31.39 40.26 42.66 31.98 21.30 22.64 14.41 9.19 -2.63 -0.78 0.29 -0.01 -1.28 0.44 1.53 0.00 nan nan nan 
31.20 32.41 36.28 46.64 35.29 24.02 12.70 -1.89 2.06 -2.76 -1.08 -0.57 -1.92 1.74 1.13 -0.09 -2.27 0.00 nan nan 
22.74 30.73 38.11 41.06 28.14 17.38 10.80 0.63 -0.97 -2.15 -2.05 1.32 0.65 0.28 0.21 0.64 1.50 -1.30 0.00 nan 
33.53 32.91 33.17 39.19 26.01 23.77 13.31 -0.50 -0.89 -1.34 -1.66 0.46 0.04 -0.53 0.89 -1.32 -0.31 -0.66 0.00 nan 
0.00 0.00 0.00 0.00 0.00 0.00 0.00 0.00 0.00 0.00 0.00 0.00 0.00 0.00 0.00 0.00 0.00 0.00 0.00 0.00 
0.00 0.00 0.00 0.00 0.00 0.00 0.00 0.00 0.00 0.00 0.00 0.00 0.00 0.00 0.00 0.00 0.00 0.00 nan nan 
0.00 0.00 0.00 0.00 0.00 0.00 0.00 0.00 0.00 0.00 0.00 0.00 0.00 0.00 0.00 0.00 0.00 nan nan nan 
0.00 0.00 0.00 0.00 0.00 0.00 0.00 0.00 0.00 0.00 0.00 0.00 0.00 0.00 0.00 nan nan nan nan nan 
0.00 0.00 0.00 0.00 0.00 0.00 0.00 0.00 0.00 0.00 0.00 0.00 nan nan nan nan nan nan nan nan 
0.00 0.00 0.00 0.00 0.00 0.00 0.00 0.00 0.00 nan nan nan nan nan nan nan nan nan nan nan 
0.00 0.00 0.00 0.00 0.00 nan nan nan nan nan nan nan nan nan nan nan nan nan nan nan 
