0.00 0.00 0.00 0.00 28.98 nan nan nan nan nan nan nan nan nan nan nan nan nan 
0.00 0.00 0.00 0.00 0.00 nan nan nan nan nan nan nan nan nan nan nan nan nan 
27.55 0.00 0.00 0.00 0.00 28.98 nan nan nan nan nan nan nan nan nan nan nan nan 
27.55 0.00 0.00 0.00 0.00 0.00 nan nan nan nan nan nan nan nan nan nan nan nan 
28.61 0.00 0.00 0.00 0.00 0.00 29.87 nan nan nan nan nan nan nan nan nan nan nan 
29.99 27.50 34.94 36.81 32.62 25.52 12.16 nan nan nan nan nan nan nan nan nan nan nan 
24.07 30.75 34.21 39.04 28.32 25.59 8.15 20.90 nan nan nan nan nan nan nan nan nan nan 
24.94 32.98 34.37 38.92 21.26 11.70 11.69 -1.01 nan nan nan nan nan nan nan nan nan nan 
34.46 35.48 33.74 38.84 40.23 20.74 7.76 1.72 25.81 nan nan nan nan nan nan nan nan nan 
28.20 33.72 32.76 41.89 27.88 18.93 11.19 -1.31 2.21 nan nan nan nan nan nan nan nan nan 
30.50 33.76 30.24 40.26 31.74 24.17 6.90 1.06 -6.56 35.64 nan nan nan nan nan nan nan nan 
26.32 37.05 34.60 40.38 25.85 21.79 14.37 4.74 3.01 -1.92 nan nan nan nan nan nan nan nan 
27.32 36.04 47.51 38.41 42.30 23.09 7.33 13.04 -0.45 -1.86 35.74 nan nan nan nan nan nan nan 
34.50 39.97 44.97 54.02 32.43 24.86 13.33 13.15 0.35 -0.78 -4.04 nan nan nan nan nan nan nan 
39.18 43.01 41.41 47.15 30.24 17.77 14.85 14.04 2.38 2.10 -2.40 36.88 nan nan nan nan nan nan 
33.41 41.95 42.50 49.38 38.31 22.08 15.86 19.12 8.54 2.75 2.04 -3.20 nan nan nan nan nan nan 
31.44 39.35 44.65 51.61 43.38 23.60 20.55 14.45 8.18 -3.50 -1.39 5.17 39.08 nan nan nan nan nan 
35.28 35.18 44.80 42.68 33.58 25.37 21.09 16.11 0.97 -1.42 -3.33 5.23 -0.44 nan nan nan nan nan 
31.17 41.10 43.08 38.45 39.95 31.93 26.50 13.62 8.09 5.56 1.07 1.85 -4.18 27.62 nan nan nan nan 
35.01 34.30 47.15 50.12 27.64 23.11 19.79 10.85 -1.26 1.55 4.45 -2.76 1.00 -0.31 nan nan nan nan 
41.79 39.37 46.92 42.18 34.51 19.67 18.47 18.94 -4.70 -0.97 -2.55 0.77 0.74 4.57 0.00 nan nan nan 
31.60 37.27 36.86 45.78 30.86 27.69 19.26 16.17 0.87 2.35 0.33 6.53 2.55 -3.17 -2.40 nan nan nan 
24.66 37.71 31.73 40.05 32.95 25.21 12.58 -0.33 -2.06 -2.19 -0.65 -0.67 4.88 2.25 -4.80 0.00 nan nan 
25.85 34.89 33.29 47.99 33.19 20.89 13.19 1.03 -1.25 1.18 -0.23 0.00 -1.13 0.00 5.81 5.18 nan nan 
0.00 0.00 0.00 0.00 0.00 0.00 0.00 0.00 0.00 0.00 0.00 0.00 0.00 0.00 0.00 0.00 0.00 nan 
0.00 0.00 0.00 0.00 0.00 0.00 0.00 0.00 0.00 0.00 0.00 0.00 0.00 0.00 0.00 0.00 0.00 nan 
0.00 0.00 0.00 0.00 0.00 0.00 0.00 0.00 0.00 0.00 0.00 0.00 0.00 0.00 0.00 0.00 0.00 nan 
0.00 0.00 0.00 0.00 0.00 0.00 0.00 0.00 0.00 0.00 0.00 0.00 0.00 0.00 0.00 nan nan nan 
0.00 0.00 0.00 0.00 0.00 0.00 0.00 0.00 0.00 0.00 0.00 0.00 nan nan nan nan nan nan 
0.00 0.00 0.00 0.00 0.00 0.00 0.00 0.00 0.00 nan nan nan nan nan nan nan nan nan 
0.00 0.00 nan nan nan nan nan nan nan nan nan nan nan nan nan nan nan nan 
