27.48 34.18 31.89 38.01 31.97 20.59 9.23 nan nan nan nan nan nan nan nan nan 
26.99 36.40 36.13 40.92 23.82 19.76 9.65 30.96 nan nan nan nan nan nan nan nan 
26.06 31.63 34.86 43.08 27.32 18.19 10.66 25.55 nan nan nan nan nan nan nan nan 
26.85 35.79 35.05 44.00 26.82 20.59 8.57 1.98 nan nan nan nan nan nan nan nan 
29.73 29.18 36.29 44.85 29.74 20.54 11.95 -0.20 30.25 nan nan nan nan nan nan nan 
32.56 31.95 36.97 43.14 33.91 24.00 13.58 -0.58 0.54 nan nan nan nan nan nan nan 
24.39 32.49 31.48 36.82 29.82 21.36 10.02 0.39 0.56 nan nan nan nan nan nan nan 
22.42 31.33 33.41 42.15 33.19 25.36 10.94 -1.75 -1.91 37.46 nan nan nan nan nan nan 
24.93 27.93 29.43 44.68 34.41 19.75 11.27 1.45 0.79 -1.95 nan nan nan nan nan nan 
35.74 34.86 40.59 35.55 33.73 22.58 15.91 -1.17 0.34 -0.25 33.83 nan nan nan nan nan 
29.70 44.16 39.41 39.58 26.64 24.96 12.76 1.33 0.87 1.93 34.88 nan nan nan nan nan 
38.15 35.74 40.33 44.18 33.54 22.72 9.52 -1.22 0.33 -2.93 1.03 nan nan nan nan nan 
32.59 38.55 41.37 43.57 30.59 25.35 14.30 -2.95 2.04 -0.84 -1.22 34.14 nan nan nan nan 
33.56 36.09 39.90 43.14 30.06 21.88 8.21 -2.53 1.39 0.61 -0.15 36.05 nan nan nan nan 
31.75 37.04 35.25 43.94 35.53 20.97 12.00 0.54 -0.81 -0.65 1.03 3.33 nan nan nan nan 
37.31 37.05 36.28 41.63 37.61 21.92 14.98 -0.29 -1.24 3.54 -1.44 -0.22 33.73 nan nan nan 
36.51 35.13 41.59 38.20 30.26 21.52 15.84 1.58 0.91 -0.12 -1.04 -1.97 28.38 nan nan nan 
32.29 36.63 37.41 47.52 27.35 23.76 16.18 -0.43 -0.94 1.35 -1.37 1.28 0.15 nan nan nan 
39.23 34.05 43.48 38.82 26.00 24.38 9.34 -1.90 1.24 -0.33 -2.59 1.67 1.68 0.00 nan nan 
0.00 0.00 0.00 0.00 0.00 0.00 0.00 0.00 0.00 0.00 0.00 0.00 0.00 0.00 nan nan 
0.00 0.00 0.00 0.00 0.00 0.00 0.00 0.00 0.00 0.00 0.00 0.00 0.00 0.00 0.00 nan 
0.00 0.00 0.00 0.00 0.00 0.00 0.00 0.00 0.00 0.00 0.00 0.00 0.00 0.00 0.00 nan 
0.00 0.00 0.00 0.00 0.00 0.00 0.00 0.00 0.00 0.00 0.00 0.00 0.00 0.00 0.00 nan 
0.00 0.00 0.00 0.00 0.00 0.00 0.00 0.00 0.00 0.00 0.00 0.00 0.00 0.00 0.00 nan 
0.00 0.00 0.00 0.00 0.00 0.00 0.00 0.00 0.00 0.00 0.00 0.00 nan nan nan nan 
0.00 0.00 0.00 0.00 0.00 0.00 0.00 0.00 nan nan nan nan nan nan nan nan 
nan nan nan nan nan nan nan nan nan nan nan nan nan nan nan nan 
