30.92 0.00 0.00 0.00 0.00 nan nan nan nan nan nan nan nan nan nan nan nan nan nan 
30.92 0.00 0.00 0.00 0.00 0.00 nan nan nan nan nan nan nan nan nan nan nan nan nan 
32.79 0.00 0.00 0.00 0.00 0.00 nan nan nan nan nan nan nan nan nan nan nan nan nan 
27.75 32.99 27.86 46.66 34.92 20.06 7.53 nan nan nan nan nan nan nan nan nan nan nan nan 
26.37 24.78 35.15 40.65 30.56 14.02 6.82 25.21 nan nan nan nan nan nan nan nan nan nan nan 
29.69 32.72 31.76 49.96 24.63 20.07 7.82 -3.32 nan nan nan nan nan nan nan nan nan nan nan 
28.14 29.25 31.76 42.00 30.49 18.76 15.74 0.00 27.25 nan nan nan nan nan nan nan nan nan nan 
30.60 25.48 30.42 50.24 34.68 22.35 8.56 1.91 2.27 nan nan nan nan nan nan nan nan nan nan 
23.20 32.00 31.71 37.30 29.42 15.59 6.82 -3.11 -3.97 2.30 nan nan nan nan nan nan nan nan nan 
35.85 30.78 30.59 39.45 34.34 18.23 6.36 2.37 2.22 2.09 25.31 nan nan nan nan nan nan nan nan 
21.78 40.81 42.32 41.02 40.34 27.69 16.07 13.95 3.42 0.22 2.75 nan nan nan nan nan nan nan nan 
22.98 30.89 34.90 47.41 29.16 31.54 23.66 12.65 9.01 2.25 4.10 29.17 nan nan nan nan nan nan nan 
24.63 38.72 36.95 46.24 29.61 28.53 18.49 12.57 11.11 -0.61 1.53 2.62 nan nan nan nan nan nan nan 
29.66 30.24 40.01 43.23 29.46 22.98 21.25 15.27 13.09 -2.61 -0.75 -5.22 30.36 nan nan nan nan nan nan 
27.27 29.55 38.44 41.79 33.55 28.16 14.70 12.32 6.97 -1.17 3.99 2.30 6.90 nan nan nan nan nan nan 
35.89 37.70 43.11 41.39 26.71 26.28 19.10 13.67 12.84 -1.65 1.07 -2.85 6.75 24.40 nan nan nan nan nan 
33.54 35.12 47.53 46.73 31.00 26.32 21.13 18.04 8.07 0.93 2.62 4.01 0.25 -0.31 30.84 nan nan nan nan 
23.70 24.01 39.86 44.83 29.62 25.71 25.60 10.94 11.15 -3.51 1.28 1.04 -0.23 2.05 4.86 nan nan nan nan 
28.95 32.62 36.00 45.36 35.87 27.76 21.24 19.62 9.59 1.13 0.49 -3.78 1.88 -0.52 0.73 0.00 nan nan nan 
29.42 30.23 34.21 46.29 38.17 26.44 24.29 12.53 5.63 5.25 -0.84 -0.47 0.50 -5.46 -0.51 -5.74 nan nan nan 
30.30 26.50 38.14 35.60 21.33 20.56 17.39 -0.30 -0.72 -0.92 -4.60 -0.53 -1.10 2.27 -2.61 -4.57 0.00 nan nan 
21.11 33.39 38.32 40.22 30.81 22.62 15.49 1.10 3.40 -3.40 -5.02 2.97 -1.72 -2.56 0.54 -1.24 6.73 0.00 nan 
0.00 0.00 0.00 0.00 0.00 0.00 0.00 0.00 0.00 0.00 0.00 0.00 0.00 0.00 0.00 0.00 0.00 0.00 nan 
0.00 0.00 0.00 0.00 0.00 0.00 0.00 0.00 0.00 0.00 0.00 0.00 0.00 0.00 0.00 0.00 0.00 0.00 0.00 
0.00 0.00 0.00 0.00 0.00 0.00 0.00 0.00 0.00 0.00 0.00 0.00 0.00 0.00 0.00 0.00 0.00 nan nan 
0.00 0.00 0.00 0.00 0.00 0.00 0.00 0.00 0.00 0.00 0.00 0.00 0.00 0.00 0.00 nan nan nan nan 
0.00 0.00 0.00 0.00 0.00 0.00 0.00 0.00 0.00 0.00 0.00 0.00 nan nan nan nan nan nan nan 
0.00 0.00 0.00 0.00 0.00 0.00 0.00 0.00 0.00 nan nan nan nan nan nan nan nan nan nan 
0.00 0.00 nan nan nan nan nan nan nan nan nan nan nan nan nan nan nan nan nan 
