# Vol_scan Display Grid (processed)
# Grid size: 30 x 29
# Format: reflectivity
# Ref point: (-43000.000000, 165000.000000)
# Grid res: 1000.000000 meters
0.000 0.000 0.000 0.000 0.000 0.000 0.000 0.000 0.000 0.000 0.000 0.000 0.000 0.000 0.000 0.000 0.000 0.000 0.000 0.000 0.000 0.000 0.000 0.000 0.000 0.000 0.000 0.000 0.000 
0.000 0.000 0.000 0.000 0.000 0.000 0.000 0.000 0.000 0.000 0.000 0.000 0.000 0.000 0.000 0.000 0.000 -0.000 0.000 0.000 0.000 0.000 0.000 0.000 0.000 0.000 0.000 0.000 0.000 
0.000 0.000 0.000 0.000 0.000 0.000 0.000 0.000 0.000 0.000 0.000 0.000 0.000 -0.000 0.000 0.000 0.000 0.000 0.000 -0.000 0.000 0.000 0.000 0.000 0.000 0.000 0.000 0.000 0.000 
0.000 0.000 0.000 0.000 0.000 0.000 0.000 0.000 0.000 0.000 0.000 -0.000 2.855 21.486 24.190 23.048 26.155 22.877 0.000 0.000 -0.000 0.000 0.000 0.000 0.000 0.000 0.000 0.000 0.000 
0.000 0.000 0.000 0.000 0.000 0.000 0.000 0.000 0.000 0.000 10.230 23.445 26.232 27.906 27.498 29.886 27.955 29.175 27.036 24.651 23.717 0.000 0.000 0.000 0.000 0.000 0.000 0.000 0.000 
0.000 0.000 0.000 0.000 0.000 0.000 0.000 0.000 0.000 25.392 26.775 28.095 27.579 28.168 27.240 28.321 27.689 27.207 26.864 28.418 28.713 23.809 0.000 0.000 0.000 0.000 0.000 0.000 0.000 
0.000 0.000 0.000 0.000 0.000 -0.000 -0.000 0.000 24.035 29.233 29.015 29.088 27.864 27.066 28.900 27.387 27.889 28.464 27.836 28.016 27.958 28.681 24.997 0.000 0.000 0.000 0.000 0.000 0.000 
0.000 0.000 0.000 0.000 0.000 0.000 0.000 21.775 26.966 27.931 25.645 27.205 27.903 27.799 28.377 29.726 27.981 30.737 27.600 26.986 28.301 27.807 26.713 24.285 0.000 0.000 0.000 0.000 0.000 
0.000 0.000 0.000 0.000 0.000 0.000 2.691 27.804 26.980 28.545 25.886 28.695 28.271 29.029 28.604 27.613 28.992 28.010 28.469 28.847 29.665 26.213 28.727 28.431 21.372 -0.000 0.000 0.000 0.000 
0.000 0.000 -0.000 0.000 0.000 0.000 11.358 29.055 28.014 28.012 29.820 28.181 28.548 29.410 28.102 27.716 27.488 28.511 29.458 28.653 26.436 27.484 27.824 29.280 26.158 0.000 -0.000 0.000 0.000 
0.000 0.000 0.000 0.000 0.000 0.002 30.132 27.110 28.867 27.446 27.750 29.564 26.764 27.859 29.497 27.106 28.583 28.931 26.918 27.333 28.430 27.451 28.317 27.109 28.243 0.000 0.000 0.000 0.000 
0.000 0.000 0.000 -0.000 0.000 0.002 29.584 28.494 28.465 28.018 27.859 28.120 27.845 25.798 27.430 26.176 26.112 27.953 29.673 29.724 27.882 26.681 28.388 28.407 29.207 24.874 0.000 0.000 0.000 
0.000 0.000 0.000 0.000 0.000 11.276 27.703 28.848 28.501 28.529 26.751 28.883 27.425 27.998 29.033 28.647 28.839 28.165 29.737 29.147 28.908 29.080 27.297 29.085 29.571 20.273 0.000 0.000 0.000 
0.000 0.000 0.000 -0.000 0.000 6.148 27.912 28.140 28.417 28.243 28.416 27.771 26.823 32.502 42.117 39.997 41.193 41.353 29.571 27.952 26.566 27.247 27.227 26.880 27.842 29.718 0.000 0.000 0.000 
0.000 0.000 0.000 0.000 0.000 0.152 28.001 29.182 27.358 27.588 29.892 27.466 42.428 42.863 46.734 45.987 43.287 42.416 43.140 25.605 26.821 26.988 27.704 26.688 27.888 27.142 0.000 0.000 0.000 
0.000 0.000 0.000 0.000 0.000 0.104 26.739 27.379 28.739 26.512 27.516 40.757 45.100 43.991 44.977 44.708 44.252 45.347 43.680 45.047 28.385 28.306 26.410 28.310 26.495 23.013 0.000 0.000 0.000 
0.000 0.000 0.000 0.000 0.002 0.001 25.835 29.367 30.258 26.957 27.644 41.845 46.776 43.673 45.614 45.197 44.302 43.341 44.501 47.330 25.507 27.965 28.066 27.884 28.818 0.000 0.000 0.000 0.000 
0.000 0.000 0.000 0.000 0.084 0.000 25.140 25.321 28.816 25.838 26.465 46.021 46.558 47.100 44.859 44.723 44.733 42.290 43.866 45.526 46.222 29.713 26.314 27.150 28.194 0.000 0.000 0.000 0.000 
0.000 0.000 0.000 0.000 5.800 0.060 0.079 28.513 27.395 27.805 28.141 45.069 45.233 44.858 46.145 42.912 42.960 43.657 44.319 43.432 28.398 28.580 27.673 27.621 0.000 0.000 0.000 0.000 0.000 
0.000 0.000 0.000 0.000 0.000 6.770 6.088 28.616 28.629 27.429 34.809 45.303 43.543 43.907 43.397 45.598 45.743 45.376 44.796 44.172 26.690 28.798 29.295 24.932 0.000 0.000 0.000 0.000 0.000 
0.000 0.000 0.000 0.000 0.000 8.090 5.250 0.058 29.093 26.245 27.844 44.179 44.712 45.580 44.324 45.563 43.459 45.597 45.690 45.480 40.518 29.096 24.384 -0.000 0.000 0.000 0.000 0.000 0.000 
0.000 0.000 0.000 0.000 0.000 0.000 4.710 6.826 14.375 26.746 27.544 41.785 44.826 43.428 45.430 44.374 42.253 43.473 46.230 41.292 27.961 23.396 0.000 0.000 0.000 0.000 0.000 0.000 0.000 
0.000 0.000 0.000 0.000 0.000 0.000 0.000 4.710 4.580 4.473 25.898 24.939 39.168 42.143 43.400 45.230 46.182 46.404 41.184 24.792 26.577 0.000 -0.000 0.000 0.000 0.000 0.000 0.000 0.000 
0.000 0.000 0.000 0.000 0.000 0.000 0.000 0.000 7.700 6.190 8.054 0.000 0.071 28.637 42.247 40.361 40.393 21.477 19.259 0.001 0.000 0.000 -0.000 0.000 0.000 0.000 0.000 0.000 0.000 
0.000 0.000 0.000 0.000 0.000 0.000 0.000 0.000 0.000 0.000 6.730 0.043 0.002 0.000 0.000 0.001 0.000 0.000 0.000 0.000 0.000 0.000 0.000 0.000 0.000 0.000 0.000 0.000 0.000 
0.000 0.000 0.000 0.000 0.000 0.000 0.000 0.000 0.000 0.000 0.000 0.000 0.000 0.000 0.000 0.000 0.000 -0.000 0.000 0.000 0.000 0.000 0.000 0.000 0.000 0.000 0.000 0.000 0.000 
0.000 0.000 0.000 0.000 0.000 0.000 0.000 0.000 0.000 0.000 0.000 0.000 0.000 0.000 0.000 0.000 0.000 0.000 0.000 -0.000 0.000 0.000 0.000 0.000 0.000 0.000 0.000 0.000 0.000 
0.000 0.000 0.000 0.000 0.000 0.000 0.000 0.000 0.000 0.000 0.000 0.000 0.000 0.000 0.000 0.000 0.000 0.000 0.000 0.000 -0.000 0.000 0.000 0.000 0.000 0.000 0.000 0.000 0.000 
0.000 0.000 0.000 0.000 0.000 0.000 0.000 0.000 0.000 0.000 0.000 0.000 0.000 0.000 0.000 -0.000 0.000 0.000 0.000 0.000 0.000 0.000 0.000 0.000 0.000 0.000 0.000 0.000 0.000 
0.000 0.000 0.000 0.000 0.000 0.000 0.000 0.000 0.000 0.000 0.000 0.000 0.000 0.000 0.000 0.000 0.000 0.000 0.000 0.000 0.000 0.000 0.000 0.000 0.000 0.000 0.000 0.000 0.000 
