# Vol_scan Display Grid (processed)
# Grid size: 42 x 27
# Format: reflectivity
# Ref point: (-49000.000000, 166000.000000)
# Grid res: 1000.000000 meters
0.000 0.000 0.000 0.000 0.000 0.000 0.000 0.000 0.000 0.000 0.000 0.000 0.000 0.000 0.000 0.000 0.000 0.000 0.000 -0.000 -0.000 0.000 0.000 0.000 0.000 0.000 0.000 
0.000 0.000 0.000 0.000 0.000 0.000 0.000 0.000 0.000 0.000 0.000 0.000 0.000 0.000 0.000 0.000 0.000 -0.000 0.000 0.000 0.000 0.000 0.000 0.000 0.000 0.000 0.000 
0.000 0.000 0.000 0.000 0.000 0.000 0.000 0.000 0.000 0.000 0.000 0.000 0.000 0.000 0.000 0.000 0.000 -0.000 0.000 0.000 -0.000 0.000 0.000 0.000 0.000 0.000 0.000 
0.000 0.000 0.000 0.000 0.000 0.000 0.000 0.000 0.000 0.000 0.000 -0.000 -0.000 0.000 0.000 0.000 0.000 0.000 0.000 0.000 -0.000 0.000 0.000 0.000 0.000 0.000 0.000 
0.000 0.000 -0.000 0.000 0.000 0.000 0.000 0.000 -0.000 0.000 0.000 0.000 0.000 0.000 -0.000 -0.000 -0.000 0.000 0.000 0.000 0.000 -0.000 0.000 0.000 0.000 0.000 0.000 
0.000 -0.000 0.000 -0.000 0.000 0.000 0.000 0.000 0.000 -0.000 0.000 0.000 0.000 0.000 0.000 0.000 0.000 0.000 0.000 -0.000 -0.000 0.000 0.000 0.000 0.000 0.000 0.000 
0.000 -0.000 0.000 0.000 0.000 -0.000 0.000 0.000 0.000 0.000 0.000 0.000 0.000 -0.000 0.000 0.000 0.000 0.000 0.000 0.000 0.000 0.000 0.000 0.000 0.000 0.000 0.000 
0.000 0.000 0.000 0.000 0.000 0.000 0.000 0.000 0.000 0.000 0.000 0.000 -0.000 0.000 0.000 0.000 0.000 0.000 0.000 -0.000 0.000 -0.000 0.000 0.000 0.000 0.000 0.000 
0.000 0.000 0.000 0.000 -0.000 0.000 -0.000 0.000 0.000 -0.000 0.000 0.000 26.679 0.004 0.000 0.000 -0.000 -0.000 0.000 0.000 0.000 0.000 -0.000 0.000 0.000 0.000 0.000 
0.000 0.000 0.000 0.000 -0.000 0.000 0.000 0.000 0.000 -0.000 0.000 24.540 24.308 0.002 -0.000 0.000 0.000 -0.000 0.000 0.000 0.000 -0.000 0.000 0.000 0.000 0.000 0.000 
0.000 0.000 -0.000 -0.000 0.000 -0.000 0.000 0.000 0.000 0.000 0.000 0.004 25.162 0.003 0.000 0.000 0.000 0.000 36.129 32.199 0.000 -0.000 0.000 0.000 0.000 0.000 0.000 
0.000 0.000 0.000 0.000 0.000 0.000 0.000 0.000 0.000 0.000 0.000 0.004 25.162 36.134 32.323 33.167 35.590 33.994 35.022 31.778 0.003 0.000 0.000 0.000 0.000 0.000 0.000 
0.000 0.000 0.000 0.000 0.000 -0.000 0.000 -0.000 0.000 34.234 34.105 32.960 35.354 36.134 32.323 32.747 33.964 35.107 36.073 36.485 24.734 0.000 -0.000 0.000 0.000 0.000 0.000 
0.000 0.000 0.000 0.000 0.000 -0.000 34.744 33.055 35.306 33.491 35.027 32.619 31.436 33.894 34.046 32.747 33.964 35.107 33.225 33.181 33.576 32.464 29.662 0.000 0.000 0.000 0.000 
0.000 0.000 0.000 0.000 0.000 -0.000 34.744 33.055 33.335 35.358 33.764 31.961 33.882 33.222 35.458 35.217 33.362 35.851 36.739 35.206 33.576 35.460 37.584 0.000 0.000 0.000 0.000 
0.000 0.000 0.000 -0.000 -0.000 0.000 28.465 35.915 33.335 34.771 33.638 34.722 32.859 34.965 35.656 35.722 33.282 34.652 35.784 34.011 33.051 35.460 37.584 0.000 0.000 0.000 0.000 
0.000 0.000 0.000 0.000 33.732 33.397 34.271 33.876 34.338 35.916 35.447 34.722 32.859 34.965 35.656 35.384 33.314 31.424 33.731 35.223 34.176 33.912 34.880 36.177 0.000 0.000 0.000 
0.000 0.000 0.000 0.000 0.000 32.863 34.350 31.850 32.246 34.999 33.723 35.563 37.292 33.233 33.618 35.384 34.333 35.472 34.931 32.916 34.248 33.255 36.669 34.889 0.000 0.000 0.000 
0.000 0.000 0.000 0.000 0.000 32.863 34.350 31.850 34.226 34.378 32.928 35.143 35.146 34.652 34.583 35.105 33.344 34.958 33.438 32.916 34.248 33.255 36.669 34.889 0.000 0.000 0.000 
0.000 0.000 0.000 0.000 0.000 34.380 32.818 33.911 33.324 33.374 32.928 35.143 35.146 36.435 36.557 34.727 34.442 36.980 34.462 35.478 33.356 35.151 34.247 36.818 0.114 0.000 0.000 
0.000 0.000 0.000 0.000 34.014 34.644 31.974 34.406 33.939 34.316 33.813 34.155 34.279 36.435 36.557 34.727 34.442 36.980 35.554 32.152 33.594 35.337 34.064 35.206 1.229 0.000 0.000 
0.000 0.000 0.000 0.000 34.014 34.644 31.974 34.406 35.425 35.001 35.037 43.277 38.905 34.925 38.254 37.717 35.230 42.059 36.976 35.305 33.594 35.337 34.064 35.206 1.229 0.000 0.000 
0.000 0.000 0.000 0.000 0.000 35.229 34.188 32.300 31.939 34.866 40.531 43.277 38.905 34.925 38.254 37.717 37.887 40.001 39.474 34.314 33.961 34.321 36.943 33.847 36.741 0.000 0.000 
0.000 0.000 0.000 0.000 0.000 34.255 36.547 35.358 38.905 32.415 38.842 39.182 41.210 37.199 41.109 38.251 37.887 40.001 39.474 36.116 33.608 35.634 34.997 0.000 0.000 0.000 0.000 
0.000 0.000 0.000 0.000 0.000 34.255 36.547 35.358 38.905 32.415 38.842 39.182 38.294 39.779 42.021 41.201 39.593 38.475 39.070 31.978 33.173 32.779 34.923 33.951 -0.000 0.000 0.000 
0.000 0.000 0.000 0.000 0.000 0.000 27.294 32.956 32.857 38.234 38.471 40.899 38.294 39.779 42.021 41.201 39.593 38.475 39.070 31.978 33.173 32.779 34.923 33.951 -0.000 0.000 0.000 
0.000 0.000 0.000 0.000 0.000 0.000 27.294 32.956 32.857 38.234 42.748 42.686 40.872 39.455 40.540 36.871 38.993 43.560 38.516 41.058 34.151 33.655 0.000 0.000 0.000 -0.000 0.000 
0.000 0.000 0.000 0.000 0.000 -0.000 -0.000 33.135 32.686 32.538 42.748 42.686 40.872 39.455 38.076 37.043 39.920 39.050 34.815 36.211 36.786 0.000 0.000 0.000 0.000 -0.000 0.000 
0.000 0.000 0.000 0.000 0.000 -0.000 -0.000 0.000 -0.000 0.000 33.108 36.234 38.269 39.112 42.756 38.721 39.258 40.450 35.110 34.841 29.826 0.000 0.000 -0.000 -0.000 0.000 0.000 
0.000 0.000 0.000 0.000 0.000 0.000 0.000 0.000 0.000 0.000 33.108 36.234 38.269 39.112 42.756 38.721 39.258 40.450 35.110 34.841 29.826 0.000 0.000 -0.000 -0.000 0.000 0.000 
0.000 0.000 0.000 0.000 0.000 0.000 0.000 0.000 0.000 0.000 33.108 36.234 38.269 39.112 42.756 0.000 -0.000 0.000 0.000 0.000 0.000 0.000 0.000 0.000 0.000 0.000 0.000 
0.000 0.000 0.000 0.000 0.000 0.000 0.000 0.000 -0.000 0.000 -0.000 0.000 0.000 0.000 0.000 0.000 -0.000 0.000 0.000 0.000 0.000 0.000 0.000 0.000 0.000 0.000 0.000 
0.000 0.000 0.000 0.000 0.000 0.000 0.000 0.000 -0.000 0.000 -0.000 0.000 0.000 0.000 0.000 0.000 -0.000 0.000 0.000 0.000 0.000 0.000 0.000 0.000 0.000 0.000 0.000 
0.000 0.000 0.000 0.000 0.000 0.000 0.000 0.000 -0.000 0.000 0.000 0.000 0.000 -0.000 0.000 0.000 0.000 0.000 -0.000 0.000 -0.000 -0.000 0.000 -0.000 0.000 -0.000 0.000 
0.000 0.000 0.000 0.000 0.000 0.000 0.000 0.000 -0.000 0.000 0.000 0.000 0.000 -0.000 0.000 0.000 0.000 0.000 -0.000 0.000 -0.000 -0.000 0.000 -0.000 0.000 -0.000 0.000 
0.000 0.000 0.000 0.000 0.000 0.000 0.000 0.000 -0.000 0.000 0.000 0.000 0.000 -0.000 0.000 0.000 0.000 0.000 -0.000 0.000 -0.000 -0.000 0.000 -0.000 0.000 -0.000 0.000 
0.000 0.000 0.000 0.000 0.000 0.000 -0.000 -0.000 0.000 -0.000 0.000 0.000 0.000 0.000 0.000 0.000 0.000 0.000 0.000 0.000 0.000 -0.000 0.000 0.000 0.000 0.000 0.000 
0.000 0.000 0.000 0.000 0.000 0.000 -0.000 -0.000 0.000 -0.000 0.000 0.000 0.000 0.000 0.000 0.000 0.000 0.000 0.000 0.000 0.000 -0.000 0.000 0.000 0.000 0.000 0.000 
0.000 0.000 0.000 0.000 0.000 0.000 -0.000 -0.000 0.000 -0.000 0.000 0.000 0.000 0.000 0.000 0.000 0.000 0.000 0.000 0.000 0.000 -0.000 0.000 0.000 0.000 0.000 0.000 
0.000 0.000 0.000 0.000 0.000 0.000 -0.000 -0.000 0.000 -0.000 0.000 0.000 0.000 0.000 0.000 0.000 0.000 0.000 0.000 0.000 0.000 -0.000 0.000 0.000 0.000 0.000 0.000 
0.000 0.000 0.000 0.000 0.000 0.000 0.000 0.000 0.000 0.000 0.000 0.000 0.000 0.000 0.000 0.000 0.000 0.000 0.000 0.000 0.000 0.000 0.000 0.000 0.000 0.000 0.000 
0.000 0.000 0.000 0.000 0.000 0.000 0.000 0.000 0.000 0.000 0.000 0.000 0.000 0.000 0.000 0.000 0.000 0.000 0.000 0.000 0.000 0.000 0.000 0.000 0.000 0.000 0.000 
