# Vol_scan Display Grid (processed)
# Grid size: 40 x 25
# Format: reflectivity
# Ref point: (-36000.000000, 167000.000000)
# Grid res: 1000.000000 meters
0.000 0.000 0.000 0.000 0.000 0.000 0.000 0.000 0.000 0.000 0.000 0.000 0.000 0.000 0.000 0.000 0.000 0.000 0.000 0.000 0.000 0.000 0.000 0.000 0.000 
0.000 0.000 0.000 0.000 0.000 0.000 0.000 0.000 0.000 0.000 0.000 0.000 0.000 0.000 0.000 0.000 0.000 -0.000 0.000 0.000 -0.000 0.000 0.000 0.000 0.000 
0.000 0.000 0.000 0.000 0.000 0.000 0.000 0.000 0.000 0.000 0.000 0.000 0.000 0.000 -0.000 0.000 0.000 0.000 0.000 0.000 -0.000 0.000 0.000 0.000 0.000 
0.000 0.000 0.000 0.000 0.000 0.000 0.000 0.000 0.000 0.000 0.000 0.000 0.000 0.000 0.000 0.000 0.000 0.000 0.000 0.000 0.000 0.000 0.000 0.000 0.000 
0.000 0.000 0.000 0.000 0.000 -0.000 0.000 -0.000 0.000 0.000 0.000 0.000 0.000 -0.000 0.000 0.000 0.000 0.000 -0.000 0.000 -0.000 0.000 0.000 0.000 0.000 
0.000 0.000 0.000 0.000 0.000 -0.000 0.000 0.000 0.000 0.000 -0.000 0.000 0.000 0.000 0.000 -0.000 0.000 -0.000 -0.000 0.000 -0.000 0.000 0.000 0.000 0.000 
0.000 0.000 0.000 0.000 0.000 -0.000 0.000 0.000 0.000 0.000 -0.000 0.000 0.000 0.000 0.000 0.000 0.000 0.000 -0.000 0.000 0.000 0.000 0.000 0.000 0.000 
0.000 0.000 0.000 0.000 -0.000 0.000 -0.000 0.000 0.000 0.000 0.000 0.000 0.000 0.000 0.000 0.000 0.000 0.000 -0.000 0.000 0.000 -0.000 0.000 0.000 0.000 
0.000 0.000 0.000 0.000 -0.000 0.000 -0.000 0.000 0.000 0.000 32.878 33.417 32.144 32.528 30.182 29.619 0.004 0.000 0.000 0.000 0.000 -0.000 0.000 0.000 0.000 
0.000 0.000 0.000 0.000 0.000 0.000 0.000 0.000 28.861 29.818 32.878 33.417 32.144 32.528 30.182 29.494 0.003 -0.000 0.000 0.000 0.000 0.000 0.000 0.000 0.000 
0.000 0.000 0.000 0.000 0.000 0.000 -0.000 0.000 30.348 32.769 30.307 34.395 35.570 32.819 32.629 29.494 0.003 -0.000 34.024 34.677 16.403 0.000 0.000 0.000 0.000 
0.000 0.000 0.000 0.000 0.000 0.000 -0.000 0.000 30.348 32.769 30.307 33.328 34.795 33.414 34.355 36.825 34.153 31.548 33.895 33.955 31.611 0.000 0.000 0.000 0.000 
0.000 0.000 0.000 0.000 0.000 31.538 35.295 33.305 34.156 34.096 36.217 33.328 34.795 33.414 34.355 36.825 34.153 31.548 33.895 33.955 31.611 0.000 0.000 0.000 0.000 
0.000 0.000 0.000 0.000 0.000 31.538 35.295 33.305 34.156 31.982 33.817 35.495 36.746 37.758 32.849 34.664 35.027 34.659 33.639 35.042 30.797 36.670 28.059 0.000 0.000 
0.000 0.000 0.000 0.000 0.000 33.337 33.731 35.315 34.161 31.982 33.817 35.495 36.746 34.016 34.183 35.351 35.701 33.634 35.783 32.463 32.732 36.670 28.059 0.000 0.000 
0.000 0.000 0.000 0.000 0.000 34.271 35.559 34.782 33.989 35.853 33.196 34.538 32.245 36.226 35.265 34.143 35.071 34.559 35.241 36.352 33.120 33.229 33.105 0.000 0.000 
0.000 0.000 0.000 0.000 34.422 36.994 35.886 34.276 34.923 35.853 33.196 34.538 32.245 36.226 35.265 34.143 35.071 34.559 35.241 36.352 33.120 33.229 33.105 0.000 0.000 
0.000 0.000 0.000 0.000 34.422 36.994 35.886 34.276 34.923 35.853 33.196 34.538 32.245 36.226 34.515 34.333 33.167 36.439 35.475 34.980 35.191 34.058 34.557 5.828 0.000 
0.000 0.000 0.000 0.000 34.356 33.578 32.199 35.154 33.779 33.355 33.298 35.274 32.383 33.886 34.515 34.333 33.167 36.439 35.475 34.980 35.191 34.058 34.557 5.828 0.000 
0.000 0.000 0.000 29.439 34.345 33.578 32.199 35.154 33.779 33.355 33.298 35.274 32.383 33.886 34.515 34.333 33.167 36.439 35.475 34.980 35.191 34.058 34.557 5.828 0.000 
0.000 0.000 0.000 29.439 34.514 34.158 34.653 33.517 36.932 33.481 35.960 34.183 35.622 33.081 34.889 34.009 34.816 34.615 34.537 34.370 34.975 36.389 35.724 0.001 0.000 
0.000 0.000 0.000 0.000 34.514 31.960 34.820 34.436 36.045 35.229 36.285 35.513 34.758 36.527 34.970 34.215 34.816 34.615 34.537 34.370 34.975 36.389 35.724 0.001 0.000 
0.000 0.000 0.000 0.000 34.321 31.960 34.820 34.436 36.045 35.229 36.285 35.513 34.758 36.527 34.970 34.215 34.816 34.615 34.537 34.370 34.975 36.389 35.724 0.001 0.000 
0.000 0.000 0.000 0.000 28.463 35.617 32.643 32.918 33.020 35.813 36.851 34.312 35.415 32.491 34.793 34.446 37.874 34.244 34.901 34.311 34.661 33.531 0.000 0.000 0.000 
0.000 0.000 0.000 0.000 28.463 0.000 35.355 31.921 35.694 34.457 34.590 35.480 33.878 34.351 35.955 35.513 37.199 35.725 35.151 34.311 34.661 33.531 0.000 0.000 0.000 
0.000 0.000 0.000 0.000 0.000 0.000 35.355 31.921 35.694 34.457 34.590 35.480 33.878 34.351 35.955 35.513 37.199 35.725 35.151 34.311 34.661 33.531 0.000 0.000 0.000 
0.000 0.000 0.000 0.000 0.000 0.000 35.355 31.921 35.694 34.457 34.590 35.480 33.878 34.351 35.955 35.513 37.199 35.725 35.151 34.311 34.661 33.531 0.000 0.000 0.000 
0.000 0.000 0.000 0.000 0.000 0.000 0.000 0.000 0.000 0.000 29.104 35.049 35.427 32.297 34.077 34.412 33.703 31.136 0.000 0.000 0.000 0.000 0.000 -0.000 0.000 
0.000 0.000 0.000 0.000 0.000 0.000 0.000 0.000 0.000 0.000 29.104 35.049 35.427 32.297 34.077 34.412 33.703 31.136 0.000 0.000 0.000 0.000 0.000 -0.000 0.000 
0.000 0.000 0.000 0.000 0.000 0.000 0.000 0.000 0.000 0.000 29.104 35.049 35.427 32.297 34.077 34.412 33.703 31.136 0.000 0.000 0.000 0.000 0.000 -0.000 0.000 
0.000 0.000 0.000 0.000 0.000 0.000 0.000 0.000 0.000 0.000 0.000 0.000 0.000 0.000 0.000 0.000 0.000 -0.000 0.000 0.000 0.000 0.000 0.000 -0.000 0.000 
0.000 0.000 0.000 0.000 0.000 0.000 0.000 0.000 0.000 0.000 0.000 0.000 0.000 0.000 0.000 0.000 0.000 -0.000 0.000 0.000 0.000 0.000 0.000 -0.000 0.000 
0.000 0.000 0.000 0.000 0.000 0.000 0.000 0.000 0.000 0.000 0.000 0.000 0.000 0.000 0.000 0.000 0.000 -0.000 0.000 0.000 0.000 0.000 0.000 -0.000 0.000 
0.000 0.000 0.000 0.000 0.000 0.000 0.000 0.000 0.000 0.000 0.000 0.000 0.000 0.000 0.000 0.000 0.000 -0.000 0.000 0.000 0.000 0.000 0.000 -0.000 0.000 
0.000 0.000 0.000 0.000 0.000 0.000 0.000 0.000 0.000 0.000 0.000 0.000 0.000 0.000 0.000 0.000 0.000 -0.000 0.000 0.000 0.000 0.000 0.000 -0.000 0.000 
0.000 0.000 0.000 0.000 0.000 0.000 0.000 0.000 0.000 0.000 0.000 0.000 0.000 0.000 0.000 0.000 0.000 -0.000 0.000 0.000 0.000 0.000 0.000 -0.000 0.000 
0.000 0.000 0.000 0.000 0.000 0.000 0.000 0.000 0.000 0.000 0.000 0.000 0.000 0.000 0.000 0.000 0.000 -0.000 0.000 0.000 0.000 0.000 0.000 -0.000 0.000 
0.000 0.000 0.000 0.000 0.000 0.000 0.000 0.000 0.000 0.000 0.000 0.000 0.000 0.000 0.000 0.000 0.000 -0.000 0.000 0.000 0.000 0.000 0.000 -0.000 0.000 
0.000 0.000 0.000 0.000 0.000 0.000 0.000 0.000 0.000 0.000 0.000 0.000 0.000 0.000 0.000 0.000 0.000 -0.000 0.000 0.000 0.000 0.000 0.000 -0.000 0.000 
0.000 0.000 0.000 0.000 0.000 0.000 0.000 0.000 0.000 0.000 0.000 0.000 0.000 0.000 0.000 0.000 0.000 -0.000 0.000 0.000 0.000 0.000 0.000 -0.000 0.000 
