# Vol_scan Display Grid (processed)
# Grid size: 28 x 27
# Format: reflectivity
# Ref point: (-78000.000000, 167000.000000)
# Grid res: 1000.000000 meters
0.000 0.000 0.000 0.000 0.000 0.000 0.000 0.000 0.000 0.000 0.000 0.000 0.000 0.000 0.000 0.000 0.000 0.000 0.000 0.000 0.000 0.000 0.000 0.000 0.000 0.000 0.000 
0.000 0.000 0.000 0.000 0.000 0.000 0.000 0.000 0.000 0.000 -0.000 0.000 0.000 0.000 0.000 -0.000 0.000 0.000 0.000 0.000 0.000 0.000 0.000 0.000 0.000 0.000 0.000 
0.000 0.000 0.000 0.000 0.000 0.000 0.000 0.000 0.000 0.000 0.000 0.000 0.000 -0.000 -0.000 0.000 0.000 0.000 0.000 0.000 0.000 0.000 0.000 0.000 0.000 0.000 0.000 
0.000 0.000 0.000 0.000 0.000 0.000 0.000 0.000 0.000 0.000 0.000 0.000 0.000 0.000 0.000 0.000 0.000 0.000 0.000 0.000 0.000 0.000 0.000 0.000 0.000 0.000 0.000 
0.000 0.000 0.000 0.000 0.000 0.000 0.000 0.110 0.002 0.000 0.000 0.000 0.000 0.000 0.000 0.000 0.000 0.000 -0.000 0.000 0.000 0.000 0.000 0.000 0.000 0.000 0.000 
0.000 0.000 0.000 0.000 0.000 8.050 0.039 0.001 0.001 0.019 0.030 0.054 3.569 22.518 4.776 6.077 0.000 -0.000 -0.000 0.000 0.000 0.000 0.000 0.000 0.000 0.000 0.000 
0.000 0.000 0.000 0.000 0.000 0.086 0.119 0.088 4.743 18.688 24.151 25.399 24.590 27.485 25.967 24.294 23.697 22.668 4.624 -0.000 0.000 0.000 0.000 0.000 0.000 0.000 0.000 
0.000 0.000 0.000 0.000 0.078 7.505 0.132 20.248 22.455 29.573 28.854 28.606 28.877 28.760 28.752 28.652 28.580 28.501 23.634 9.597 0.000 0.000 0.000 0.000 0.000 0.000 0.000 
0.000 0.000 0.000 8.460 5.613 4.075 26.510 27.433 30.180 28.163 27.326 26.857 27.454 26.590 27.713 30.005 28.960 26.463 28.197 22.419 21.516 0.000 0.000 0.000 0.000 0.000 0.000 
0.000 0.000 7.090 4.110 7.408 27.766 28.977 27.918 27.460 28.268 26.950 26.817 29.037 29.592 25.666 28.261 28.147 28.696 28.749 27.694 27.767 2.556 0.000 0.000 0.000 0.000 0.000 
0.000 0.000 6.751 7.471 24.158 27.530 27.303 27.675 27.546 26.484 28.038 28.933 26.621 26.926 27.893 27.330 28.222 29.034 27.402 27.635 26.650 26.058 0.000 0.000 0.000 0.000 0.000 
0.000 8.460 6.324 6.454 25.319 27.265 28.758 27.059 27.471 27.907 28.931 28.153 29.255 27.940 28.634 29.466 28.292 28.429 28.209 27.937 30.776 29.938 -0.000 0.000 0.000 0.000 0.000 
0.000 0.086 0.059 17.170 28.702 29.394 28.513 27.579 27.492 28.651 27.868 27.954 28.301 27.315 27.705 27.386 26.627 28.802 27.870 27.388 28.617 27.582 29.424 -0.000 0.000 0.000 0.000 
7.420 5.945 0.018 13.725 31.333 28.038 28.520 28.754 28.330 27.328 27.473 27.984 28.248 28.218 28.563 27.315 29.154 27.109 28.306 27.899 26.718 27.227 28.363 0.000 0.000 0.000 0.000 
0.145 5.170 0.032 26.951 27.578 28.787 25.371 27.084 27.599 26.888 27.754 27.806 28.727 27.935 27.249 27.526 28.099 28.223 27.221 29.161 27.832 28.189 28.616 -0.000 0.000 0.000 0.000 
0.118 0.009 0.001 28.215 28.682 30.528 29.578 26.942 26.042 26.517 28.066 29.293 29.555 27.126 28.586 28.584 26.888 28.612 27.586 28.629 27.077 27.493 28.204 0.000 -0.000 0.000 0.000 
-0.000 0.002 0.002 28.309 28.593 27.498 28.403 27.323 28.012 27.552 28.285 27.458 28.037 30.168 28.531 27.720 26.677 27.581 28.226 28.383 27.325 28.338 29.155 0.000 0.000 0.000 0.000 
0.000 0.000 0.002 27.878 27.348 28.554 27.411 28.588 29.391 25.686 25.931 27.180 27.257 27.524 28.244 25.955 28.167 27.725 25.599 28.129 26.951 26.223 29.043 -0.000 0.000 -0.000 0.000 
0.000 0.000 0.000 13.784 27.644 27.775 29.065 26.955 27.424 27.250 26.885 26.723 29.777 26.995 26.854 27.078 27.747 28.544 28.436 28.668 27.915 28.180 28.153 -0.000 0.000 0.000 0.000 
0.000 0.000 0.000 0.004 28.035 27.367 28.802 27.238 27.200 26.342 28.176 26.140 25.562 29.338 27.659 27.205 26.815 26.654 28.196 27.360 27.973 28.249 28.366 0.000 0.000 0.000 0.000 
0.000 0.000 0.000 0.000 27.863 28.664 26.166 29.135 27.522 27.126 27.797 27.163 28.081 28.646 28.884 25.963 26.796 27.428 28.303 28.014 28.123 30.369 20.441 0.000 0.000 0.000 0.000 
0.000 0.000 -0.000 0.000 0.002 27.389 27.533 28.490 26.396 27.322 27.146 28.857 28.319 26.848 28.136 26.608 27.256 26.942 28.171 27.466 26.570 23.973 0.000 0.000 0.000 0.000 0.000 
-0.000 -0.000 0.000 0.000 0.000 23.245 27.024 27.627 28.017 26.378 27.955 25.869 28.991 26.982 27.703 26.879 27.864 27.052 28.660 27.560 26.917 0.000 0.000 0.000 0.000 0.000 0.000 
0.000 0.000 0.000 0.000 0.000 0.000 25.761 26.891 26.968 26.348 28.074 27.326 27.995 28.006 28.624 28.448 29.259 28.048 27.102 24.180 19.600 0.000 0.000 0.000 0.000 0.000 0.000 
0.000 0.000 0.000 0.000 0.000 0.000 0.000 16.651 26.294 29.337 26.583 26.850 28.177 28.956 28.887 26.909 26.947 27.931 24.374 0.000 -0.000 0.000 0.000 0.000 0.000 0.000 0.000 
0.000 0.000 0.000 0.000 0.000 -0.000 0.000 0.000 0.000 26.757 26.901 27.151 26.257 26.286 24.626 24.982 24.006 17.102 -0.000 0.000 0.000 0.000 0.000 0.000 0.000 0.000 0.000 
0.000 0.000 0.000 0.000 0.000 0.000 0.000 0.000 0.000 0.000 0.000 22.590 24.550 28.320 24.825 0.000 0.000 0.000 0.000 -0.000 0.000 0.000 0.000 0.000 0.000 0.000 0.000 
0.000 0.000 0.000 0.000 0.000 0.000 0.000 0.000 0.000 0.000 0.000 0.000 0.000 0.000 0.000 0.000 0.000 0.000 0.000 0.000 0.000 0.000 0.000 0.000 0.000 0.000 0.000 
