# Vol_scan Display Grid (processed)
# Grid size: 29 x 30
# Format: reflectivity
# Ref point: (-34000.000000, 164000.000000)
# Grid res: 1000.000000 meters
0.000 0.000 0.000 0.000 0.000 0.000 0.000 0.000 0.000 0.000 0.000 0.000 0.000 0.000 0.000 0.000 0.000 0.000 0.000 0.000 0.000 0.000 0.000 0.000 0.000 0.000 0.000 0.000 0.000 0.000 
0.000 0.000 0.000 0.000 0.000 0.000 0.000 0.000 0.000 0.000 0.000 0.000 0.000 0.000 -0.000 0.000 -0.000 0.000 0.000 0.000 0.000 0.000 0.000 0.000 0.000 0.000 0.000 0.000 0.000 0.000 
0.000 0.000 0.000 0.000 0.000 0.000 0.000 0.000 0.000 0.000 0.000 0.000 0.000 0.000 0.000 0.000 0.000 0.000 0.000 0.000 0.000 0.000 0.000 0.000 0.000 0.000 0.000 0.000 0.000 0.000 
0.000 0.000 0.000 0.000 0.000 0.000 0.000 0.000 0.000 0.000 0.000 0.000 0.000 -0.000 -0.000 0.000 -0.000 0.000 0.000 0.000 0.000 0.000 0.000 0.000 0.000 0.000 0.000 0.000 0.000 0.000 
0.000 0.000 0.000 0.000 0.000 0.000 0.000 0.000 0.000 0.000 0.000 0.000 -0.000 21.286 24.852 25.205 24.256 25.061 28.195 21.990 20.853 0.000 0.000 0.000 0.000 0.000 0.000 0.000 0.000 0.000 
0.000 0.000 0.000 0.000 0.000 0.000 0.000 0.000 0.000 0.000 0.000 26.682 28.614 27.165 29.538 28.600 29.066 28.836 27.834 27.224 28.270 24.503 0.000 0.000 0.000 0.000 0.000 0.000 0.000 0.000 
0.000 0.000 0.000 0.000 0.000 0.000 0.000 0.000 -0.000 15.340 26.212 27.179 28.645 27.112 26.921 27.880 26.288 29.288 27.934 28.245 28.420 27.447 27.890 27.043 0.000 0.000 0.000 0.000 0.000 0.000 
0.000 0.000 0.000 0.000 0.000 0.000 0.000 0.000 0.001 24.540 27.405 28.536 28.617 28.201 28.102 27.475 25.743 29.119 27.031 26.271 28.543 26.695 28.113 26.352 20.304 0.000 0.000 0.000 0.000 0.000 
0.000 0.000 0.000 0.000 0.000 0.000 0.000 -0.000 23.213 28.488 26.166 29.208 29.216 26.617 29.349 27.306 28.048 28.881 27.497 28.309 26.677 27.727 27.877 27.565 26.880 -0.000 0.000 0.000 0.000 0.000 
0.000 0.000 0.000 -0.000 0.000 0.000 0.000 0.001 28.267 27.024 27.943 28.414 27.524 29.175 29.147 27.392 27.715 28.451 27.921 27.789 27.684 27.351 27.365 25.606 27.270 24.748 0.000 0.000 -0.000 0.000 
0.000 0.000 0.000 0.000 0.000 0.000 0.000 19.512 26.694 28.283 28.136 29.412 27.328 29.236 27.477 29.954 28.128 28.741 28.115 29.633 27.387 29.481 28.345 26.984 26.707 27.024 0.000 -0.000 0.000 0.000 
0.000 0.000 0.000 0.000 -0.000 0.000 0.000 27.326 27.200 27.366 27.342 28.528 27.721 29.044 27.540 27.963 27.420 29.616 28.270 26.784 28.493 27.384 26.720 27.328 26.550 29.557 23.739 0.000 -0.000 0.000 
0.000 0.000 0.000 -0.000 0.000 0.000 7.873 29.535 27.583 28.283 27.829 27.752 28.143 28.804 27.527 26.155 26.522 28.593 27.955 31.083 28.209 29.096 30.029 27.655 28.631 27.851 25.532 0.000 0.000 0.000 
0.000 -0.000 -0.000 0.000 -0.000 0.000 26.250 29.095 26.591 26.274 27.927 27.696 26.421 28.988 28.313 28.849 28.357 26.952 28.000 28.313 26.577 29.297 27.958 26.780 29.328 27.369 28.061 -0.000 0.000 0.000 
0.000 0.000 -0.000 0.000 0.000 0.000 0.002 28.489 27.521 26.967 26.644 29.869 29.443 26.944 28.480 27.151 27.888 27.372 29.194 28.402 30.332 29.369 27.839 25.641 27.737 28.694 30.287 0.000 0.000 0.000 
0.000 0.000 0.000 0.000 0.000 0.000 0.003 26.363 28.000 27.657 26.339 27.930 28.768 26.695 27.225 25.650 28.175 28.609 26.161 28.379 28.470 25.996 28.087 27.587 26.378 27.054 -0.000 -0.000 0.000 0.000 
0.000 0.000 0.000 0.000 0.000 0.000 0.001 27.640 28.635 29.118 29.764 28.139 27.895 26.435 28.498 27.141 27.427 28.794 28.220 26.146 27.827 27.614 28.043 28.337 28.490 29.882 24.586 0.000 0.000 0.000 
0.000 0.000 0.000 0.000 0.000 0.000 0.000 27.117 28.104 28.897 27.292 28.504 25.147 28.053 28.088 26.896 26.450 29.655 27.660 28.493 26.838 27.404 28.465 29.091 27.562 28.956 -0.000 0.000 0.000 0.000 
0.000 0.000 0.000 0.000 0.000 0.000 0.000 21.015 27.994 29.895 28.828 28.620 26.759 27.126 28.616 28.112 27.879 27.352 28.389 27.647 28.830 28.082 25.882 28.186 27.354 24.146 -0.000 0.000 0.000 0.000 
0.000 0.000 0.000 0.000 0.000 0.000 0.032 0.004 27.096 28.047 27.855 28.531 27.529 26.443 26.823 26.671 27.094 28.153 26.223 28.041 26.934 29.206 27.059 27.784 28.356 17.545 0.000 0.000 0.000 0.000 
0.000 0.000 0.000 0.000 0.000 0.000 0.000 0.009 12.804 29.704 28.432 28.355 28.336 28.716 28.235 28.155 27.895 28.436 28.905 26.972 29.026 28.200 26.892 28.923 23.814 0.000 0.000 0.000 0.000 0.000 
0.000 0.000 0.000 0.000 0.000 0.000 0.000 0.000 6.690 0.005 28.124 27.889 28.414 28.867 28.359 26.229 28.408 27.074 26.986 29.223 27.143 26.967 27.954 24.436 0.000 -0.000 0.000 0.000 0.000 0.000 
0.000 0.000 0.000 0.000 0.000 0.000 0.000 0.000 0.000 7.250 6.145 29.818 27.372 28.097 28.652 29.758 27.914 29.319 28.671 26.888 27.784 30.013 25.087 0.000 0.000 0.000 0.000 0.000 0.000 0.000 
0.000 0.000 0.000 0.000 0.000 0.000 0.000 0.000 0.000 0.000 5.620 8.647 27.393 24.943 29.894 28.262 30.246 26.926 28.163 23.062 24.251 28.163 0.000 0.000 -0.000 0.000 0.000 0.000 0.000 0.000 
0.000 0.000 0.000 0.000 0.000 0.000 0.000 0.000 0.000 0.000 0.000 7.600 4.040 0.020 0.003 19.244 20.666 24.833 19.103 0.002 0.000 0.000 0.000 0.000 -0.000 0.000 0.000 0.000 0.000 0.000 
0.000 0.000 0.000 0.000 0.000 0.000 0.000 0.000 0.000 0.000 0.000 0.000 0.000 0.000 7.340 0.018 0.000 0.000 0.000 0.000 0.000 0.000 -0.000 -0.000 -0.000 0.000 0.000 0.000 0.000 0.000 
0.000 0.000 0.000 0.000 0.000 0.000 0.000 0.000 0.000 0.000 0.000 0.000 0.000 0.000 0.000 0.000 0.000 0.000 0.000 -0.000 0.000 0.000 0.000 0.000 0.000 0.000 0.000 0.000 0.000 0.000 
0.000 0.000 0.000 0.000 0.000 0.000 0.000 0.000 0.000 0.000 0.000 0.000 0.000 0.000 0.000 0.000 0.000 0.000 0.000 -0.000 0.000 0.000 0.000 0.000 0.000 0.000 0.000 0.000 0.000 0.000 
0.000 0.000 0.000 0.000 0.000 0.000 0.000 0.000 0.000 0.000 0.000 0.000 0.000 0.000 0.000 0.000 0.000 0.000 0.000 0.000 0.000 0.000 0.000 0.000 0.000 0.000 0.000 0.000 0.000 0.000 
