# Vol_scan Display Grid (processed)
# Grid size: 30 x 31
# Format: reflectivity
# Ref point: (-92000.000000, 164000.000000)
# Grid res: 1000.000000 meters
0.000 0.000 0.000 0.000 0.000 0.000 0.000 0.000 0.000 0.000 0.000 0.000 0.000 0.000 0.000 0.000 0.000 0.000 0.000 0.000 0.000 0.000 0.000 0.000 0.000 0.000 0.000 0.000 0.000 0.000 0.000 
0.000 0.000 0.000 0.000 0.000 0.000 0.000 0.000 0.000 0.000 0.000 0.000 0.000 0.000 0.000 0.000 0.000 0.000 0.000 0.000 -0.000 0.000 -0.000 0.000 0.000 0.000 0.000 0.000 0.000 0.000 0.000 
0.000 0.000 0.000 0.000 0.000 0.000 0.000 0.000 0.000 0.000 0.000 0.000 0.000 0.000 0.000 0.000 0.000 0.000 0.000 0.000 -0.000 -0.000 0.000 0.000 0.000 0.000 0.000 0.000 0.000 0.000 0.000 
0.000 0.000 0.000 0.000 0.000 0.000 0.000 0.000 0.000 0.000 0.000 0.000 0.000 0.000 0.005 0.001 0.000 -0.000 -0.000 0.000 -0.000 0.000 0.000 0.000 0.000 0.000 0.000 0.000 0.000 0.000 0.000 
0.000 0.000 0.000 0.000 0.000 0.000 0.000 0.000 0.000 0.000 0.000 0.000 0.000 0.060 0.002 0.000 0.001 0.000 0.001 0.000 -0.000 0.000 0.000 0.000 -0.000 0.000 0.000 0.000 0.000 0.000 0.000 
0.000 0.000 0.000 0.000 0.000 0.000 0.000 0.000 0.000 0.000 0.000 7.170 14.679 19.811 20.577 24.414 23.490 23.720 0.689 1.513 0.001 0.000 0.000 0.000 -0.000 0.000 0.000 0.000 0.000 0.000 0.000 
0.000 0.000 0.000 0.000 0.000 0.000 0.000 0.000 0.000 8.894 20.648 25.507 25.736 27.646 27.754 26.886 28.182 28.573 26.294 28.222 15.996 5.106 0.000 0.000 0.000 0.000 0.000 0.000 0.000 0.000 0.000 
0.000 0.000 0.000 0.000 0.000 0.000 0.000 0.000 6.400 23.364 26.801 27.967 28.121 29.263 28.441 27.882 30.450 27.119 29.271 28.502 27.369 27.599 7.184 0.000 0.000 -0.000 0.000 0.000 0.000 0.000 0.000 
0.000 0.000 0.000 0.000 0.000 0.000 0.000 7.082 2.487 28.675 26.660 29.148 29.436 28.867 26.417 28.490 26.460 26.619 27.873 27.994 28.220 27.540 26.585 3.001 -0.000 0.000 0.000 0.000 0.000 0.000 0.000 
0.000 0.000 0.000 0.000 0.000 0.000 0.003 0.825 28.331 29.503 29.087 28.834 28.392 26.753 27.552 29.096 26.834 27.253 27.149 28.967 28.597 27.505 27.855 27.038 0.000 0.000 0.000 0.000 0.000 0.000 0.000 
0.000 0.000 0.000 0.000 0.000 0.003 0.001 23.101 28.698 29.706 28.225 27.229 28.602 27.605 27.198 28.832 27.252 26.620 28.577 27.799 26.139 27.910 28.482 27.897 27.517 -0.000 -0.000 0.000 0.000 0.000 0.000 
0.000 0.000 0.000 0.000 0.004 0.000 0.000 26.571 28.503 27.930 27.655 27.580 27.158 27.553 25.733 28.034 28.129 28.499 27.011 28.882 26.895 29.520 28.105 29.990 28.729 11.696 0.000 0.000 0.000 0.000 0.000 
0.000 0.000 0.000 0.000 0.000 0.000 21.900 27.421 26.958 26.908 28.255 26.888 27.794 26.489 27.814 28.149 27.063 27.314 28.162 29.271 27.753 27.874 28.017 27.125 29.201 27.737 0.000 0.000 0.000 0.000 0.000 
0.000 0.000 0.000 -0.000 0.000 0.001 28.251 27.867 27.208 26.724 27.370 26.411 27.915 29.972 27.703 26.088 29.369 28.383 29.348 28.044 27.894 28.563 27.105 27.244 28.139 27.416 0.000 0.000 0.000 0.000 0.000 
0.000 0.000 -0.000 -0.000 0.000 0.001 27.632 27.350 26.055 27.311 28.336 29.106 27.637 28.910 28.033 30.017 26.894 28.131 28.341 26.994 26.222 28.721 27.840 26.851 27.197 28.309 0.000 0.000 0.000 0.000 0.000 
0.000 0.000 0.000 0.000 0.000 0.001 27.296 29.033 29.830 29.697 28.489 27.283 27.272 28.385 26.792 26.488 26.697 28.992 28.901 27.828 27.289 28.045 29.105 27.480 27.594 27.496 -0.000 0.000 0.000 0.000 0.000 
0.000 0.000 0.000 0.000 0.000 0.000 27.904 27.225 27.892 26.525 26.907 29.368 30.146 28.523 27.870 27.937 26.216 28.897 27.030 27.151 27.739 28.449 26.754 26.654 28.479 27.143 0.000 -0.000 0.000 0.000 0.000 
0.000 0.000 0.000 0.000 -0.000 0.000 24.741 28.137 27.747 26.149 27.628 29.482 27.123 27.097 27.522 29.779 25.885 27.445 27.627 28.148 27.764 29.087 29.048 27.229 28.487 29.434 0.000 0.000 0.000 0.000 0.000 
0.000 0.000 0.000 -0.000 -0.000 0.000 0.062 27.730 27.093 26.526 29.082 27.865 27.359 29.676 28.528 27.773 28.092 28.954 29.186 26.475 27.946 27.419 28.366 27.713 26.593 26.114 0.000 -0.000 0.000 0.000 0.000 
0.000 0.000 -0.000 0.000 -0.000 0.000 0.001 28.947 28.240 26.161 27.406 27.483 26.710 30.711 27.219 28.584 29.683 26.997 26.502 28.486 29.061 27.992 27.335 27.775 26.643 20.376 0.000 0.000 -0.000 0.000 0.000 
0.000 0.000 0.000 0.000 0.000 0.000 0.000 29.309 27.921 28.118 29.450 29.787 27.109 30.408 29.383 26.498 25.762 28.496 28.798 27.789 28.094 27.296 26.849 28.685 25.969 0.000 0.000 0.000 0.000 0.000 0.000 
0.000 0.000 0.000 0.000 0.000 0.000 -0.000 -0.000 25.801 28.815 27.967 27.633 29.491 28.666 26.514 26.992 26.822 27.931 27.722 26.486 27.051 29.276 29.050 28.773 18.875 0.000 0.000 0.000 0.000 0.000 0.000 
0.000 0.000 0.000 0.000 0.000 0.000 0.000 -0.000 -0.000 27.102 27.608 28.041 27.785 27.369 27.199 27.669 28.044 27.908 25.758 29.953 29.364 27.311 28.837 24.754 0.000 0.000 0.000 0.000 0.000 0.000 0.000 
0.000 0.000 0.000 0.000 0.000 0.000 0.000 0.000 0.000 26.265 26.441 29.145 26.859 26.004 29.515 26.896 27.143 27.229 28.035 27.949 29.891 27.463 28.839 0.000 0.000 0.000 0.000 0.000 0.000 0.000 0.000 
0.000 0.000 0.000 0.000 0.000 0.000 0.000 0.000 0.000 0.000 0.000 25.577 24.699 28.130 27.556 27.821 26.080 28.146 27.486 29.383 24.224 25.943 0.000 0.000 0.000 0.000 0.000 0.000 0.000 0.000 0.000 
0.000 0.000 0.000 0.000 0.000 0.000 0.000 0.000 0.000 0.000 0.000 0.000 15.263 25.454 22.304 24.929 20.368 24.560 25.368 21.488 0.000 0.000 0.000 0.000 0.000 0.000 0.000 0.000 0.000 0.000 0.000 
0.000 0.000 0.000 0.000 0.000 0.000 0.000 0.000 0.000 0.000 0.000 0.000 0.000 -0.000 0.000 -0.000 -0.000 0.000 0.000 0.000 0.000 0.000 0.000 0.000 0.000 0.000 0.000 0.000 0.000 0.000 0.000 
0.000 0.000 0.000 0.000 0.000 0.000 0.000 0.000 0.000 0.000 0.000 0.000 0.000 0.000 0.000 0.000 0.000 0.000 0.000 0.000 0.000 0.000 0.000 0.000 0.000 0.000 0.000 0.000 0.000 0.000 0.000 
0.000 0.000 0.000 0.000 0.000 0.000 0.000 0.000 0.000 0.000 0.000 0.000 0.000 0.000 0.000 0.000 -0.000 0.000 0.000 0.000 0.000 0.000 0.000 0.000 0.000 0.000 0.000 0.000 0.000 0.000 0.000 
0.000 0.000 0.000 0.000 0.000 0.000 0.000 0.000 0.000 0.000 0.000 0.000 0.000 0.000 0.000 0.000 0.000 0.000 0.000 0.000 0.000 0.000 0.000 0.000 0.000 0.000 0.000 0.000 0.000 0.000 0.000 
