# Vol_scan Display Grid (processed)
# Grid size: 32 x 23
# Format: reflectivity
# Ref point: (-61000.000000, 170000.000000)
# Grid res: 1000.000000 meters
0.000 0.000 0.000 0.000 0.000 0.000 0.000 0.000 0.000 0.000 0.000 0.000 0.000 0.000 0.000 0.000 0.000 0.000 0.000 0.000 0.000 0.000 0.000 
0.000 0.000 -0.000 0.000 0.000 0.000 0.000 0.000 0.000 0.000 0.000 0.000 0.000 0.000 0.000 0.000 0.000 0.000 0.000 0.000 0.000 0.000 0.000 
0.000 0.000 0.000 0.000 0.000 0.000 0.000 0.000 0.000 0.000 0.000 0.000 0.000 0.000 0.000 0.000 0.000 0.000 0.000 0.000 0.000 0.000 0.000 
0.000 0.000 0.000 0.000 0.000 -0.000 0.000 -0.000 0.000 0.000 -0.000 0.000 0.000 0.000 0.000 0.000 0.000 0.000 0.000 0.000 0.000 0.000 0.000 
0.000 -0.000 0.000 0.000 0.000 0.000 0.000 15.584 18.940 22.667 27.278 23.486 17.598 0.000 0.000 0.000 0.000 0.000 0.000 0.000 0.000 0.000 0.000 
0.000 0.000 0.000 0.000 2.856 18.258 23.165 29.733 27.026 28.374 28.843 28.856 27.929 29.035 28.000 27.548 0.000 0.000 0.000 0.000 0.000 0.000 0.000 
0.000 0.000 0.000 3.142 25.025 27.977 29.260 26.954 28.345 27.015 29.366 27.994 27.998 28.510 27.521 29.096 25.563 -0.000 0.000 0.000 0.000 0.000 0.000 
0.000 0.000 0.885 24.393 28.974 27.555 28.602 27.937 26.955 28.358 29.334 27.482 26.559 28.644 28.077 27.401 28.047 24.338 0.000 -0.000 0.000 0.000 0.000 
0.000 0.344 20.856 27.800 27.544 28.556 29.696 29.443 28.008 28.203 26.202 26.865 27.324 27.851 28.582 28.104 28.479 27.971 23.662 0.000 0.000 0.000 0.000 
0.000 18.560 28.347 26.710 28.914 27.728 28.535 29.061 27.779 28.715 26.820 28.414 28.303 28.261 28.049 27.806 28.092 27.221 27.588 0.000 0.000 0.000 0.000 
21.940 27.889 27.449 27.931 28.221 29.180 26.726 27.951 28.024 28.122 27.879 26.643 27.059 27.437 27.153 27.499 27.610 27.939 27.241 24.286 0.000 0.000 0.000 
20.860 28.550 27.616 27.721 28.373 29.391 28.083 26.393 28.351 28.615 29.200 27.722 27.841 26.996 28.179 27.974 28.267 28.329 28.044 26.656 0.000 0.000 0.000 
18.350 27.473 27.884 27.220 27.122 27.569 28.433 27.525 29.173 26.241 29.165 25.901 28.278 26.504 28.901 29.306 28.663 28.090 29.620 30.020 0.000 0.000 0.000 
18.950 27.452 28.616 25.890 28.821 28.086 28.997 28.721 28.564 28.824 26.983 26.986 28.883 27.332 29.628 29.086 26.401 28.195 29.177 28.920 0.000 0.000 0.000 
22.350 27.976 28.196 28.127 28.513 28.104 27.907 28.501 28.291 27.215 27.088 28.000 28.113 27.537 29.837 26.315 29.222 27.808 26.294 25.856 0.000 0.000 0.000 
19.510 28.784 25.963 29.277 27.207 26.993 29.394 27.862 26.228 25.601 28.786 25.370 25.026 28.575 28.155 29.077 27.393 27.129 29.710 27.674 0.000 0.000 0.000 
18.600 26.939 27.938 29.182 27.511 27.496 28.612 26.437 26.495 26.484 26.672 26.471 24.670 25.648 27.317 29.148 28.535 28.377 26.952 29.201 0.000 -0.000 0.000 
16.590 27.124 27.143 27.310 29.027 27.680 26.345 26.482 26.474 27.301 26.533 24.674 25.609 25.006 26.480 29.153 28.886 28.991 28.377 29.882 0.000 0.000 0.000 
0.000 27.563 27.333 28.601 27.329 29.207 26.482 26.523 24.364 26.103 26.594 27.081 26.655 25.515 26.649 28.311 26.191 27.135 28.698 23.905 0.000 0.000 0.000 
0.000 23.761 27.708 27.641 30.307 28.855 26.787 26.781 26.474 24.562 25.046 24.882 25.355 27.241 25.818 27.923 27.851 28.041 27.756 -0.000 0.000 0.000 0.000 
0.000 0.004 25.982 28.543 25.886 30.036 26.806 24.890 27.353 25.720 25.798 25.548 27.244 26.172 25.945 28.160 25.747 29.249 28.022 0.000 0.000 0.000 0.000 
0.000 0.007 2.488 27.814 27.868 27.383 25.187 27.910 25.725 26.542 25.093 25.295 26.785 25.830 26.587 26.856 27.796 29.018 0.000 0.000 0.000 0.000 0.000 
0.000 0.010 0.000 0.001 26.802 27.637 27.177 24.930 28.897 25.235 25.825 26.957 26.688 26.246 25.668 26.521 26.230 0.000 0.000 0.000 0.000 0.000 0.000 
0.000 0.112 0.000 0.001 0.003 22.846 27.804 26.742 25.076 27.854 26.013 26.623 26.500 26.117 29.087 27.160 0.000 0.000 0.000 0.000 0.000 0.000 0.000 
0.000 0.000 0.000 0.000 0.000 0.000 0.003 24.340 21.745 23.531 21.942 24.466 24.161 22.091 0.000 0.000 0.000 0.000 0.000 0.000 0.000 0.000 0.000 
0.000 0.000 -0.000 0.000 -0.000 0.000 0.000 0.000 0.001 0.006 0.019 0.000 -0.000 0.000 0.000 0.000 0.000 0.000 0.000 0.000 0.000 0.000 0.000 
0.000 0.000 0.000 0.000 0.000 0.000 0.000 -0.000 -0.000 0.000 0.000 0.000 0.000 0.000 0.000 0.000 0.000 0.000 0.000 0.000 0.000 0.000 0.000 
0.000 0.000 0.000 -0.000 0.000 0.000 0.000 -0.000 -0.000 0.000 0.000 0.000 0.000 0.000 0.000 0.000 0.000 0.000 0.000 0.000 0.000 0.000 0.000 
0.000 0.000 0.000 -0.000 0.000 -0.000 0.000 0.000 0.000 0.000 0.000 0.000 0.000 0.000 0.000 0.000 0.000 0.000 0.000 0.000 0.000 0.000 0.000 
0.000 0.000 0.000 0.000 0.000 0.000 -0.000 0.000 0.000 0.000 0.000 0.000 0.000 0.000 0.000 0.000 0.000 0.000 0.000 0.000 0.000 0.000 0.000 
0.000 0.000 0.000 0.000 0.000 0.000 0.000 0.000 0.000 0.000 0.000 0.000 0.000 0.000 0.000 0.000 0.000 0.000 0.000 0.000 0.000 0.000 0.000 
0.000 0.000 0.000 0.000 0.000 0.000 0.000 0.000 0.000 0.000 0.000 0.000 0.000 0.000 0.000 0.000 0.000 0.000 0.000 0.000 0.000 0.000 0.000 
