# Vol_scan Display Grid (processed)
# Grid size: 29 x 28
# Format: reflectivity
# Ref point: (-46000.000000, 166000.000000)
# Grid res: 1000.000000 meters
0.000 0.000 0.000 0.000 0.000 0.000 0.000 0.000 0.000 0.000 0.000 0.000 0.000 0.000 0.000 0.000 0.000 0.000 0.000 0.000 0.000 0.000 0.000 0.000 0.000 0.000 0.000 0.000 
0.000 0.000 0.000 0.000 0.000 0.000 0.000 0.000 0.000 0.000 0.000 0.000 0.000 0.000 0.000 0.000 0.000 0.000 0.000 0.000 0.000 0.000 0.000 0.000 0.000 0.000 0.000 0.000 
0.000 0.000 0.000 0.000 0.000 0.000 0.000 0.000 0.000 0.000 0.000 0.000 10.393 0.000 0.000 9.715 -0.000 0.000 0.000 0.000 0.000 0.000 0.000 0.000 0.000 0.000 0.000 0.000 
0.000 0.000 0.000 0.000 0.000 0.000 0.000 0.000 0.000 0.000 21.387 24.241 27.412 27.350 27.367 26.746 27.866 25.049 21.745 0.000 0.000 0.000 0.000 0.000 0.000 0.000 0.000 0.000 
0.000 0.000 0.000 0.000 0.000 0.000 0.000 -0.000 24.384 23.740 29.396 27.821 27.970 28.475 28.369 27.263 27.680 26.895 29.435 27.425 19.969 0.000 0.000 0.000 0.000 0.000 0.000 0.000 
0.000 0.000 0.000 -0.000 -0.000 -0.000 0.000 19.113 27.943 29.010 27.417 29.548 28.373 26.921 28.635 27.395 28.368 28.038 28.285 28.090 27.988 25.888 0.000 0.000 0.000 0.000 0.000 0.000 
-0.000 -0.000 0.000 -0.000 0.000 0.000 7.277 29.141 27.905 27.378 27.253 26.842 28.341 28.894 27.878 27.412 28.301 27.037 27.574 28.862 28.349 28.288 29.528 0.000 0.000 0.000 0.000 0.000 
-0.000 0.000 -0.000 -0.000 0.000 0.069 27.161 27.038 27.785 29.043 27.176 27.136 29.451 27.409 28.202 27.119 28.170 28.933 27.182 28.517 27.088 26.980 26.483 -0.000 0.000 0.000 0.000 0.000 
0.000 0.000 0.000 0.000 0.000 26.081 26.848 29.225 27.639 28.179 28.249 28.538 27.887 28.330 27.946 28.093 28.969 28.742 25.977 28.160 29.417 28.378 28.094 21.733 0.000 0.000 0.000 0.000 
0.000 -0.000 0.000 0.000 0.048 28.225 26.329 25.918 27.805 28.891 27.969 28.995 28.101 30.066 27.367 27.450 26.273 27.728 27.914 29.462 28.195 28.261 27.616 27.823 0.000 0.000 0.000 0.000 
0.000 0.000 0.000 0.000 1.670 27.319 28.528 28.880 27.454 26.773 27.253 27.874 28.969 28.753 27.865 28.094 27.989 28.232 26.784 28.305 26.552 26.463 26.445 27.910 -0.000 0.000 0.000 0.000 
0.000 0.000 0.000 0.000 3.142 28.921 25.913 27.681 26.852 26.088 27.997 28.789 28.445 27.100 27.412 28.513 27.484 27.913 26.704 27.634 29.022 29.229 28.159 28.362 21.785 0.000 0.000 0.000 
0.000 0.000 0.000 0.001 21.887 27.879 27.486 28.153 27.749 27.918 28.182 27.270 27.046 26.619 26.733 36.473 29.042 27.223 29.177 27.334 28.460 27.173 27.950 29.824 28.363 0.000 0.000 0.000 
-0.000 0.000 0.000 0.000 17.811 28.677 27.822 29.095 29.847 27.381 26.904 35.649 42.607 42.361 47.412 46.336 43.810 28.752 28.228 26.115 27.659 27.003 28.981 28.333 27.550 -0.000 0.000 0.000 
0.000 0.000 -0.000 0.001 0.477 28.025 25.386 27.880 26.670 27.596 25.751 43.438 44.263 44.052 44.631 44.546 45.209 44.871 43.623 29.179 27.373 27.991 27.563 27.826 27.261 0.000 0.000 0.000 
0.000 -0.000 0.000 0.010 0.434 28.830 29.317 29.300 29.668 26.318 45.612 45.012 46.905 44.703 44.814 45.280 45.949 45.186 44.435 28.324 26.857 28.567 27.309 27.233 0.000 0.000 0.000 0.000 
0.000 0.000 0.000 0.076 0.003 28.802 27.486 26.840 27.738 28.517 45.413 45.836 42.731 44.335 44.780 44.850 46.453 45.861 46.169 29.323 27.406 25.919 26.912 29.210 0.000 0.000 0.000 0.000 
0.000 0.000 0.000 8.460 8.531 17.132 28.834 28.164 28.080 42.663 45.303 44.278 45.818 46.903 46.410 43.431 44.256 42.349 45.994 45.783 27.664 28.137 29.241 25.235 0.000 0.000 0.000 0.000 
0.000 0.000 0.000 0.000 4.890 7.782 27.760 27.478 28.221 38.372 44.481 45.798 46.438 44.028 45.610 44.933 45.487 44.473 44.757 45.155 29.195 27.576 28.297 0.000 0.000 0.000 0.000 0.000 
0.000 0.000 0.000 0.000 2.070 6.083 19.507 28.632 28.279 27.294 44.707 42.303 44.797 45.102 46.119 46.017 44.175 43.312 46.017 44.264 26.850 27.911 20.530 0.000 0.000 0.000 0.000 0.000 
0.000 0.000 0.000 0.000 0.000 5.870 8.065 11.445 27.527 28.654 46.617 47.964 48.456 45.353 45.465 43.891 44.469 45.422 45.240 26.571 26.594 22.752 0.000 0.000 0.000 0.000 0.000 0.000 
0.000 0.000 0.000 0.000 0.000 0.000 4.070 6.696 1.499 22.482 26.772 44.502 45.395 42.793 44.753 46.202 46.089 44.843 37.832 23.772 26.606 0.000 0.000 0.000 0.000 0.000 0.000 0.000 
0.000 0.000 0.000 0.000 0.000 0.000 0.000 6.450 4.854 0.002 20.518 23.950 42.500 40.311 44.276 45.454 42.295 42.816 19.659 0.000 0.000 0.000 0.000 0.000 0.000 0.000 0.000 0.000 
0.000 0.000 0.000 0.000 0.000 0.000 0.000 0.000 0.000 0.077 0.004 0.001 0.001 0.001 0.001 20.968 0.000 0.000 0.000 0.000 0.000 0.000 0.000 0.000 0.000 0.000 0.000 0.000 
0.000 0.000 0.000 0.000 0.000 0.000 0.000 0.000 0.000 0.000 0.000 0.000 0.000 0.000 0.000 0.000 0.000 0.000 -0.000 -0.000 0.000 0.000 0.000 0.000 0.000 0.000 0.000 0.000 
0.000 0.000 0.000 0.000 0.000 0.000 0.000 0.000 0.000 0.000 0.000 0.000 0.000 0.000 -0.000 -0.000 0.000 0.000 -0.000 0.000 0.000 0.000 0.000 0.000 0.000 0.000 0.000 0.000 
0.000 0.000 0.000 0.000 0.000 0.000 0.000 0.000 0.000 0.000 0.000 0.000 0.000 0.000 0.000 -0.000 0.000 0.000 0.000 0.000 0.000 0.000 0.000 0.000 0.000 0.000 0.000 0.000 
0.000 0.000 0.000 0.000 0.000 0.000 0.000 0.000 0.000 0.000 0.000 0.000 -0.000 0.000 0.000 0.000 0.000 0.000 0.000 0.000 0.000 0.000 0.000 0.000 0.000 0.000 0.000 0.000 
0.000 0.000 0.000 0.000 0.000 0.000 0.000 0.000 0.000 0.000 0.000 0.000 0.000 0.000 0.000 0.000 -0.000 0.000 0.000 0.000 0.000 0.000 0.000 0.000 0.000 0.000 0.000 0.000 
