# Vol_scan Display Grid (processed)
# Grid size: 29 x 24
# Format: reflectivity
# Ref point: (-55000.000000, 170000.000000)
# Grid res: 1000.000000 meters
0.000 0.000 0.000 0.000 -0.000 0.000 0.000 0.000 0.000 0.000 0.000 0.000 0.000 0.000 0.000 0.000 0.000 0.000 0.000 0.000 0.000 0.000 0.000 0.000 
0.000 -0.000 0.000 0.000 -0.000 0.000 0.000 -0.000 0.000 5.305 0.000 0.000 0.000 0.000 0.000 0.000 0.000 0.000 0.000 0.000 0.000 0.000 0.000 0.000 
-0.000 0.000 0.000 0.000 0.000 11.327 6.879 22.090 23.877 22.683 27.546 28.829 26.698 24.670 0.000 0.000 0.000 0.000 0.000 0.000 0.000 0.000 0.000 0.000 
0.000 -0.000 -0.000 0.000 7.030 25.217 27.560 27.778 28.587 27.327 28.250 27.894 28.096 28.780 27.414 22.798 -0.000 0.000 0.000 0.000 0.000 0.000 0.000 0.000 
0.000 0.000 0.000 3.628 25.530 28.232 26.386 27.671 27.839 27.926 27.734 27.480 26.620 27.431 27.341 27.787 23.740 -0.000 0.000 0.000 0.000 0.000 0.000 0.000 
0.000 0.000 0.826 25.559 28.437 28.319 25.654 28.056 28.856 28.121 28.472 27.878 28.854 27.208 28.279 28.362 28.318 25.034 0.000 0.000 0.000 0.000 0.000 0.000 
0.000 0.426 24.858 27.476 26.976 27.312 28.132 27.966 27.963 27.538 29.332 28.767 27.987 29.274 27.940 28.150 27.244 28.691 25.302 0.000 0.000 0.000 0.000 0.000 
0.000 10.979 28.576 29.505 27.122 28.905 28.036 26.762 26.695 27.851 26.495 27.296 27.216 28.080 26.331 27.188 27.267 27.854 29.621 0.000 0.000 0.000 0.000 0.000 
0.148 27.793 27.405 28.466 28.464 27.906 28.256 29.703 27.852 27.153 28.819 28.826 28.535 27.537 28.137 29.742 27.497 28.059 27.675 29.249 0.000 0.000 0.000 0.000 
11.021 27.517 26.687 26.909 27.370 27.206 29.821 27.542 27.938 28.608 27.219 27.831 27.085 27.803 29.103 29.549 27.487 27.715 29.358 27.403 0.000 0.000 0.000 0.000 
8.521 28.641 26.258 30.090 27.582 29.350 27.952 27.986 31.410 27.626 28.677 28.797 29.432 26.960 27.462 28.819 28.382 27.462 26.990 28.644 0.000 0.000 0.000 0.000 
27.430 26.564 28.747 26.312 27.218 30.096 29.103 26.227 27.901 26.545 27.896 28.127 25.605 27.413 28.963 26.782 29.792 28.691 28.229 27.326 21.375 0.000 0.000 0.000 
18.333 27.243 27.439 28.967 27.456 27.846 28.951 26.528 26.914 26.644 28.680 27.810 25.804 28.251 29.016 27.322 29.085 28.248 27.867 27.216 26.093 0.000 0.000 0.000 
13.453 29.397 27.793 28.830 27.043 28.931 26.925 27.967 26.958 27.195 26.357 29.790 25.366 26.398 28.884 28.753 27.581 29.654 28.004 28.404 18.805 0.000 0.000 0.000 
26.416 29.508 28.977 28.134 28.175 29.116 27.476 28.649 29.092 26.466 27.619 27.369 28.149 26.381 26.588 29.784 28.546 28.050 28.730 27.926 -0.000 0.000 0.000 0.000 
6.983 27.310 27.053 27.194 27.381 28.665 27.065 26.109 28.545 28.320 27.963 28.728 26.474 26.670 27.574 27.111 28.966 29.214 28.185 29.339 0.000 0.000 0.000 0.000 
8.527 28.098 27.584 27.774 28.586 27.673 26.286 27.230 27.247 28.574 26.471 26.703 27.856 28.192 27.129 26.454 28.446 27.738 27.040 27.007 0.000 0.000 0.000 0.000 
8.136 28.940 29.117 27.819 28.990 28.820 27.353 28.456 27.280 26.439 24.719 25.724 28.285 27.553 25.167 26.586 28.189 28.678 30.419 0.000 0.000 0.000 0.000 0.000 
4.804 7.136 25.402 27.727 27.657 29.279 27.263 26.551 26.263 27.674 26.461 27.138 27.759 27.005 26.994 27.482 30.051 28.005 0.000 0.000 0.000 0.000 0.000 0.000 
6.550 6.855 0.074 23.592 27.482 28.146 26.160 26.654 28.315 26.769 25.458 25.452 28.087 27.087 27.842 27.577 28.955 0.000 0.000 0.000 0.000 0.000 0.000 0.000 
6.070 0.064 0.120 0.002 25.897 28.069 27.318 29.023 26.854 26.997 27.214 26.430 26.380 26.054 26.922 26.338 29.751 0.000 0.000 0.000 0.000 0.000 0.000 0.000 
0.000 5.510 0.073 0.007 0.002 18.514 28.147 27.954 28.123 27.285 25.871 27.582 27.060 25.012 24.930 19.356 0.000 0.000 0.000 0.000 0.000 0.000 0.000 0.000 
0.000 0.000 0.000 0.006 0.000 0.000 0.000 0.002 16.983 24.867 20.353 20.580 20.704 14.586 -0.000 0.000 0.000 0.000 0.000 0.000 0.000 0.000 0.000 0.000 
0.000 0.000 0.000 0.000 0.000 0.000 0.000 0.000 0.000 0.000 0.000 0.000 0.000 0.000 0.000 0.000 0.000 0.000 0.000 0.000 0.000 0.000 0.000 0.000 
0.000 0.000 0.000 0.000 0.000 0.000 0.000 -0.000 -0.000 0.000 -0.000 0.000 0.000 0.000 0.000 0.000 0.000 0.000 0.000 0.000 0.000 0.000 0.000 0.000 
0.000 0.000 0.000 0.000 0.000 0.000 -0.000 0.000 0.000 -0.000 0.000 0.000 0.000 0.000 0.000 0.000 0.000 0.000 0.000 0.000 0.000 0.000 0.000 0.000 
0.000 0.000 0.000 0.000 0.000 0.000 0.000 0.000 0.000 0.000 -0.000 0.000 0.000 0.000 0.000 0.000 0.000 0.000 0.000 0.000 0.000 0.000 0.000 0.000 
0.000 0.000 0.000 0.000 0.000 0.000 0.000 0.000 -0.000 0.000 0.000 0.000 0.000 0.000 0.000 0.000 0.000 0.000 0.000 0.000 0.000 0.000 0.000 0.000 
0.000 0.000 0.000 0.000 0.000 0.000 0.000 0.000 0.000 0.000 0.000 0.000 0.000 0.000 0.000 0.000 0.000 0.000 0.000 0.000 0.000 0.000 0.000 0.000 
