# Vol_scan Display Grid (processed)
# Grid size: 40 x 26
# Format: reflectivity
# Ref point: (-39000.000000, 166000.000000)
# Grid res: 1000.000000 meters
0.000 0.000 0.000 0.000 0.000 0.000 0.000 0.000 0.000 0.000 0.000 0.000 0.000 0.000 0.000 0.000 0.000 0.000 0.000 0.000 -0.000 0.000 0.000 0.000 0.000 0.000 
0.000 0.000 0.000 0.000 0.000 0.000 0.000 0.000 0.000 0.000 0.000 0.000 0.000 -0.000 0.000 0.000 0.000 0.000 0.000 0.000 0.000 0.000 0.000 0.000 0.000 0.000 
0.000 0.000 0.000 0.000 0.000 0.000 0.000 0.000 0.000 0.000 0.000 0.000 0.000 -0.000 0.000 -0.000 0.000 -0.000 -0.000 0.000 -0.000 0.000 0.000 0.000 0.000 0.000 
0.000 0.000 0.000 0.000 0.000 -0.000 0.000 0.000 0.000 0.000 -0.000 0.000 0.000 0.000 0.000 -0.000 0.000 -0.000 -0.000 0.000 0.000 0.000 0.000 0.000 0.000 0.000 
0.000 0.000 0.000 0.000 0.000 -0.000 0.000 0.000 0.000 0.000 0.000 0.000 0.000 0.000 0.000 0.000 0.000 0.000 -0.000 0.000 0.000 -0.000 0.000 0.000 0.000 0.000 
0.000 0.000 0.000 0.000 -0.000 0.000 -0.000 0.000 0.000 0.000 0.000 0.000 0.000 0.000 0.000 -0.000 0.000 0.000 0.000 0.000 0.000 -0.000 0.000 0.000 0.000 0.000 
0.000 0.000 0.000 0.000 0.000 0.000 0.000 0.000 0.000 0.000 0.000 0.000 0.000 0.000 0.000 0.000 0.000 0.000 0.000 0.000 0.000 0.000 0.000 0.000 0.000 0.000 
0.000 0.000 0.000 0.000 0.000 0.000 -0.000 0.000 -0.000 0.000 0.000 0.000 0.000 0.000 -0.000 0.000 33.885 23.053 0.000 -0.000 0.000 -0.000 0.000 0.000 0.000 0.000 
0.000 0.000 0.000 0.000 0.000 0.000 -0.000 0.000 0.000 0.000 35.358 36.301 33.510 33.976 31.370 35.992 28.761 33.161 0.000 -0.000 0.000 -0.000 0.000 0.000 0.000 0.000 
0.000 0.000 0.000 0.000 0.000 0.000 -0.000 0.000 31.649 32.422 35.358 36.301 33.510 35.936 34.686 36.277 31.668 30.710 0.000 -0.000 0.000 0.000 0.000 0.000 0.000 0.000 
0.000 0.000 0.000 0.000 0.000 -0.000 0.000 -0.000 29.418 33.320 34.430 34.104 33.761 35.936 34.686 36.277 31.668 30.710 36.732 32.426 38.246 33.602 0.000 0.000 0.000 0.000 
0.000 0.000 0.000 0.000 0.000 -0.000 0.000 -0.000 0.000 30.800 33.858 35.476 34.816 37.675 35.580 37.465 36.837 36.512 35.309 34.327 38.246 33.602 0.000 0.000 0.000 0.000 
0.000 0.000 0.000 0.000 0.000 28.063 30.978 33.608 33.464 34.074 34.009 35.476 34.816 37.675 35.580 37.465 33.745 34.915 34.275 34.321 34.174 30.796 0.000 0.000 0.000 0.000 
0.000 0.000 0.000 0.000 0.000 0.000 35.828 34.840 37.091 35.665 33.572 33.564 35.626 36.289 34.710 34.641 33.745 34.915 34.275 34.346 33.943 36.073 33.918 31.723 0.000 0.000 
0.000 0.000 0.000 0.000 0.000 0.000 35.828 34.840 37.091 35.665 33.572 33.564 34.513 36.511 34.188 33.238 35.146 33.929 35.966 36.662 34.801 35.341 37.627 35.547 0.000 0.000 
0.000 0.000 0.000 0.000 0.000 33.089 34.398 36.217 36.972 33.041 32.438 32.804 34.513 36.511 34.188 33.238 35.146 33.929 35.966 36.662 34.801 35.341 37.627 35.547 0.000 0.000 
0.000 0.000 0.000 0.000 27.566 33.089 34.398 36.217 36.972 33.041 33.126 34.980 36.448 34.969 34.875 33.910 33.159 35.921 35.228 33.191 33.402 34.106 34.433 36.054 0.000 0.000 
0.000 0.000 0.000 0.000 0.000 32.250 34.691 35.901 33.238 33.512 33.126 34.980 36.448 34.969 34.963 33.254 33.049 33.130 35.683 33.256 36.294 36.505 34.433 36.054 0.000 0.000 
0.000 0.000 0.000 0.000 0.000 32.250 35.779 33.132 33.863 33.765 36.124 34.224 37.137 33.300 35.351 37.068 36.800 36.968 35.447 35.674 34.596 32.649 36.884 36.250 35.134 0.000 
0.000 0.000 0.000 0.000 0.000 34.876 35.536 36.843 35.754 34.169 36.124 34.224 37.137 33.300 35.351 37.068 36.800 36.968 35.447 35.674 34.596 32.649 36.884 36.250 35.134 0.000 
0.000 0.000 0.000 0.000 0.000 34.876 35.536 36.843 35.754 34.169 36.124 34.224 37.137 33.300 35.351 37.813 35.366 34.793 35.288 34.455 35.094 33.483 34.143 33.193 0.000 0.000 
0.000 0.000 0.000 0.000 0.000 34.503 36.227 33.497 37.164 33.512 35.561 32.529 33.176 36.619 34.104 37.813 35.366 34.793 35.288 34.455 35.094 33.483 34.143 33.193 0.000 0.000 
0.000 0.000 0.000 0.000 0.000 31.218 36.227 33.497 37.164 33.512 35.561 32.529 33.176 36.619 34.104 37.813 35.366 34.793 35.288 34.455 35.094 33.483 34.143 33.193 0.000 0.000 
0.000 0.000 0.000 0.000 0.000 0.000 36.051 37.503 33.335 34.089 32.736 34.183 32.851 36.583 34.616 33.474 35.035 34.809 35.304 32.325 35.073 33.501 33.443 -0.000 0.000 0.000 
0.000 0.000 0.000 0.000 0.000 0.000 0.000 31.482 33.797 34.275 35.326 35.499 34.812 35.585 33.189 33.091 35.324 34.809 35.304 32.325 35.073 33.501 33.443 -0.000 0.000 0.000 
0.000 0.000 0.000 0.000 0.000 0.000 0.000 31.482 33.797 34.275 35.326 35.499 34.812 35.585 33.189 33.091 35.324 34.809 35.304 32.325 35.073 33.501 33.443 -0.000 0.000 0.000 
0.000 0.000 0.000 0.000 0.000 0.000 0.000 29.548 35.200 34.957 35.289 34.325 34.026 34.769 35.337 36.583 33.587 35.692 34.959 35.794 0.000 -0.000 0.000 0.000 0.000 0.000 
0.000 0.000 0.000 0.000 0.000 0.000 0.000 -0.000 0.000 -0.000 0.000 0.000 33.082 35.317 34.427 28.734 33.366 32.781 0.000 0.000 0.000 -0.000 0.000 0.000 0.000 0.000 
0.000 0.000 0.000 0.000 0.000 0.000 0.000 -0.000 0.000 -0.000 0.000 0.000 33.082 35.317 34.427 28.734 33.366 32.781 0.000 0.000 0.000 -0.000 0.000 0.000 0.000 0.000 
0.000 0.000 0.000 0.000 0.000 0.000 0.000 -0.000 0.000 -0.000 0.000 0.000 33.082 35.317 34.427 28.734 33.366 32.781 0.000 0.000 0.000 -0.000 0.000 0.000 0.000 0.000 
0.000 0.000 0.000 0.000 0.000 0.000 0.000 0.000 0.000 0.000 0.000 0.000 0.000 0.000 0.000 0.000 0.000 0.000 -0.000 0.000 0.000 0.000 0.000 0.000 -0.000 -0.000 
0.000 0.000 0.000 0.000 0.000 0.000 0.000 0.000 0.000 0.000 0.000 0.000 0.000 0.000 0.000 0.000 0.000 0.000 -0.000 0.000 0.000 0.000 0.000 0.000 -0.000 -0.000 
0.000 0.000 0.000 0.000 0.000 0.000 0.000 0.000 0.000 0.000 0.000 0.000 0.000 0.000 0.000 0.000 0.000 0.000 -0.000 0.000 0.000 0.000 0.000 0.000 -0.000 -0.000 
0.000 0.000 0.000 0.000 0.000 0.000 0.000 0.000 0.000 0.000 0.000 0.000 0.000 0.000 0.000 0.000 0.000 0.000 -0.000 0.000 0.000 0.000 0.000 0.000 -0.000 -0.000 
0.000 0.000 0.000 0.000 0.000 0.000 0.000 0.000 0.000 0.000 0.000 0.000 0.000 0.000 0.000 0.000 0.000 0.000 -0.000 0.000 0.000 0.000 0.000 0.000 -0.000 -0.000 
0.000 0.000 0.000 0.000 0.000 0.000 0.000 0.000 0.000 0.000 0.000 0.000 0.000 0.000 0.000 0.000 0.000 0.000 -0.000 0.000 0.000 0.000 0.000 0.000 -0.000 -0.000 
0.000 0.000 0.000 0.000 0.000 0.000 -0.000 0.000 0.000 0.000 0.000 0.000 0.000 0.000 -0.000 0.000 0.000 0.000 0.000 0.000 0.000 0.000 0.000 0.000 0.000 0.000 
0.000 0.000 0.000 0.000 0.000 0.000 -0.000 0.000 0.000 0.000 0.000 0.000 0.000 0.000 -0.000 0.000 0.000 0.000 0.000 0.000 0.000 0.000 0.000 0.000 0.000 0.000 
0.000 0.000 0.000 0.000 0.000 0.000 -0.000 0.000 0.000 0.000 0.000 0.000 0.000 0.000 -0.000 0.000 0.000 0.000 0.000 0.000 0.000 0.000 0.000 0.000 0.000 0.000 
0.000 0.000 0.000 0.000 0.000 0.000 -0.000 0.000 0.000 0.000 0.000 0.000 0.000 0.000 -0.000 0.000 0.000 0.000 0.000 0.000 0.000 0.000 0.000 0.000 0.000 0.000 
