# Vol_scan Display Grid (processed)
# Grid size: 28 x 27
# Format: reflectivity
# Ref point: (-49000.000000, 167000.000000)
# Grid res: 1000.000000 meters
0.000 0.000 0.000 0.000 0.000 0.000 0.000 0.000 0.000 0.000 0.000 0.000 0.000 0.000 14.872 0.000 -0.000 0.000 0.000 -0.000 0.000 0.000 0.000 0.000 0.000 0.000 0.000 
0.000 0.000 0.000 0.000 -0.000 -0.000 -0.000 0.000 0.000 11.443 25.150 27.416 27.805 27.827 30.162 25.403 23.483 21.170 0.000 -0.000 0.000 0.000 0.000 0.000 0.000 0.000 0.000 
0.000 0.000 0.000 -0.000 0.000 0.000 0.000 16.836 22.345 27.341 27.718 27.976 28.920 28.356 28.075 26.715 27.866 27.778 24.170 -0.000 0.000 0.000 0.000 0.000 0.000 0.000 0.000 
0.000 -0.000 -0.000 0.000 -0.000 0.000 15.501 25.136 27.212 27.957 29.049 28.412 29.162 27.827 28.779 28.632 26.991 27.914 28.221 28.799 24.132 0.000 0.000 0.000 0.000 0.000 0.000 
0.000 -0.000 0.000 0.000 0.000 11.820 27.197 27.522 28.584 27.083 28.703 28.120 27.870 28.043 27.674 27.237 26.498 26.655 27.546 28.296 28.731 0.000 0.000 0.000 0.000 0.000 0.000 
0.000 -0.000 0.000 0.000 0.337 27.993 27.488 27.785 27.127 28.797 28.271 29.230 28.668 26.828 28.024 26.891 27.254 27.979 28.223 26.761 27.578 27.253 0.000 0.000 0.000 0.000 0.000 
0.000 0.000 0.000 0.000 9.600 27.022 28.110 28.067 28.124 28.025 27.837 29.497 26.809 29.250 27.949 25.632 26.414 27.776 28.326 28.634 28.030 27.170 25.743 0.000 0.000 0.000 0.000 
0.000 0.000 0.000 0.001 27.429 29.038 27.947 26.159 27.203 27.093 29.836 28.640 29.787 26.689 29.098 26.820 26.577 27.554 28.379 27.874 28.114 27.359 26.743 -0.000 0.000 0.000 0.000 
0.000 0.000 0.000 0.075 27.126 27.522 27.717 28.064 25.879 28.570 26.010 28.880 28.693 27.357 28.511 27.245 27.964 26.285 28.486 27.895 27.632 28.682 28.683 0.000 0.000 0.000 0.000 
0.000 0.001 0.000 6.605 26.307 28.305 28.935 27.506 26.206 26.768 28.075 28.447 27.995 27.732 28.185 28.142 29.656 28.099 28.709 28.032 27.588 27.806 28.673 24.971 0.000 -0.000 0.000 
0.000 0.011 0.001 25.514 27.541 26.790 27.597 27.229 28.899 29.475 28.590 28.131 29.883 27.818 27.896 29.681 29.199 29.147 27.869 28.106 27.433 29.601 28.625 25.720 -0.000 0.000 0.000 
0.000 0.004 0.002 13.376 26.722 29.013 27.299 28.442 29.671 26.053 26.861 27.484 28.329 29.302 27.808 28.759 28.638 28.892 28.920 27.982 26.648 26.608 27.382 20.474 0.000 0.000 0.000 
0.000 0.142 0.040 9.629 27.582 26.802 27.649 28.107 27.200 30.847 29.103 31.303 29.917 30.966 29.171 28.785 29.538 28.911 28.114 28.084 27.840 28.546 28.347 20.933 -0.000 0.000 0.000 
0.000 0.045 0.110 2.228 27.580 27.572 27.895 27.393 28.124 29.738 27.194 30.339 29.698 28.433 28.207 29.876 28.674 29.412 27.236 28.642 27.436 28.268 27.789 -0.000 0.000 0.000 0.000 
0.000 6.500 8.469 0.098 27.431 30.401 29.707 28.891 27.615 30.190 29.961 31.118 29.485 30.903 31.488 30.933 30.474 30.802 27.183 29.343 27.527 28.862 27.805 0.000 0.000 0.000 0.000 
0.000 7.020 6.227 5.663 29.261 28.190 28.447 30.650 27.362 28.926 29.641 28.852 30.594 30.266 29.992 34.097 29.513 29.897 29.146 28.165 28.903 26.390 27.435 0.000 0.000 0.000 0.000 
0.000 5.650 4.630 5.900 7.187 27.741 27.667 28.151 27.063 29.819 30.642 28.738 30.165 28.783 29.842 29.593 29.537 28.590 29.758 29.334 28.385 28.497 0.000 0.000 0.000 0.000 0.000 
0.000 0.000 7.620 6.987 5.998 24.480 26.355 27.235 28.418 30.095 29.202 28.841 28.230 29.550 30.057 29.245 30.850 30.322 28.493 26.400 27.162 27.230 0.000 0.000 0.000 0.000 0.000 
0.000 0.000 9.370 4.610 7.941 8.392 22.247 28.847 26.380 30.348 31.372 29.391 28.926 30.184 30.440 29.297 31.808 30.362 30.372 25.907 29.411 0.000 0.000 0.000 0.000 0.000 0.000 
0.000 0.000 0.000 7.600 8.400 4.797 7.464 14.851 25.974 29.720 29.174 29.554 28.773 29.738 29.675 29.620 30.562 27.455 24.411 -0.000 0.000 0.000 0.000 0.000 0.000 0.000 0.000 
0.000 0.000 0.000 0.000 5.360 0.242 0.099 0.023 0.001 23.677 26.378 27.819 28.489 29.904 29.097 29.529 20.292 22.122 0.000 0.000 0.000 0.000 0.000 0.000 0.000 0.000 0.000 
0.000 0.000 0.000 0.000 0.000 0.000 0.078 0.001 0.003 0.000 0.001 15.178 0.074 24.185 0.060 17.034 0.000 0.000 0.000 0.000 0.000 0.000 0.000 0.000 0.000 0.000 0.000 
0.000 0.000 0.000 0.000 0.000 0.000 0.000 -0.000 0.009 0.000 0.000 0.000 0.000 0.000 0.000 0.000 0.000 -0.000 0.000 0.000 0.000 0.000 0.000 0.000 0.000 0.000 0.000 
0.000 0.000 0.000 0.000 0.000 0.000 0.000 0.000 0.000 0.000 0.000 -0.000 0.000 -0.000 0.000 0.000 0.000 0.000 0.000 0.000 0.000 0.000 0.000 0.000 0.000 0.000 0.000 
0.000 0.000 0.000 0.000 0.000 0.000 0.000 0.000 0.000 0.000 0.000 0.000 0.000 0.000 0.000 -0.000 0.000 0.000 0.000 0.000 0.000 0.000 0.000 0.000 0.000 0.000 0.000 
0.000 0.000 0.000 0.000 0.000 0.000 0.000 0.000 0.000 0.000 -0.000 -0.000 0.000 -0.000 -0.000 0.000 0.000 0.000 0.000 0.000 0.000 0.000 0.000 0.000 0.000 0.000 0.000 
0.000 0.000 0.000 0.000 0.000 0.000 0.000 0.000 0.000 0.000 0.000 0.000 0.000 0.000 0.000 0.000 0.000 0.000 0.000 0.000 0.000 0.000 0.000 0.000 0.000 0.000 0.000 
0.000 0.000 0.000 0.000 0.000 0.000 0.000 0.000 0.000 0.000 0.000 0.000 0.000 0.000 0.000 0.000 0.000 0.000 0.000 0.000 0.000 0.000 0.000 0.000 0.000 0.000 0.000 
