# Vol_scan Display Grid (processed)
# Grid size: 28 x 26
# Format: reflectivity
# Ref point: (-50000.000000, 168000.000000)
# Grid res: 1000.000000 meters
0.000 0.000 0.000 -0.000 0.000 -0.000 -0.000 0.000 -0.000 0.000 -0.000 20.521 23.098 25.897 0.000 -0.000 0.000 0.000 0.000 0.000 0.000 0.000 0.000 0.000 0.000 0.000 
0.000 0.000 0.000 -0.000 -0.000 -0.000 0.000 6.159 25.193 24.555 27.603 27.143 27.397 29.109 27.811 22.520 25.572 0.000 -0.000 0.000 0.000 0.000 0.000 0.000 0.000 0.000 
0.000 -0.000 0.000 -0.000 0.000 0.001 21.307 27.537 27.120 27.622 27.955 27.495 27.215 28.933 26.847 26.374 27.025 26.075 22.825 -0.000 0.000 0.000 0.000 0.000 0.000 0.000 
0.000 0.000 -0.000 0.000 0.454 23.537 27.844 28.177 27.860 27.919 27.981 26.475 26.634 27.771 28.696 28.198 26.360 27.405 28.439 21.722 0.000 0.000 0.000 0.000 0.000 0.000 
-0.000 -0.000 0.000 0.000 22.760 27.714 28.429 27.578 27.288 28.075 28.947 28.216 29.911 27.319 28.219 26.905 28.863 28.768 26.724 29.013 20.341 0.000 0.000 0.000 0.000 0.000 
-0.000 0.000 0.000 0.489 26.926 27.249 26.612 29.140 27.514 27.888 27.132 29.659 30.268 29.189 28.071 26.940 27.485 28.518 29.148 27.564 27.026 0.000 0.000 0.000 0.000 0.000 
0.000 0.000 0.000 20.109 28.130 28.580 27.440 28.200 30.670 28.251 28.978 28.582 28.477 28.763 28.053 28.055 27.282 27.965 27.837 27.799 27.377 28.254 0.000 0.000 0.000 0.000 
0.000 0.000 0.111 27.539 27.504 26.993 27.887 27.760 28.318 27.410 26.331 26.906 28.813 28.135 29.452 28.376 27.854 28.246 27.847 27.498 28.267 27.499 0.000 0.000 0.000 0.000 
0.000 0.000 0.192 26.179 27.643 28.529 29.154 28.374 26.987 29.460 26.640 27.939 30.371 27.340 27.914 29.160 27.862 27.127 26.393 27.344 28.215 28.294 0.000 0.000 0.000 0.000 
0.004 0.000 9.482 27.727 27.864 26.600 27.348 26.536 27.213 26.127 27.984 27.296 26.940 29.002 27.558 27.846 27.295 27.603 29.077 27.058 28.622 29.249 21.216 0.000 0.000 0.000 
0.009 0.000 15.527 28.370 28.519 27.244 28.462 28.545 28.142 28.330 29.039 28.170 28.362 29.954 28.614 26.498 27.664 28.020 27.732 28.672 29.051 27.514 28.752 0.000 0.000 0.000 
0.046 0.027 23.731 26.959 27.424 27.818 28.784 28.961 28.601 28.059 28.403 28.276 29.073 26.816 27.861 27.037 28.628 27.811 27.879 28.191 27.618 27.885 26.195 0.000 -0.000 0.000 
0.089 6.191 4.711 27.795 29.122 26.259 28.003 28.120 27.848 27.770 27.522 28.194 27.902 27.435 27.847 27.976 28.488 27.271 27.995 28.095 27.428 29.985 0.000 0.000 0.000 0.000 
0.041 0.158 5.677 30.055 26.810 29.063 26.625 27.084 27.159 27.635 26.936 27.568 27.358 29.590 27.349 26.982 25.005 28.213 26.803 26.890 27.483 27.356 -0.000 0.000 0.000 0.000 
3.860 4.360 6.919 28.827 26.068 28.194 26.939 27.761 26.340 27.382 28.678 27.780 28.546 26.977 27.129 28.053 28.081 28.334 27.959 25.830 26.745 28.791 0.000 0.000 0.000 0.000 
7.110 7.068 9.581 28.088 28.433 28.639 27.230 28.793 27.198 28.085 26.465 26.866 27.354 27.634 27.763 26.018 26.890 27.915 28.465 27.999 27.502 27.549 0.000 0.000 0.000 0.000 
3.790 6.230 5.934 6.101 28.952 28.187 28.338 28.059 26.698 27.247 25.463 27.948 28.829 27.174 28.585 27.180 28.466 27.595 27.454 28.500 30.460 0.000 0.000 0.000 0.000 0.000 
0.000 7.050 4.581 0.141 10.740 29.603 27.703 28.159 27.920 27.639 27.234 25.726 27.423 27.304 26.882 28.639 27.731 28.864 27.788 27.370 0.000 0.000 0.000 0.000 0.000 0.000 
0.000 0.000 5.100 8.216 5.710 16.591 27.746 27.455 27.776 29.632 25.548 26.261 27.798 27.093 29.174 26.566 27.826 29.114 25.470 0.000 0.000 0.000 0.000 0.000 0.000 0.000 
0.000 0.000 0.000 5.870 4.398 0.012 0.002 25.976 28.235 27.820 27.708 28.746 25.888 27.526 27.267 28.242 28.516 24.583 16.810 0.000 0.000 0.000 0.000 0.000 0.000 0.000 
0.000 0.000 0.000 0.000 0.050 0.008 0.008 0.001 20.727 24.387 21.816 25.937 27.695 26.155 23.361 23.193 16.677 0.000 0.000 0.000 0.000 0.000 0.000 0.000 0.000 0.000 
0.000 0.000 0.000 0.000 0.000 0.069 0.009 0.000 0.000 0.000 0.039 18.502 0.140 0.045 0.001 -0.000 0.000 0.000 0.000 0.000 0.000 0.000 0.000 0.000 0.000 0.000 
0.000 0.000 0.000 0.000 0.000 0.000 0.000 0.000 0.000 0.000 0.000 0.000 0.000 -0.000 0.000 0.000 -0.000 0.000 0.000 0.000 0.000 0.000 0.000 0.000 0.000 0.000 
0.000 0.000 0.000 0.000 0.000 0.000 0.000 -0.000 -0.000 0.000 0.000 0.000 0.000 -0.000 0.000 0.000 0.000 0.000 0.000 0.000 0.000 0.000 0.000 0.000 0.000 0.000 
0.000 0.000 0.000 0.000 0.000 0.000 0.000 0.000 -0.000 -0.000 0.000 0.000 -0.000 0.000 0.000 0.000 0.000 0.000 0.000 0.000 0.000 0.000 0.000 0.000 0.000 0.000 
0.000 0.000 0.000 0.000 0.000 0.000 0.000 0.000 0.000 -0.000 0.000 -0.000 0.000 0.000 0.000 0.000 0.000 0.000 0.000 0.000 0.000 0.000 0.000 0.000 0.000 0.000 
0.000 0.000 0.000 0.000 0.000 0.000 0.000 0.000 0.000 0.000 0.000 0.000 0.000 0.000 0.000 0.000 0.000 0.000 0.000 0.000 0.000 0.000 0.000 0.000 0.000 0.000 
0.000 0.000 0.000 0.000 0.000 0.000 0.000 0.000 0.000 0.000 0.000 0.000 0.000 0.000 0.000 0.000 0.000 0.000 0.000 0.000 0.000 0.000 0.000 0.000 0.000 0.000 
