# Vol_scan Display Grid (processed)
# Grid size: 31 x 23
# Format: reflectivity
# Ref point: (-64000.000000, 170000.000000)
# Grid res: 1000.000000 meters
0.000 0.000 0.000 0.000 0.000 0.000 0.000 0.000 0.000 0.000 0.000 0.000 0.000 0.000 0.000 0.000 0.000 0.000 0.000 0.000 0.000 0.000 0.000 
0.000 0.000 0.000 0.000 -0.000 0.000 0.000 0.000 0.000 0.000 0.000 0.000 0.000 0.000 0.000 0.000 0.000 0.000 0.000 0.000 0.000 0.000 0.000 
0.000 -0.000 0.000 -0.000 0.000 -0.000 -0.000 0.000 0.000 0.000 0.000 0.000 0.000 0.000 0.000 0.000 0.000 0.000 0.000 0.000 0.000 0.000 0.000 
-0.000 0.000 0.000 0.000 0.000 -0.000 -0.000 0.000 -0.000 -0.000 0.000 0.000 0.000 0.000 0.000 0.000 0.000 0.000 0.000 0.000 0.000 0.000 0.000 
-0.000 -0.000 0.000 -0.000 0.000 0.000 0.000 0.000 0.000 9.030 2.721 5.222 0.000 0.000 0.000 0.000 0.000 0.000 0.000 0.000 0.000 0.000 0.000 
-0.000 0.000 0.000 0.000 0.000 4.415 14.802 23.229 21.812 22.434 26.520 24.944 29.270 26.463 0.000 0.000 0.000 0.000 0.000 0.000 0.000 0.000 0.000 
0.000 0.000 0.000 0.000 3.453 25.022 26.634 29.590 27.276 27.479 26.347 30.223 27.238 29.924 27.706 30.694 0.000 0.000 0.000 0.000 0.000 0.000 0.000 
0.000 0.000 0.000 12.803 25.189 28.597 28.092 27.194 28.086 29.269 27.919 29.609 27.284 29.552 28.312 27.803 27.650 0.000 0.000 0.000 0.000 0.000 0.000 
0.002 0.000 5.085 26.804 27.436 27.785 27.055 28.246 27.997 28.140 28.934 27.903 27.996 28.693 29.141 28.193 28.636 27.467 -0.000 0.000 0.000 0.000 0.000 
0.028 0.162 23.408 28.837 27.790 29.169 27.132 29.584 28.452 27.099 30.093 27.985 26.748 28.336 28.035 27.209 28.918 28.606 25.481 0.000 0.000 0.000 0.000 
0.026 24.471 27.045 28.590 28.518 28.459 28.305 27.531 28.711 27.488 26.967 26.279 26.610 28.039 28.521 28.378 28.858 26.981 29.343 21.527 0.000 0.000 0.000 
3.305 27.301 28.186 27.204 28.028 28.333 26.986 27.387 27.691 28.714 27.916 28.555 28.627 28.699 27.822 29.686 27.405 27.573 27.879 28.076 0.000 0.000 0.000 
0.292 28.329 27.934 27.834 27.440 28.319 29.378 27.538 27.078 28.048 27.518 29.754 27.978 27.115 26.953 28.698 27.649 26.714 27.675 28.071 0.000 0.000 0.000 
5.379 28.490 27.215 28.360 26.821 29.109 28.092 27.805 27.442 27.536 29.070 27.271 28.572 25.538 28.066 28.461 27.389 27.312 27.726 28.530 0.000 0.000 0.000 
5.008 27.633 26.753 27.400 28.350 27.279 30.381 27.906 27.929 27.374 28.438 28.306 28.519 28.661 27.546 28.579 27.439 28.449 28.492 28.039 0.000 0.000 0.000 
25.745 27.537 29.222 28.701 27.510 28.300 28.848 27.982 27.504 26.370 27.417 26.702 27.112 28.196 28.650 28.333 28.714 27.728 27.680 28.860 0.000 0.000 0.000 
24.467 28.479 28.457 27.614 27.496 27.795 28.994 27.411 26.013 25.341 25.992 26.858 25.635 26.876 28.178 27.486 28.291 27.029 28.291 27.611 0.000 0.000 0.000 
28.253 27.808 26.607 27.888 27.801 28.546 27.119 25.312 25.605 25.517 26.536 24.809 25.879 26.190 26.952 28.089 27.751 28.038 28.154 28.977 0.000 0.000 0.000 
18.105 28.412 26.848 28.185 27.973 27.100 26.338 28.275 25.913 28.104 25.029 25.956 26.400 26.179 25.299 27.781 27.602 27.465 26.766 27.833 0.000 0.000 0.000 
0.029 25.342 29.029 27.271 26.283 26.458 26.946 26.997 26.323 25.658 28.082 25.603 26.399 24.916 25.262 27.145 28.986 28.350 27.973 21.236 0.000 0.000 0.000 
0.045 4.143 27.211 27.088 27.453 28.066 26.161 25.569 26.049 25.810 27.135 26.219 25.111 24.966 26.823 26.635 29.035 28.574 26.113 -0.000 0.000 0.000 0.000 
0.105 0.002 24.952 28.534 28.318 29.837 25.700 26.617 26.518 27.659 25.601 27.283 25.608 25.350 26.217 28.769 27.533 27.819 24.164 0.000 0.000 0.000 0.000 
0.093 0.000 0.002 23.676 29.046 29.317 26.619 26.117 23.823 26.304 25.290 25.537 26.844 26.646 25.509 26.946 27.533 24.235 0.000 0.000 0.000 0.000 0.000 
-0.000 0.001 0.000 0.003 21.977 27.898 25.892 25.122 24.600 26.052 26.486 26.181 25.847 25.435 27.027 27.722 0.000 0.000 0.000 0.000 0.000 0.000 0.000 
-0.000 -0.000 0.000 0.000 0.001 12.612 23.434 26.992 24.978 26.816 26.169 26.710 26.408 27.506 0.000 0.000 0.000 0.000 0.000 0.000 0.000 0.000 0.000 
-0.000 0.000 0.000 0.000 0.000 0.000 0.001 0.092 22.817 22.866 22.313 20.904 21.836 0.000 0.000 0.000 0.000 0.000 0.000 0.000 0.000 0.000 0.000 
0.000 -0.000 0.000 -0.000 0.000 -0.000 0.000 0.000 0.000 0.000 0.000 0.000 0.000 0.000 0.000 0.000 0.000 0.000 0.000 0.000 0.000 0.000 0.000 
0.000 0.000 0.000 -0.000 -0.000 0.000 0.000 -0.000 0.000 0.000 0.000 0.000 0.000 0.000 0.000 0.000 0.000 0.000 0.000 0.000 0.000 0.000 0.000 
0.000 0.000 -0.000 0.000 0.000 -0.000 0.000 0.000 0.000 0.000 0.000 0.000 0.000 0.000 0.000 0.000 0.000 0.000 0.000 0.000 0.000 0.000 0.000 
0.000 0.000 0.000 0.000 0.000 -0.000 0.000 0.000 0.000 0.000 0.000 0.000 0.000 0.000 0.000 0.000 0.000 0.000 0.000 0.000 0.000 0.000 0.000 
0.000 0.000 0.000 0.000 0.000 0.000 0.000 0.000 0.000 0.000 0.000 0.000 0.000 0.000 0.000 0.000 0.000 0.000 0.000 0.000 0.000 0.000 0.000 
