# Vol_scan Display Grid (processed)
# Grid size: 29 x 28
# Format: reflectivity
# Ref point: (-83000.000000, 166000.000000)
# Grid res: 1000.000000 meters
0.000 0.000 0.000 0.000 0.000 0.000 0.000 0.000 0.000 0.000 0.000 0.000 0.000 0.000 0.000 0.000 0.000 0.000 0.000 0.000 0.000 0.000 0.000 0.000 0.000 0.000 0.000 0.000 
0.000 0.000 0.000 0.000 0.000 0.000 0.000 0.000 0.000 0.000 0.000 0.000 0.000 0.000 0.000 0.000 0.000 0.000 0.000 0.000 0.000 0.000 0.000 0.000 0.000 0.000 0.000 0.000 
0.000 0.000 0.000 0.000 0.000 0.000 0.000 0.000 0.000 0.000 0.000 0.000 -0.000 0.000 -0.000 0.000 -0.000 0.000 -0.000 0.000 0.000 0.000 0.000 0.000 0.000 0.000 0.000 0.000 
0.000 0.000 0.000 0.000 0.000 0.000 0.000 0.000 0.000 0.000 0.000 0.000 0.000 0.000 -0.000 -0.000 0.000 0.000 0.000 0.000 0.000 0.000 0.000 0.000 0.000 0.000 0.000 0.000 
0.000 0.000 0.000 0.000 0.000 0.000 0.000 0.000 0.000 0.000 0.000 0.000 0.000 0.000 0.000 0.000 0.000 0.000 0.000 0.000 0.000 0.000 0.000 0.000 0.000 0.000 0.000 0.000 
0.000 0.000 0.000 0.000 0.000 0.000 0.000 0.000 0.000 0.016 0.000 0.005 13.786 0.004 8.297 7.169 0.021 0.000 0.000 -0.000 -0.000 0.000 0.000 0.000 0.000 0.000 0.000 0.000 
0.000 0.000 0.000 0.000 0.000 0.000 4.250 5.290 0.006 0.005 9.917 23.429 23.401 25.480 23.991 25.851 27.410 23.286 4.749 0.069 0.000 0.000 0.000 0.000 0.000 0.000 0.000 0.000 
0.000 0.000 0.000 0.000 0.000 0.000 2.850 6.381 10.575 22.305 27.620 27.246 28.409 28.657 28.128 28.761 27.436 27.475 27.525 9.072 0.546 -0.000 0.000 0.000 0.000 0.000 0.000 0.000 
0.000 0.000 0.000 0.000 0.000 6.620 4.636 27.342 28.128 26.279 27.034 27.446 29.557 27.569 28.474 28.198 27.095 28.405 26.798 27.809 26.744 0.729 0.000 0.000 0.000 0.000 0.000 0.000 
0.000 0.000 0.000 0.000 3.100 7.596 27.114 27.953 29.325 28.320 28.534 28.740 28.217 28.443 29.116 29.162 28.004 27.977 28.122 29.337 28.142 26.242 -0.000 0.000 0.000 0.000 0.000 0.000 
0.000 0.000 0.000 7.220 6.680 16.443 28.055 29.370 28.611 27.939 27.170 28.369 28.738 29.511 28.532 29.574 28.272 29.071 28.276 29.462 27.052 27.644 23.035 0.000 0.000 0.000 0.000 0.000 
0.000 0.000 0.000 6.420 0.077 26.718 27.086 26.664 27.243 27.811 28.162 27.058 28.557 29.670 28.130 28.938 26.601 27.265 28.379 27.538 26.558 27.653 28.150 -0.000 0.000 0.000 0.000 0.000 
0.000 0.000 0.000 0.014 0.007 26.267 28.389 28.726 28.183 27.068 29.488 28.146 26.527 27.905 28.277 28.272 27.500 28.291 27.702 28.885 26.846 27.465 28.884 22.457 -0.000 0.000 0.000 0.000 
0.000 0.000 0.005 0.004 10.375 27.816 27.123 27.446 29.152 27.912 26.877 28.761 28.518 27.507 28.061 28.592 28.778 27.873 28.327 28.982 26.618 28.471 28.580 28.090 0.000 0.000 0.000 0.000 
0.000 0.000 0.001 0.001 23.679 27.217 28.964 26.418 29.953 28.740 26.745 25.976 27.487 28.740 26.891 27.662 26.562 28.217 28.214 26.743 27.131 29.205 27.657 27.597 0.000 0.000 0.000 0.000 
-0.000 0.000 0.000 0.002 28.235 29.056 27.200 28.528 28.007 28.308 27.280 26.275 28.215 27.767 26.713 26.140 27.899 27.807 29.261 27.558 27.989 27.977 29.929 25.625 0.000 0.000 0.000 0.000 
-0.000 0.000 0.000 0.001 26.316 28.662 26.824 27.918 27.589 28.759 26.884 28.308 28.757 29.835 28.373 27.559 28.116 27.673 27.414 27.887 27.008 29.028 26.254 28.777 0.000 -0.000 0.000 0.000 
0.000 0.000 0.000 0.001 28.627 28.686 28.807 28.051 28.700 27.931 26.744 27.784 26.829 27.528 28.477 27.738 25.548 28.064 27.013 28.351 27.896 27.550 28.843 27.443 0.000 0.000 -0.000 0.000 
-0.000 0.000 0.000 0.000 21.938 28.243 29.209 26.442 28.285 29.314 27.077 27.015 26.527 27.953 28.076 31.655 27.891 28.373 27.678 26.544 26.538 27.562 28.834 27.642 -0.000 0.000 0.000 0.000 
0.000 -0.000 0.000 0.000 15.014 28.924 28.608 26.958 29.188 27.280 27.319 28.882 27.534 26.429 27.536 27.638 28.088 27.116 27.286 26.374 27.571 29.379 27.958 27.473 0.000 0.000 0.000 0.000 
0.000 -0.000 0.000 0.000 0.001 26.671 28.670 26.899 28.012 28.754 30.021 27.209 27.915 27.626 28.471 28.653 25.858 28.604 29.268 29.148 28.043 28.017 27.804 21.144 -0.000 0.000 0.000 0.000 
0.000 0.000 0.000 0.000 0.000 13.988 29.195 28.621 26.953 26.574 27.826 26.588 27.853 27.182 28.970 27.876 27.993 28.084 28.361 28.191 27.191 28.326 28.094 0.000 0.000 0.000 0.000 0.000 
0.000 0.000 0.000 -0.000 0.000 0.000 23.718 28.827 27.276 27.069 28.118 27.450 27.175 27.244 28.703 28.030 26.951 26.831 27.307 27.551 26.576 28.016 0.000 0.000 0.000 0.000 0.000 0.000 
0.000 0.000 0.000 0.000 0.000 0.000 -0.000 25.682 27.788 28.005 26.923 28.390 27.026 26.937 26.000 27.504 28.372 27.678 27.849 28.732 25.574 25.974 0.000 0.000 0.000 0.000 0.000 0.000 
0.000 0.000 0.000 0.000 0.000 0.000 -0.000 -0.000 23.932 26.703 29.505 28.724 28.085 27.683 29.546 28.166 28.903 28.047 29.202 25.927 21.802 0.000 0.000 0.000 0.000 0.000 0.000 0.000 
0.000 0.000 0.000 0.000 0.000 0.000 0.000 0.000 0.000 0.000 25.451 27.691 27.141 26.868 26.328 27.135 26.073 24.747 23.519 0.000 0.000 0.000 0.000 0.000 0.000 0.000 0.000 0.000 
0.000 0.000 0.000 0.000 0.000 0.000 0.000 0.000 0.000 0.000 0.000 0.000 19.774 24.326 20.777 23.032 17.157 0.000 0.000 0.000 0.000 0.000 0.000 0.000 0.000 0.000 0.000 0.000 
0.000 0.000 0.000 0.000 0.000 0.000 0.000 0.000 0.000 0.000 0.000 0.000 0.000 0.000 0.000 0.000 0.000 0.000 0.000 0.000 0.000 0.000 0.000 0.000 0.000 0.000 0.000 0.000 
0.000 0.000 0.000 0.000 0.000 0.000 0.000 0.000 0.000 0.000 0.000 0.000 0.000 0.000 0.000 0.000 0.000 0.000 0.000 0.000 0.000 0.000 0.000 0.000 0.000 0.000 0.000 0.000 
