# Vol_scan Display Grid (processed)
# Grid size: 28 x 28
# Format: reflectivity
# Ref point: (-46000.000000, 166000.000000)
# Grid res: 1000.000000 meters
0.000 0.000 0.000 0.000 0.000 0.000 0.000 0.000 0.000 0.000 0.000 0.000 0.000 0.000 0.000 0.000 -0.000 0.000 0.000 0.000 0.000 0.000 0.000 0.000 0.000 0.000 0.000 0.000 
0.000 0.000 0.000 0.000 0.000 0.000 0.000 0.000 0.000 0.000 0.000 13.114 4.794 22.059 25.344 22.392 19.124 0.000 0.000 0.000 0.000 0.000 0.000 0.000 0.000 0.000 0.000 0.000 
0.000 0.000 0.000 0.000 0.000 0.000 -0.000 0.000 0.000 14.769 23.306 25.877 29.297 27.168 27.817 27.901 27.641 27.849 23.909 -0.000 -0.000 0.000 0.000 0.000 0.000 0.000 0.000 0.000 
0.000 0.000 0.000 -0.000 0.000 0.000 0.000 0.000 22.954 27.158 27.152 28.240 28.342 26.864 28.470 27.388 28.742 28.755 29.124 27.749 20.951 0.000 0.000 0.000 0.000 0.000 0.000 0.000 
0.000 -0.000 0.000 0.000 -0.000 0.000 0.000 24.187 27.597 26.376 27.844 28.277 27.197 28.400 26.542 27.814 27.984 26.426 26.880 26.829 28.809 25.076 0.000 0.000 0.000 0.000 0.000 0.000 
-0.000 0.000 0.000 -0.000 0.000 0.000 4.383 28.769 27.464 27.510 29.258 28.017 27.307 27.674 27.469 27.144 28.243 27.901 28.269 26.447 26.872 27.678 27.438 0.000 0.000 0.000 0.000 0.000 
0.000 0.000 0.000 -0.000 0.000 8.410 26.899 27.189 27.402 27.617 27.730 27.908 27.365 26.231 27.251 27.353 28.060 27.056 27.345 28.796 27.243 26.496 27.550 0.000 0.000 0.000 0.000 0.000 
0.000 0.000 -0.000 0.000 0.000 20.282 28.166 27.347 27.585 25.862 29.696 25.481 26.800 27.964 27.936 28.215 29.126 28.904 28.231 28.309 27.072 30.307 28.110 27.325 0.000 0.000 0.000 0.000 
0.000 0.000 0.000 0.000 0.040 27.024 28.011 26.969 26.740 27.939 28.425 27.617 26.041 25.993 28.667 28.760 28.476 27.935 27.126 27.404 27.670 27.381 27.309 27.733 -0.000 0.000 0.000 0.000 
0.000 0.000 0.000 0.000 5.879 28.046 25.922 27.659 27.416 26.823 27.074 27.228 27.689 29.004 28.350 27.936 29.573 28.310 28.255 27.342 27.203 27.848 26.749 27.928 0.000 0.000 -0.000 0.000 
0.000 0.000 0.000 0.000 22.781 28.269 28.976 26.449 28.330 27.276 28.345 28.146 28.382 29.757 28.863 27.484 26.263 27.345 29.259 28.296 28.835 28.011 27.724 27.915 25.372 0.000 0.000 0.000 
0.000 0.000 0.000 0.000 17.237 33.144 27.494 27.396 28.423 29.347 28.851 28.769 27.917 31.678 33.696 36.256 28.486 26.965 28.912 29.342 29.229 28.747 28.273 28.232 26.585 0.000 -0.000 0.000 
0.000 0.000 0.011 0.000 16.173 27.092 28.418 26.748 28.284 27.989 27.060 30.232 42.162 44.298 42.559 42.109 41.478 39.545 27.694 27.883 29.526 29.353 27.287 27.212 27.577 -0.000 0.000 0.000 
0.000 0.000 0.004 0.001 8.114 27.786 28.956 29.623 27.910 28.230 34.451 42.335 39.406 39.089 41.680 41.493 40.469 42.737 37.106 27.745 28.512 27.041 28.654 28.264 24.099 0.000 0.000 0.000 
0.000 0.000 0.000 0.123 0.794 29.042 27.540 28.624 28.511 27.455 35.603 40.471 41.943 41.568 41.506 41.626 38.905 39.542 40.578 26.945 27.566 28.788 27.736 27.796 -0.000 0.000 0.000 0.000 
0.000 0.000 0.000 4.242 0.084 28.528 27.392 28.414 28.511 27.821 42.320 42.223 39.644 41.144 39.350 40.587 42.151 40.078 41.979 37.327 27.171 27.710 28.993 28.075 0.000 0.000 0.000 0.000 
0.000 0.000 0.000 7.040 7.414 0.427 28.782 29.059 29.560 28.674 41.343 38.050 43.855 41.078 40.054 40.455 40.369 39.994 38.606 40.336 25.924 26.877 27.887 19.028 0.000 0.000 0.000 0.000 
0.000 0.000 0.000 0.000 6.670 8.275 28.117 28.327 28.980 36.913 42.007 39.881 41.927 41.406 39.744 40.194 44.407 40.503 39.257 41.081 29.111 28.066 25.597 0.000 0.000 0.000 0.000 0.000 
0.000 0.000 0.000 0.000 3.220 7.250 19.584 25.403 29.588 30.228 41.409 40.491 42.233 39.771 40.720 42.451 39.459 41.259 40.332 38.549 26.644 28.228 0.000 0.000 0.000 0.000 0.000 0.000 
0.000 0.000 0.000 0.000 0.000 6.630 6.317 13.987 23.269 27.367 42.171 40.331 42.148 41.205 42.091 40.954 40.970 41.505 39.154 27.178 26.342 0.000 0.000 0.000 0.000 0.000 0.000 0.000 
0.000 0.000 0.000 0.000 0.000 0.000 6.190 0.039 1.483 26.353 28.533 38.030 43.617 42.816 41.707 41.303 39.207 40.346 24.828 25.135 0.000 0.000 0.000 0.000 0.000 0.000 0.000 0.000 
0.000 0.000 0.000 0.000 0.000 0.000 0.000 6.280 0.058 0.004 0.000 23.932 39.829 39.768 38.012 40.333 39.207 33.743 0.005 0.000 0.000 0.000 0.000 0.000 0.000 0.000 0.000 0.000 
0.000 0.000 0.000 0.000 0.000 0.000 0.000 0.000 0.000 0.058 0.000 0.000 0.001 0.000 0.000 0.006 0.000 0.000 0.000 0.000 0.000 0.000 0.000 0.000 0.000 0.000 0.000 0.000 
0.000 0.000 0.000 0.000 0.000 0.000 0.000 0.000 0.000 0.000 0.004 0.001 0.000 0.000 0.000 0.000 0.000 0.000 -0.000 0.000 0.000 0.000 0.000 0.000 0.000 0.000 0.000 0.000 
0.000 0.000 0.000 0.000 0.000 0.000 0.000 0.000 0.000 0.000 0.000 0.000 0.000 0.000 0.000 -0.000 0.000 0.000 0.000 -0.000 0.000 0.000 0.000 0.000 0.000 0.000 0.000 0.000 
0.000 0.000 0.000 0.000 0.000 0.000 0.000 0.000 0.000 0.000 0.000 0.000 -0.000 0.000 0.000 -0.000 0.000 0.000 -0.000 0.000 0.000 0.000 0.000 0.000 0.000 0.000 0.000 0.000 
0.000 0.000 0.000 0.000 0.000 0.000 0.000 0.000 0.000 0.000 0.000 0.000 0.000 0.000 0.000 0.000 0.000 -0.000 0.000 0.000 0.000 0.000 0.000 0.000 0.000 0.000 0.000 0.000 
0.000 0.000 0.000 0.000 0.000 0.000 0.000 0.000 0.000 0.000 0.000 0.000 0.000 0.000 0.000 0.000 0.000 0.000 0.000 0.000 0.000 0.000 0.000 0.000 0.000 0.000 0.000 0.000 
