# Vol_scan Display Grid (processed)
# Grid size: 43 x 29
# Format: reflectivity
# Ref point: (-66000.000000, 165000.000000)
# Grid res: 1000.000000 meters
0.000 0.000 0.000 0.000 0.000 0.000 0.000 0.000 0.000 0.000 0.000 0.000 0.000 0.000 0.000 0.000 0.000 0.000 0.000 0.000 0.000 0.000 0.000 0.000 0.000 0.000 0.000 0.000 0.000 
0.000 0.000 0.000 0.000 0.000 0.000 0.000 0.000 0.000 0.000 0.000 0.000 0.000 0.000 -0.000 0.000 0.000 0.000 0.000 0.000 0.000 0.000 0.000 0.000 0.000 0.000 0.000 0.000 0.000 
0.000 0.000 0.000 0.000 0.000 0.000 0.000 0.000 0.000 0.000 0.000 0.000 0.000 0.000 0.000 0.000 0.000 0.000 0.000 0.000 0.000 0.000 0.000 0.000 0.000 0.000 0.000 0.000 0.000 
0.000 0.000 0.000 0.000 0.000 0.000 0.000 0.000 0.000 0.000 0.000 0.000 0.000 0.000 0.000 0.000 0.000 0.000 0.000 0.000 0.000 0.000 0.000 0.000 0.000 0.000 0.000 0.000 0.000 
0.000 0.000 0.000 0.000 0.000 0.000 0.000 0.000 0.000 0.000 0.000 -0.000 0.000 0.000 0.000 -0.000 0.000 0.000 -0.000 0.000 0.000 0.000 0.000 0.000 0.000 0.000 0.000 0.000 0.000 
0.000 0.000 0.000 0.000 -0.000 0.000 -0.000 0.000 0.000 0.000 0.000 0.000 -0.000 0.000 0.000 -0.000 -0.000 0.000 0.000 0.000 0.000 0.000 0.000 0.000 0.000 0.000 0.000 0.000 0.000 
0.000 0.000 0.000 0.000 0.000 0.000 0.000 0.000 0.000 0.000 0.000 0.000 0.000 0.000 0.000 -0.000 0.000 -0.000 0.000 0.000 0.000 0.000 0.000 0.000 0.000 0.000 0.000 0.000 0.000 
0.000 0.000 0.000 0.000 0.000 0.000 0.000 0.000 -0.000 0.000 -0.000 0.000 -0.000 -0.000 0.000 0.000 0.000 0.000 0.000 -0.000 0.000 0.000 0.000 0.000 0.000 0.000 0.000 0.000 0.000 
0.000 0.000 0.000 0.000 0.000 -0.000 0.000 0.000 0.000 0.000 0.000 0.000 0.000 0.000 0.003 0.000 -0.000 -0.000 0.000 0.000 0.000 0.000 0.000 0.000 0.000 0.000 0.000 0.000 0.000 
0.000 -0.000 0.000 0.000 0.000 0.000 0.000 0.000 0.000 0.000 -0.000 27.144 29.674 29.115 24.939 0.000 0.000 0.000 -0.000 0.000 0.000 0.000 0.000 0.000 0.000 0.000 0.000 0.000 0.000 
0.000 0.000 0.000 0.000 0.000 0.000 0.000 0.000 0.000 -0.000 27.667 32.420 26.919 30.912 24.125 0.000 0.000 0.000 0.000 34.551 0.003 0.000 0.000 0.000 0.000 0.000 0.000 0.000 0.000 
0.000 0.000 0.000 -0.000 0.000 0.000 -0.000 0.000 0.000 0.000 30.905 27.371 30.711 29.400 31.926 36.349 31.876 34.724 34.806 33.137 29.955 0.000 0.000 0.000 0.000 0.000 0.000 0.000 0.000 
0.000 0.000 -0.000 0.000 0.000 0.000 0.000 0.000 0.000 0.000 25.428 27.115 34.291 33.915 34.945 33.768 32.651 38.115 37.376 34.877 30.993 -0.000 0.000 0.000 0.000 0.000 0.000 0.000 0.000 
0.000 0.000 0.000 0.000 0.000 0.000 0.000 0.000 0.000 33.834 32.662 36.079 34.379 33.612 32.002 34.179 36.042 33.695 35.193 33.199 35.198 33.165 35.659 0.003 0.000 0.000 0.000 0.000 0.000 
0.000 0.000 0.000 0.000 -0.000 0.000 32.892 35.159 35.917 34.950 36.449 34.358 35.054 34.831 33.066 33.794 34.439 33.794 34.525 34.152 35.242 36.106 37.171 13.263 0.000 0.000 0.000 0.000 0.000 
0.000 0.000 0.000 -0.000 0.000 0.000 29.615 34.341 32.522 34.533 33.970 33.913 35.258 36.466 35.265 35.265 33.158 37.850 34.247 37.726 35.512 34.118 37.860 30.670 0.000 0.000 0.000 0.000 0.000 
0.000 0.000 0.000 -0.000 0.000 0.000 29.782 33.962 35.503 34.662 32.438 33.104 33.354 34.843 35.293 34.084 35.215 36.089 34.867 34.605 34.956 36.304 35.646 38.142 34.200 0.000 0.000 0.000 0.000 
0.000 0.000 0.000 0.000 0.000 -0.000 34.997 35.686 36.483 34.269 34.539 34.354 35.621 35.235 34.620 31.858 34.435 34.010 34.480 33.488 34.874 35.610 35.994 34.840 35.870 0.000 0.000 0.000 0.000 
0.000 0.000 0.000 0.000 -0.000 35.558 34.027 36.573 34.282 35.649 36.425 34.142 36.076 37.828 35.489 36.858 32.866 35.677 34.574 32.360 37.678 35.287 37.663 32.591 35.870 0.000 0.000 0.000 0.000 
0.000 0.000 0.000 0.000 -0.000 35.941 33.448 35.659 34.613 33.160 34.516 35.375 34.379 35.792 38.411 34.787 35.898 34.029 32.265 33.866 34.709 35.911 32.976 35.980 33.624 0.000 0.000 0.000 0.000 
0.000 0.000 0.000 0.000 0.000 0.000 35.151 33.588 35.903 32.891 34.085 32.618 33.647 38.573 38.960 35.782 32.904 35.967 35.423 35.718 35.747 35.724 35.512 34.838 36.069 0.002 0.000 0.000 0.000 
0.000 0.000 0.000 0.000 0.000 35.862 34.277 34.530 34.893 34.544 33.626 34.347 34.337 32.277 38.890 35.283 40.919 42.609 40.489 35.567 35.337 39.663 33.758 37.477 34.608 0.002 0.000 0.000 0.000 
0.000 0.000 0.000 0.000 0.000 28.256 33.881 33.995 35.802 35.398 34.857 37.276 41.383 43.507 42.544 39.854 41.647 40.412 40.289 36.946 37.669 34.803 34.277 36.757 36.260 35.883 0.000 0.000 0.000 
0.000 0.000 0.000 0.000 0.000 -0.000 34.599 35.773 35.669 33.429 40.400 42.614 42.164 39.976 41.989 41.657 42.586 40.412 40.820 36.616 35.696 35.640 32.834 33.617 0.000 0.000 0.000 0.000 0.000 
0.000 0.000 0.000 0.000 0.000 0.000 29.316 36.113 34.024 32.389 39.662 43.208 39.929 38.533 39.669 42.394 40.870 40.781 41.508 39.650 34.922 34.573 37.307 34.448 31.880 0.000 0.000 0.000 0.000 
0.000 0.000 0.000 0.000 0.000 0.000 32.535 36.036 32.829 32.389 34.394 39.894 40.173 40.087 41.007 40.353 38.931 40.759 43.960 39.650 36.617 34.536 34.547 35.212 33.690 0.000 0.000 0.000 0.000 
0.000 0.000 0.000 0.000 0.000 0.000 -0.000 34.696 34.834 34.353 40.456 39.494 42.387 40.894 41.909 40.550 42.337 45.958 41.879 42.102 36.617 34.536 35.092 35.404 -0.000 0.000 0.000 0.000 0.000 
0.000 0.000 0.000 0.000 0.000 0.000 -0.000 0.000 32.541 35.167 36.610 39.494 42.572 39.675 40.338 39.942 41.440 42.525 44.758 33.437 33.149 -0.000 -0.000 0.000 0.000 0.000 0.000 0.000 0.000 
0.000 0.000 0.000 0.000 0.000 0.000 0.000 0.000 0.000 34.387 34.781 39.888 42.572 39.675 42.668 41.307 39.331 42.107 37.533 35.109 30.027 0.000 0.000 0.000 0.000 0.000 0.000 0.000 0.000 
0.000 0.000 0.000 0.000 0.000 0.000 0.000 0.000 -0.000 29.610 0.000 0.000 30.206 39.447 42.668 41.307 40.988 42.052 42.944 36.495 31.860 33.335 0.000 -0.000 0.000 0.000 0.000 0.000 0.000 
0.000 0.000 0.000 0.000 0.000 0.000 0.000 -0.000 0.000 0.000 0.000 -0.000 0.000 38.862 38.406 42.466 40.988 42.052 42.944 36.455 29.724 0.000 0.000 0.000 0.000 -0.000 0.000 0.000 0.000 
0.000 0.000 0.000 0.000 0.000 0.000 0.000 -0.000 0.000 0.000 0.000 0.000 0.000 34.906 40.567 42.914 0.000 0.000 0.000 -0.000 0.000 0.000 -0.000 -0.000 0.000 -0.000 0.000 0.000 0.000 
0.000 0.000 0.000 0.000 0.000 0.000 0.000 -0.000 0.000 0.000 0.000 0.000 0.000 0.000 0.000 0.000 -0.000 0.000 0.000 0.000 0.000 0.000 -0.000 -0.000 0.000 -0.000 0.000 0.000 0.000 
0.000 0.000 0.000 0.000 0.000 0.000 0.000 0.000 0.000 0.000 0.000 0.000 0.000 0.000 0.000 0.000 0.000 0.000 0.000 0.000 0.000 0.000 0.000 0.000 0.000 0.000 0.000 0.000 0.000 
0.000 0.000 0.000 0.000 0.000 0.000 0.000 0.000 0.000 -0.000 0.000 0.000 0.000 0.000 0.000 -0.000 0.000 0.000 0.000 0.000 -0.000 0.000 -0.000 0.000 -0.000 0.000 0.000 0.000 0.000 
0.000 0.000 0.000 0.000 0.000 0.000 0.000 0.000 0.000 0.000 0.000 0.000 -0.000 0.000 0.000 0.000 0.000 -0.000 0.000 -0.000 -0.000 0.000 -0.000 0.000 -0.000 0.000 -0.000 0.000 0.000 
0.000 0.000 0.000 0.000 0.000 0.000 0.000 0.000 -0.000 0.000 0.000 0.000 -0.000 0.000 0.000 0.000 0.000 0.000 0.000 0.000 -0.000 0.000 0.000 0.000 0.000 0.000 -0.000 0.000 0.000 
0.000 0.000 0.000 0.000 0.000 0.000 0.000 0.000 -0.000 0.000 0.000 0.000 0.000 0.000 0.000 0.000 0.000 0.000 0.000 0.000 -0.000 0.000 0.000 -0.000 -0.000 0.000 -0.000 0.000 0.000 
0.000 0.000 0.000 0.000 0.000 0.000 0.000 0.000 -0.000 0.000 0.000 0.000 0.000 0.000 0.000 0.000 0.000 -0.000 0.000 0.000 0.000 0.000 0.000 -0.000 -0.000 0.000 -0.000 0.000 0.000 
0.000 0.000 0.000 0.000 0.000 0.000 0.000 0.000 0.000 0.000 0.000 0.000 0.000 0.000 0.000 0.000 0.000 0.000 0.000 0.000 0.000 0.000 0.000 0.000 0.000 0.000 0.000 0.000 0.000 
0.000 0.000 0.000 0.000 0.000 0.000 0.000 0.000 0.000 0.000 -0.000 0.000 0.000 0.000 0.000 0.000 -0.000 0.000 0.000 0.000 0.000 0.000 0.000 0.000 0.000 0.000 0.000 0.000 0.000 
0.000 0.000 0.000 0.000 0.000 0.000 0.000 0.000 0.000 0.000 -0.000 0.000 0.000 0.000 0.000 0.000 0.000 0.000 0.000 0.000 0.000 0.000 0.000 0.000 0.000 0.000 0.000 0.000 0.000 
0.000 0.000 0.000 0.000 0.000 0.000 0.000 0.000 0.000 0.000 0.000 0.000 0.000 0.000 0.000 0.000 0.000 0.000 0.000 0.000 0.000 0.000 0.000 0.000 0.000 0.000 0.000 0.000 0.000 
