# Vol_scan Display Grid (processed)
# Grid size: 42 x 27
# Format: reflectivity
# Ref point: (-53000.000000, 166000.000000)
# Grid res: 1000.000000 meters
0.000 0.000 0.000 0.000 0.000 0.000 0.000 0.000 0.000 0.000 0.000 0.000 0.000 0.000 0.000 0.000 0.000 0.000 0.000 0.000 0.000 0.000 0.000 0.000 0.000 0.000 0.000 
0.000 0.000 0.000 0.000 0.000 0.000 0.000 0.000 0.000 0.000 0.000 0.000 0.000 0.000 0.000 0.000 0.000 0.000 0.000 0.000 0.000 0.000 0.000 0.000 0.000 0.000 0.000 
0.000 0.000 0.000 0.000 0.000 0.000 0.000 0.000 0.000 0.000 0.000 0.000 0.000 0.000 -0.000 0.000 0.000 0.000 0.000 0.000 0.000 0.000 0.000 0.000 0.000 0.000 0.000 
0.000 0.000 0.000 0.000 0.000 0.000 0.000 0.000 0.000 0.000 0.000 0.000 0.000 0.000 0.000 0.000 0.000 0.000 0.000 0.000 0.000 0.000 0.000 0.000 0.000 0.000 0.000 
0.000 0.000 0.000 0.000 0.000 0.000 0.000 0.000 0.000 -0.000 0.000 0.000 0.000 0.000 -0.000 0.000 0.000 0.000 0.000 0.000 0.000 0.000 0.000 0.000 0.000 0.000 0.000 
0.000 0.000 0.000 0.000 0.000 0.000 0.000 -0.000 0.000 0.000 0.000 0.000 0.000 0.000 0.000 -0.000 0.000 0.000 -0.000 -0.000 0.000 0.000 0.000 0.000 0.000 0.000 0.000 
0.000 0.000 0.000 0.000 0.000 0.000 0.000 0.000 0.000 0.000 0.000 0.000 -0.000 0.000 0.000 0.000 0.000 0.000 0.000 0.000 0.000 -0.000 0.000 0.000 0.000 0.000 0.000 
0.000 0.000 0.000 0.000 0.000 0.000 0.000 0.000 0.000 0.000 0.000 -0.000 0.000 0.000 0.000 0.000 -0.000 0.000 -0.000 0.000 -0.000 0.000 0.000 0.000 0.000 0.000 0.000 
0.000 0.000 0.000 -0.000 0.000 -0.000 0.000 0.000 -0.000 0.000 0.000 0.000 0.000 -0.000 0.000 0.000 -0.000 0.000 0.000 0.000 0.000 0.000 0.000 0.000 0.000 0.000 0.000 
0.000 -0.000 0.000 -0.000 0.000 0.000 0.000 0.000 0.000 0.000 0.000 32.145 29.427 27.840 24.114 0.000 0.000 0.000 0.000 -0.000 -0.000 0.000 0.000 0.000 0.000 0.000 0.000 
0.000 0.000 -0.000 0.000 -0.000 0.000 0.000 0.000 0.000 28.670 33.317 30.649 30.557 27.166 18.982 0.000 0.000 0.000 0.000 0.000 0.000 0.000 -0.000 0.000 0.000 0.000 0.000 
0.000 0.000 0.000 0.000 0.000 0.000 0.000 0.000 0.000 0.000 30.548 28.335 32.070 31.797 29.003 0.003 35.283 34.370 35.128 31.093 0.003 -0.000 0.000 0.000 0.000 0.000 0.000 
0.000 0.000 0.000 0.000 -0.000 0.000 -0.000 0.000 0.000 -0.000 30.046 29.626 34.337 34.723 33.346 34.127 34.622 33.582 35.128 36.740 26.839 0.000 0.000 0.000 0.000 0.000 0.000 
0.000 0.000 -0.000 0.000 -0.000 0.000 0.000 0.000 34.961 33.476 34.459 34.057 34.734 36.386 36.576 31.990 34.029 37.269 36.244 36.740 26.839 0.000 0.000 0.000 0.000 0.000 0.000 
0.000 0.000 0.000 -0.000 0.000 28.316 35.255 32.962 34.154 35.003 34.459 38.513 35.213 33.280 35.020 33.878 33.755 35.305 34.598 37.221 33.970 33.602 29.564 0.000 0.000 0.000 0.000 
0.000 0.000 0.000 0.000 0.000 0.000 34.801 33.047 33.629 31.900 34.244 38.513 35.213 33.780 34.093 32.852 33.494 34.006 33.659 37.443 36.863 34.388 36.471 0.000 0.000 0.000 0.000 
0.000 0.000 0.000 0.000 0.000 -0.000 33.047 33.239 36.941 36.109 31.702 34.695 35.734 33.780 34.093 34.060 33.192 34.975 36.369 35.742 35.230 35.538 35.002 0.003 0.000 0.000 0.000 
0.000 0.000 0.000 0.000 35.102 34.333 33.460 35.350 33.633 34.739 33.102 33.614 33.428 34.014 34.799 34.060 33.192 34.975 36.755 33.722 34.220 37.163 36.390 37.838 0.000 0.000 0.000 
0.000 0.000 0.000 -0.000 35.271 34.333 33.460 35.350 34.837 34.528 34.132 34.060 35.244 35.795 34.121 30.938 33.709 34.633 36.156 34.508 34.220 35.851 34.172 34.581 0.000 0.000 0.000 
0.000 0.000 0.000 0.000 -0.000 35.165 33.109 31.846 34.837 34.687 34.838 35.102 32.732 30.617 33.464 34.744 35.485 35.850 34.199 35.216 34.601 35.851 34.172 34.581 0.000 0.000 0.000 
0.000 0.000 0.000 0.000 33.009 33.794 34.607 35.110 35.226 33.328 33.113 35.102 32.732 30.617 33.464 37.177 36.348 31.536 32.867 33.178 34.315 35.529 36.226 33.747 0.005 0.000 0.000 
0.000 0.000 0.000 0.000 34.796 33.219 32.276 33.645 34.614 34.873 33.505 32.598 33.573 33.678 33.083 37.177 44.096 47.437 31.687 35.151 35.864 32.875 35.178 37.260 1.678 0.000 0.000 
0.000 0.000 0.000 0.000 34.796 33.219 32.276 33.645 34.442 33.718 49.140 45.013 50.627 47.856 46.334 47.468 46.106 47.698 42.202 35.151 35.864 32.875 35.178 37.260 1.678 0.000 0.000 
0.000 0.000 0.000 0.000 -0.000 31.762 34.872 34.322 33.141 46.013 49.140 45.013 50.627 47.501 46.482 46.435 51.446 47.069 47.942 34.033 36.682 34.045 31.759 34.372 0.000 0.000 0.000 
0.000 0.000 0.000 0.000 0.000 29.866 35.372 33.346 32.781 34.801 46.991 46.623 50.291 47.501 46.482 46.435 51.446 47.069 45.586 31.716 33.389 34.425 36.112 0.000 0.000 0.000 0.000 
0.000 0.000 0.000 0.000 0.000 29.866 35.372 33.346 34.522 35.389 49.780 47.458 50.448 45.065 47.263 46.139 51.754 46.270 49.850 36.417 33.389 34.425 36.112 0.000 0.000 0.000 0.000 
0.000 0.000 0.000 0.000 0.000 0.000 0.000 31.996 34.200 47.245 47.225 47.458 50.448 45.065 47.263 46.139 48.648 47.274 48.210 49.737 36.094 35.819 34.577 34.132 0.000 -0.000 0.000 
0.000 0.000 0.000 0.000 0.000 0.000 0.000 32.307 35.842 32.266 42.575 47.343 45.446 49.255 45.726 49.145 48.648 47.274 48.210 34.110 0.000 0.000 0.000 0.000 0.000 -0.000 0.000 
0.000 0.000 0.000 0.000 0.000 0.000 0.000 32.307 35.842 32.266 42.575 47.343 48.185 48.208 49.875 48.083 47.547 47.279 31.010 32.100 -0.000 0.000 -0.000 0.000 -0.000 0.000 0.000 
0.000 0.000 0.000 0.000 0.000 -0.000 0.000 -0.000 0.000 0.000 0.000 34.303 48.185 48.208 49.875 48.083 47.547 47.279 31.010 32.100 -0.000 0.000 -0.000 0.000 -0.000 0.000 0.000 
0.000 0.000 0.000 0.000 0.000 -0.000 0.000 -0.000 0.000 0.000 0.000 31.071 43.886 50.040 48.078 52.002 47.850 44.921 34.408 32.711 32.578 0.000 0.000 0.000 0.000 0.000 0.000 
0.000 0.000 0.000 0.000 0.000 0.000 -0.000 0.000 -0.000 0.000 0.000 31.071 43.886 50.040 0.000 0.000 0.000 0.000 0.000 0.000 -0.000 0.000 0.000 0.000 0.000 0.000 0.000 
0.000 0.000 0.000 0.000 0.000 0.000 -0.000 0.000 -0.000 0.000 0.000 0.000 0.000 0.000 0.000 0.000 0.000 -0.000 0.000 0.000 0.000 0.000 0.000 -0.000 -0.000 0.000 0.000 
0.000 0.000 0.000 0.000 0.000 0.000 0.000 0.000 0.000 0.000 0.000 0.000 0.000 0.000 0.000 0.000 0.000 -0.000 0.000 0.000 0.000 0.000 0.000 -0.000 -0.000 0.000 0.000 
0.000 0.000 0.000 0.000 0.000 0.000 0.000 0.000 0.000 0.000 0.000 0.000 0.000 0.000 0.000 0.000 -0.000 0.000 0.000 0.000 0.000 0.000 0.000 0.000 0.000 0.000 -0.000 
0.000 0.000 0.000 0.000 0.000 0.000 0.000 0.000 -0.000 0.000 -0.000 0.000 0.000 0.000 0.000 0.000 -0.000 0.000 0.000 0.000 0.000 0.000 0.000 0.000 0.000 0.000 -0.000 
0.000 0.000 0.000 0.000 0.000 0.000 0.000 0.000 -0.000 0.000 -0.000 0.000 0.000 0.000 0.000 0.000 -0.000 0.000 0.000 0.000 0.000 0.000 0.000 0.000 0.000 0.000 -0.000 
0.000 0.000 0.000 0.000 0.000 0.000 -0.000 0.000 -0.000 0.000 0.000 0.000 0.000 -0.000 0.000 0.000 0.000 0.000 -0.000 0.000 -0.000 -0.000 0.000 -0.000 0.000 -0.000 0.000 
0.000 0.000 0.000 0.000 0.000 0.000 -0.000 0.000 -0.000 0.000 0.000 0.000 0.000 -0.000 0.000 0.000 0.000 0.000 -0.000 0.000 -0.000 -0.000 0.000 -0.000 0.000 -0.000 0.000 
0.000 0.000 0.000 0.000 0.000 0.000 -0.000 0.000 -0.000 0.000 0.000 0.000 0.000 -0.000 0.000 0.000 0.000 0.000 -0.000 0.000 -0.000 -0.000 0.000 -0.000 0.000 -0.000 0.000 
0.000 0.000 0.000 0.000 0.000 0.000 0.000 -0.000 0.000 -0.000 0.000 0.000 0.000 0.000 0.000 0.000 0.000 0.000 0.000 0.000 0.000 0.000 0.000 0.000 0.000 0.000 0.000 
0.000 0.000 0.000 0.000 0.000 0.000 0.000 0.000 0.000 0.000 0.000 0.000 0.000 0.000 0.000 0.000 0.000 0.000 0.000 0.000 0.000 0.000 0.000 0.000 0.000 0.000 0.000 
