# Vol_scan Display Grid (processed)
# Grid size: 29 x 25
# Format: reflectivity
# Ref point: (-72000.000000, 169000.000000)
# Grid res: 1000.000000 meters
0.000 0.000 0.000 0.000 0.000 0.000 0.000 0.000 0.000 0.000 0.000 0.000 0.000 0.000 0.000 0.000 0.000 0.000 0.000 0.000 0.000 0.000 0.000 0.000 0.000 
0.000 0.000 0.000 0.000 0.000 0.000 0.000 0.000 0.000 0.000 0.000 -0.000 0.000 0.000 0.000 0.000 0.000 0.000 0.000 0.000 0.000 0.000 0.000 0.000 0.000 
0.000 0.000 0.000 0.000 0.000 0.000 0.000 -0.000 0.000 0.000 -0.000 0.000 0.000 0.000 0.000 0.000 0.000 0.000 0.000 0.000 0.000 0.000 0.000 0.000 0.000 
0.000 0.000 0.000 0.000 0.000 0.000 0.000 0.000 -0.000 -0.000 0.000 -0.000 -0.000 0.000 0.000 0.000 0.000 0.000 0.000 0.000 0.000 0.000 0.000 0.000 0.000 
0.000 0.000 0.000 0.000 0.000 -0.000 0.000 0.000 0.000 0.000 0.000 0.000 0.000 0.000 0.000 0.000 0.000 0.000 0.000 0.000 0.000 0.000 0.000 0.000 0.000 
0.000 0.000 0.000 0.000 0.002 0.000 0.000 0.000 0.729 4.586 17.745 11.845 15.645 3.053 0.000 -0.000 0.000 0.000 0.000 0.000 0.000 0.000 0.000 0.000 0.000 
0.000 0.000 5.240 0.058 0.002 0.000 10.065 18.275 25.662 23.214 25.884 28.931 24.826 27.567 22.969 3.636 -0.000 0.000 0.000 0.000 0.000 0.000 0.000 0.000 0.000 
0.000 3.800 0.064 0.034 0.122 14.578 24.798 29.864 29.127 26.979 28.009 26.008 26.930 26.008 27.677 28.297 24.049 24.525 0.000 0.000 0.000 0.000 0.000 0.000 0.000 
0.000 5.120 4.544 1.180 18.781 26.293 26.359 29.673 27.804 28.918 27.966 29.176 27.383 28.440 28.919 28.077 27.926 28.649 0.000 0.000 0.000 0.000 0.000 0.000 0.000 
0.000 5.865 0.023 22.449 27.692 28.111 26.837 29.144 28.082 27.126 28.113 26.421 28.476 27.593 28.629 27.834 29.649 27.321 28.521 0.000 0.000 0.000 0.000 0.000 0.000 
0.000 6.951 13.920 28.598 26.738 27.861 28.624 27.980 26.688 28.001 27.566 28.076 27.512 27.706 27.430 28.537 26.745 27.843 27.803 26.672 0.000 0.000 0.000 0.000 0.000 
0.000 17.591 25.776 27.956 26.831 29.453 29.356 27.449 27.676 25.571 28.617 28.954 27.065 29.196 28.820 28.079 27.416 27.981 27.695 27.371 -0.000 0.000 0.000 0.000 0.000 
0.000 18.373 30.083 27.570 28.615 27.335 28.706 27.442 26.254 26.750 28.350 27.590 28.180 29.307 28.747 28.905 29.241 27.494 27.292 28.283 27.951 -0.000 0.000 0.000 0.000 
0.000 24.660 27.357 28.749 27.436 28.406 27.720 27.139 30.242 28.242 27.664 29.044 28.849 27.883 27.105 27.771 26.936 28.558 26.749 27.821 28.485 -0.000 0.000 0.000 0.000 
0.000 25.481 27.113 26.984 28.506 28.831 28.458 28.556 28.485 27.507 28.224 28.968 28.267 28.693 29.973 26.526 27.444 28.317 28.676 28.216 27.719 0.000 0.000 0.000 0.000 
0.000 27.776 27.162 27.130 26.942 28.600 28.944 27.346 28.909 28.365 28.819 27.206 29.193 26.579 29.079 28.595 27.379 27.916 28.955 29.724 29.506 0.000 0.000 0.000 0.000 
0.000 26.229 28.376 27.490 28.850 27.949 27.654 27.746 30.078 28.062 28.443 25.716 26.199 27.304 27.242 28.086 28.525 26.854 28.078 28.089 27.527 0.000 0.000 0.000 0.000 
0.000 23.006 26.439 28.058 28.734 27.568 27.122 27.828 25.987 26.480 24.812 26.069 25.067 27.182 27.399 28.788 26.431 27.663 28.307 27.758 27.443 -0.000 0.000 0.000 0.000 
0.000 9.732 27.468 28.874 27.127 28.304 27.760 28.812 26.028 25.273 26.308 26.507 25.930 25.051 26.645 28.088 28.462 27.912 26.658 27.105 28.123 0.000 0.000 0.000 0.000 
0.000 0.001 28.358 28.558 28.255 30.117 27.895 26.543 25.996 26.481 27.377 27.385 25.980 26.714 26.310 25.763 28.655 27.332 27.512 27.713 27.631 0.000 0.000 0.000 0.000 
0.000 0.002 25.304 27.502 29.070 27.841 25.513 27.333 26.996 26.486 25.996 26.097 25.517 26.008 26.077 25.560 28.109 28.832 28.580 27.833 21.099 0.000 0.000 0.000 0.000 
0.000 0.000 0.005 28.557 27.482 28.112 26.473 27.067 26.109 26.014 27.558 26.696 27.256 26.519 27.163 27.499 27.944 28.285 27.589 24.524 -0.000 0.000 0.000 0.000 0.000 
0.000 0.000 0.000 24.146 28.421 27.049 28.427 25.226 25.455 27.526 27.555 25.257 27.892 27.322 28.496 26.731 27.894 28.022 28.023 16.259 -0.000 0.000 0.000 0.000 0.000 
0.000 0.000 0.000 0.000 21.163 30.354 26.916 27.231 27.558 26.466 27.675 27.197 27.674 25.824 26.916 27.147 28.778 25.522 17.254 0.000 -0.000 0.000 0.000 0.000 0.000 
0.000 0.000 -0.000 0.000 0.000 18.240 26.826 26.660 27.599 25.358 27.289 25.537 26.763 27.631 26.310 26.682 25.370 0.000 -0.000 -0.000 0.000 0.000 0.000 0.000 0.000 
0.000 -0.000 0.000 0.000 0.000 0.000 0.064 19.940 24.062 26.746 27.618 26.256 25.393 26.727 29.291 27.089 0.000 0.000 0.000 0.000 0.000 0.000 0.000 0.000 0.000 
0.000 0.000 -0.000 0.000 0.000 0.000 0.000 0.000 0.000 0.000 24.631 0.000 0.000 0.000 0.000 0.000 0.000 0.000 0.000 0.000 0.000 0.000 0.000 0.000 0.000 
0.000 0.000 0.000 0.000 0.000 0.000 0.000 0.000 0.000 0.000 0.000 0.000 0.000 0.000 0.000 0.000 0.000 0.000 0.000 0.000 0.000 0.000 0.000 0.000 0.000 
0.000 0.000 0.000 0.000 0.000 0.000 0.000 0.000 0.000 0.000 0.000 0.000 0.000 0.000 0.000 0.000 0.000 0.000 0.000 0.000 0.000 0.000 0.000 0.000 0.000 
