# Vol_scan Display Grid (processed)
# Grid size: 39 x 29
# Format: reflectivity
# Ref point: (-53000.000000, 165000.000000)
# Grid res: 1000.000000 meters
0.000 0.000 0.000 0.000 0.000 0.000 0.000 0.000 0.000 0.000 0.000 0.000 0.000 0.000 0.000 0.000 0.000 0.000 0.000 0.000 0.000 0.000 0.000 0.000 0.000 0.000 0.000 0.000 0.000 
0.000 0.000 0.000 0.000 0.000 0.000 0.000 0.000 0.000 0.000 0.000 0.000 0.000 0.000 0.000 0.000 0.000 0.000 -0.000 -0.000 0.000 -0.000 0.000 0.000 0.000 0.000 0.000 0.000 0.000 
0.000 0.000 0.000 0.000 0.000 0.000 0.000 0.000 0.000 0.000 0.000 0.000 0.000 0.000 0.000 0.000 0.000 0.000 0.000 0.000 0.000 0.000 0.000 0.000 0.000 0.000 0.000 0.000 0.000 
0.000 0.000 0.000 0.000 0.000 0.000 0.000 0.000 0.000 0.000 0.000 -0.000 0.000 0.000 0.000 0.000 0.000 0.000 -0.000 0.000 -0.000 0.000 0.000 0.000 0.000 0.000 0.000 0.000 0.000 
0.000 0.000 0.000 0.000 0.000 0.000 0.000 0.000 0.000 0.000 0.000 0.000 0.000 -0.000 0.000 -0.000 -0.000 0.000 0.000 0.000 0.000 0.000 0.000 0.000 0.000 0.000 0.000 0.000 0.000 
0.000 0.000 0.000 -0.000 0.000 0.000 0.000 0.000 -0.000 0.000 0.000 0.000 0.000 0.000 0.000 0.000 -0.000 0.000 0.000 -0.000 -0.000 0.000 -0.000 0.000 0.000 0.000 0.000 0.000 0.000 
0.000 0.000 -0.000 0.000 -0.000 0.000 0.000 0.000 0.000 0.000 0.000 0.000 0.000 -0.000 0.000 0.000 0.000 0.000 0.000 0.000 0.000 0.000 0.000 0.000 0.000 0.000 0.000 0.000 0.000 
0.000 0.000 0.000 0.000 0.000 0.000 0.000 0.000 0.000 0.000 0.000 0.000 -0.000 0.000 0.000 0.000 0.000 -0.000 0.000 -0.000 0.000 -0.000 0.000 0.000 0.000 0.000 0.000 0.000 0.000 
0.000 0.000 0.000 0.000 -0.000 0.000 -0.000 0.000 0.000 -0.000 0.000 0.000 0.000 0.000 -0.000 0.000 34.825 34.215 33.495 29.738 0.003 0.000 0.000 0.000 0.000 0.000 0.000 0.000 0.000 
0.000 0.000 0.000 0.000 -0.000 0.000 0.000 0.000 0.000 0.000 0.000 0.000 33.489 35.520 35.325 33.930 33.783 34.879 32.087 30.724 20.260 0.000 0.000 -0.000 0.000 0.000 0.000 0.000 0.000 
0.000 0.000 0.000 -0.000 0.000 -0.000 0.000 0.000 34.235 32.411 33.348 32.591 33.585 35.007 34.488 36.066 32.356 34.879 34.175 34.983 29.978 0.000 35.146 0.000 0.000 0.000 0.000 0.000 0.000 
0.000 0.000 0.000 0.000 0.000 0.000 0.000 32.649 32.592 35.727 32.461 32.211 35.903 34.095 34.054 34.265 34.552 33.918 34.350 35.063 34.383 35.082 35.711 0.003 0.000 0.000 0.000 0.000 0.000 
0.000 0.000 0.000 0.000 0.000 -0.000 0.000 29.513 36.171 35.727 35.851 34.955 33.728 37.358 33.831 35.856 34.453 34.066 34.660 35.063 34.677 34.706 31.993 30.114 0.000 0.000 0.000 0.000 0.000 
0.000 0.000 0.000 0.000 0.000 -0.000 0.000 30.596 35.124 33.328 35.806 32.713 33.957 33.364 35.193 33.562 34.544 33.346 33.085 35.504 34.677 34.706 36.284 32.773 36.734 0.000 0.000 0.000 0.000 
0.000 0.000 0.000 0.000 -0.000 28.822 37.501 36.009 34.758 34.760 31.906 32.713 34.363 34.334 33.071 36.223 33.287 33.649 35.139 35.277 37.081 32.831 35.785 37.140 36.009 0.000 0.000 0.000 0.000 
0.000 0.000 0.000 0.000 0.000 0.000 34.186 35.396 33.401 33.359 34.258 36.842 34.363 34.334 34.300 35.213 35.216 34.009 35.235 33.429 36.937 33.944 37.976 36.412 36.009 0.000 0.000 0.000 0.000 
0.000 0.000 0.000 0.000 0.000 0.000 33.696 35.327 35.468 34.097 34.976 33.735 35.738 34.461 34.300 35.213 33.373 35.027 34.411 34.421 34.140 31.975 31.764 32.678 36.174 0.000 0.000 0.000 0.000 
0.000 0.000 0.000 0.000 0.000 34.603 32.178 34.532 33.667 34.317 34.752 34.997 34.562 35.168 35.810 35.338 33.373 35.027 34.411 32.509 35.869 33.941 33.247 33.613 35.174 0.066 0.000 0.000 0.000 
0.000 0.000 0.000 0.000 0.000 34.909 32.178 34.532 33.667 33.208 35.733 35.936 36.529 36.545 34.496 35.293 49.150 46.707 42.793 33.490 34.694 33.941 35.948 34.644 37.689 34.710 0.000 0.000 0.000 
0.000 0.000 0.000 0.000 0.000 30.147 33.563 34.534 34.391 33.208 41.219 50.267 48.083 47.351 47.662 46.424 48.283 50.995 40.795 36.091 33.565 34.176 35.948 34.644 37.689 34.710 0.000 0.000 0.000 
0.000 0.000 0.000 0.000 0.000 0.000 31.504 34.288 31.891 33.454 35.212 48.469 48.083 47.351 47.662 46.424 47.452 48.412 47.223 33.315 36.191 34.408 32.422 34.350 37.315 0.000 0.000 0.000 0.000 
0.000 0.000 0.000 0.000 0.000 0.000 34.897 33.057 32.928 33.278 35.989 46.501 46.578 45.400 48.824 46.027 47.452 50.128 47.169 49.934 35.192 31.267 34.950 33.275 34.403 0.000 0.000 0.000 0.000 
0.000 0.000 0.000 0.000 0.000 0.000 34.897 33.057 32.928 34.047 34.462 47.219 46.666 46.559 47.321 48.313 51.677 47.744 48.375 48.132 35.192 31.267 34.950 33.275 34.403 0.000 0.000 0.000 0.000 
0.000 0.000 0.000 0.000 0.000 0.000 0.000 29.899 35.322 34.797 50.754 47.219 46.666 46.559 50.292 47.251 48.030 47.762 48.991 47.374 46.529 34.906 34.303 35.018 34.430 0.000 0.000 0.000 0.000 
0.000 0.000 0.000 0.000 0.000 0.000 -0.000 29.230 32.588 33.507 34.269 49.375 49.872 48.313 50.292 47.251 48.030 47.762 48.991 43.181 33.235 32.742 23.871 -0.000 -0.000 0.000 -0.000 0.000 0.000 
0.000 0.000 0.000 0.000 0.000 0.000 -0.000 29.230 32.588 33.903 34.111 49.315 50.658 46.697 46.571 47.711 44.604 46.685 49.342 49.717 36.796 32.742 23.871 -0.000 -0.000 0.000 -0.000 0.000 0.000 
0.000 0.000 0.000 0.000 0.000 0.000 0.000 0.000 0.000 0.000 29.777 33.774 50.658 46.697 46.571 47.711 44.604 48.036 47.118 46.420 33.615 35.417 32.360 0.000 0.000 0.000 0.000 0.000 0.000 
0.000 0.000 0.000 0.000 0.000 0.000 0.000 0.000 -0.000 0.000 -0.000 33.262 43.479 47.198 45.923 44.669 48.484 48.036 47.118 46.420 0.000 0.000 0.000 0.000 0.000 0.000 0.000 0.000 0.000 
0.000 0.000 0.000 0.000 0.000 0.000 0.000 0.000 -0.000 0.000 -0.000 33.262 43.479 -0.000 0.000 0.000 0.000 0.000 -0.000 0.000 -0.000 -0.000 0.000 -0.000 0.000 -0.000 0.000 0.000 0.000 
0.000 0.000 0.000 0.000 0.000 0.000 0.000 0.000 -0.000 0.000 0.000 0.000 0.000 -0.000 0.000 0.000 0.000 0.000 -0.000 0.000 -0.000 -0.000 0.000 -0.000 0.000 -0.000 0.000 0.000 0.000 
0.000 0.000 0.000 0.000 0.000 0.000 0.000 0.000 -0.000 0.000 0.000 0.000 0.000 0.000 0.000 0.000 0.000 0.000 0.000 0.000 0.000 -0.000 0.000 0.000 0.000 0.000 0.000 0.000 0.000 
0.000 0.000 0.000 0.000 0.000 0.000 0.000 -0.000 0.000 -0.000 0.000 0.000 0.000 0.000 0.000 0.000 0.000 0.000 0.000 0.000 0.000 -0.000 0.000 0.000 0.000 0.000 0.000 0.000 0.000 
0.000 0.000 0.000 0.000 0.000 0.000 0.000 -0.000 0.000 -0.000 0.000 0.000 0.000 0.000 0.000 0.000 0.000 0.000 -0.000 0.000 0.000 0.000 0.000 0.000 -0.000 -0.000 0.000 -0.000 0.000 
0.000 0.000 0.000 0.000 0.000 0.000 0.000 0.000 0.000 0.000 0.000 0.000 0.000 0.000 0.000 0.000 0.000 0.000 -0.000 0.000 0.000 0.000 0.000 0.000 -0.000 -0.000 0.000 -0.000 0.000 
0.000 0.000 0.000 0.000 0.000 0.000 0.000 0.000 0.000 0.000 0.000 0.000 0.000 0.000 0.000 0.000 0.000 -0.000 0.000 0.000 0.000 0.000 0.000 0.000 0.000 0.000 0.000 0.000 0.000 
0.000 0.000 0.000 0.000 0.000 0.000 0.000 0.000 0.000 -0.000 0.000 -0.000 0.000 0.000 0.000 0.000 0.000 -0.000 0.000 0.000 0.000 0.000 0.000 0.000 0.000 0.000 0.000 0.000 0.000 
0.000 0.000 0.000 0.000 0.000 0.000 0.000 0.000 0.000 -0.000 0.000 -0.000 0.000 0.000 0.000 0.000 0.000 -0.000 0.000 0.000 0.000 0.000 0.000 0.000 0.000 0.000 0.000 0.000 0.000 
0.000 0.000 0.000 0.000 0.000 0.000 0.000 0.000 0.000 -0.000 0.000 0.000 0.000 0.000 -0.000 0.000 0.000 0.000 0.000 0.000 0.000 0.000 0.000 0.000 0.000 0.000 0.000 0.000 0.000 
0.000 0.000 0.000 0.000 0.000 0.000 0.000 0.000 0.000 0.000 0.000 0.000 0.000 0.000 0.000 0.000 0.000 0.000 0.000 0.000 0.000 0.000 0.000 0.000 0.000 0.000 0.000 0.000 0.000 
