# Vol_scan Display Grid (processed)
# Grid size: 43 x 29
# Format: reflectivity
# Ref point: (-63000.000000, 165000.000000)
# Grid res: 1000.000000 meters
0.000 0.000 0.000 0.000 0.000 0.000 0.000 0.000 0.000 0.000 0.000 0.000 0.000 0.000 0.000 0.000 0.000 0.000 0.000 0.000 0.000 0.000 0.000 0.000 0.000 0.000 0.000 0.000 0.000 
0.000 0.000 0.000 0.000 0.000 0.000 0.000 0.000 0.000 0.000 0.000 0.000 0.000 0.000 0.000 0.000 -0.000 0.000 0.000 0.000 0.000 0.000 0.000 0.000 0.000 0.000 0.000 0.000 0.000 
0.000 0.000 0.000 0.000 0.000 0.000 0.000 0.000 0.000 0.000 0.000 0.000 0.000 0.000 -0.000 0.000 0.000 -0.000 0.000 0.000 0.000 0.000 0.000 0.000 0.000 0.000 0.000 0.000 0.000 
0.000 0.000 0.000 0.000 0.000 0.000 0.000 0.000 0.000 0.000 0.000 0.000 0.000 0.000 -0.000 0.000 0.000 0.000 0.000 0.000 0.000 0.000 0.000 0.000 0.000 0.000 0.000 0.000 0.000 
0.000 0.000 0.000 0.000 0.000 0.000 0.000 0.000 -0.000 0.000 0.000 -0.000 -0.000 0.000 0.000 0.000 0.000 0.000 0.000 -0.000 0.000 0.000 0.000 0.000 0.000 0.000 0.000 0.000 0.000 
0.000 0.000 0.000 0.000 0.000 -0.000 0.000 0.000 -0.000 0.000 0.000 0.000 0.000 0.000 0.000 0.000 -0.000 -0.000 0.000 0.000 0.000 0.000 0.000 0.000 0.000 0.000 0.000 0.000 0.000 
0.000 0.000 -0.000 0.000 0.000 0.000 0.000 0.000 0.000 0.000 0.000 0.000 0.000 0.000 0.000 0.000 0.000 0.000 -0.000 0.000 0.000 0.000 0.000 0.000 0.000 0.000 0.000 0.000 0.000 
0.000 0.000 -0.000 -0.000 0.000 0.000 0.000 0.000 0.000 -0.000 0.000 -0.000 0.000 -0.000 -0.000 0.000 0.000 0.000 0.000 0.000 -0.000 0.000 0.000 0.000 0.000 0.000 0.000 0.000 0.000 
0.000 0.000 0.000 0.000 0.000 0.000 -0.000 0.000 0.000 0.000 0.000 0.000 0.000 0.000 -0.000 0.000 0.000 -0.000 -0.000 0.000 -0.000 0.000 0.000 0.000 0.000 0.000 0.000 0.000 0.000 
0.000 0.000 0.000 0.000 0.000 0.000 0.000 0.000 0.000 0.000 0.000 -0.000 24.919 0.004 0.000 0.000 0.000 0.000 0.000 0.000 0.000 0.000 0.000 0.000 0.000 0.000 0.000 0.000 0.000 
0.000 0.000 0.000 0.000 0.000 0.000 0.000 0.000 0.000 0.000 -0.000 21.871 21.126 24.034 0.000 -0.000 0.000 -0.000 0.000 0.000 0.003 -0.000 0.000 0.000 0.000 0.000 0.000 0.000 0.000 
0.000 0.000 0.000 0.000 -0.000 0.000 0.000 -0.000 0.000 0.000 0.000 22.492 22.319 22.287 0.003 0.000 0.000 33.868 35.740 35.649 21.315 0.000 0.000 0.000 0.000 0.000 0.000 0.000 0.000 
0.000 0.000 0.000 0.000 0.000 0.000 0.000 0.000 0.000 0.000 0.000 0.000 25.189 33.807 33.074 31.502 35.675 36.972 34.994 36.168 29.575 0.000 0.000 0.000 0.000 0.000 0.000 0.000 0.000 
0.000 0.000 0.000 -0.000 0.000 0.000 0.000 0.000 0.000 0.000 36.917 32.557 36.136 35.788 33.054 34.033 32.341 35.392 35.913 34.257 27.093 0.000 37.171 0.000 0.000 0.000 0.000 0.000 0.000 
0.000 0.000 0.000 0.000 0.000 -0.000 32.578 35.443 35.343 33.652 33.046 32.920 33.320 32.285 34.894 35.170 34.403 34.826 35.979 35.684 32.571 35.014 37.122 0.003 0.000 0.000 0.000 0.000 0.000 
0.000 0.000 0.000 0.000 0.000 0.000 31.400 35.592 33.068 33.268 34.349 34.483 35.368 32.705 35.421 36.290 36.367 33.676 35.827 35.006 32.322 38.105 37.155 31.346 0.000 0.000 0.000 0.000 0.000 
0.000 0.000 0.000 0.000 -0.000 0.000 27.418 33.056 33.717 34.604 33.030 32.804 35.378 36.390 35.278 34.452 35.774 34.330 32.486 36.320 34.660 35.726 36.606 30.190 5.212 0.000 0.000 0.000 0.000 
0.000 0.000 0.000 0.000 0.000 0.000 0.000 33.242 33.840 32.455 36.056 32.447 34.124 34.184 35.177 35.284 36.120 32.767 38.275 34.103 36.773 35.399 35.081 38.513 35.676 0.000 0.000 0.000 0.000 
0.000 0.000 0.000 0.000 0.000 34.560 35.226 35.363 36.597 33.963 33.315 36.777 36.102 35.111 36.497 33.957 34.868 36.164 32.681 34.941 34.759 34.474 36.298 36.789 36.928 0.000 0.000 0.000 0.000 
0.000 0.000 0.000 0.000 0.000 34.870 34.803 33.372 32.174 36.318 33.068 32.772 33.046 35.719 34.448 37.748 33.989 36.098 34.645 31.492 35.250 37.317 37.956 34.457 38.163 0.000 0.000 0.000 0.000 
0.000 0.000 0.000 0.000 0.000 -0.000 34.272 34.865 34.101 33.289 33.778 36.298 34.531 34.824 33.860 36.702 34.762 36.098 35.491 36.492 34.210 35.601 35.340 33.933 36.384 0.000 0.000 0.000 0.000 
0.000 0.000 0.000 0.000 0.000 33.875 33.064 32.756 35.090 34.633 36.420 34.124 35.755 33.724 35.244 34.094 33.730 41.460 37.380 34.738 36.397 34.525 35.991 34.911 34.301 0.006 0.000 0.000 0.000 
0.000 0.000 0.000 0.000 0.000 34.516 32.085 35.361 35.540 34.633 34.761 34.227 35.193 42.583 44.272 42.932 41.444 39.521 40.892 34.738 34.685 32.108 36.264 34.782 33.804 35.537 0.000 0.000 0.000 
0.000 0.000 0.000 0.000 0.000 0.000 34.252 33.893 34.373 33.884 40.065 41.974 40.867 43.702 42.702 43.627 43.342 41.933 44.043 34.629 34.685 32.108 36.460 37.663 0.000 0.000 0.000 0.000 0.000 
0.000 0.000 0.000 0.000 0.000 0.000 36.646 32.549 33.207 37.425 35.582 41.974 41.121 43.821 41.597 42.016 41.757 42.422 39.106 41.720 34.063 34.082 35.729 33.897 32.973 0.000 0.000 0.000 0.000 
0.000 0.000 0.000 0.000 0.000 0.000 30.032 34.805 33.217 34.120 36.288 39.897 41.121 43.821 41.706 43.838 40.951 43.439 43.131 45.626 35.798 33.966 35.318 37.772 32.973 0.000 0.000 0.000 0.000 
0.000 0.000 0.000 0.000 0.000 0.000 0.000 34.772 33.021 34.948 40.620 39.859 41.792 42.272 41.706 43.838 42.844 42.311 40.041 47.082 42.381 35.691 34.248 37.156 34.394 0.000 0.000 0.000 0.000 
0.000 0.000 0.000 0.000 0.000 0.000 0.000 0.000 30.658 34.839 34.442 43.326 41.640 38.890 41.205 40.676 42.844 42.311 40.041 40.635 42.025 31.612 0.000 0.000 0.000 -0.000 0.000 0.000 0.000 
0.000 0.000 0.000 0.000 0.000 0.000 0.000 0.000 30.658 33.335 34.946 40.411 39.978 40.892 41.604 42.257 39.887 43.593 39.031 33.078 33.597 31.612 -0.000 -0.000 0.000 -0.000 0.000 0.000 0.000 
0.000 0.000 0.000 0.000 0.000 0.000 0.000 -0.000 34.255 33.335 0.000 0.000 30.689 38.889 42.245 40.977 40.409 41.605 44.568 35.397 33.870 34.564 -0.000 -0.000 0.000 -0.000 0.000 0.000 0.000 
0.000 0.000 0.000 0.000 0.000 0.000 0.000 0.000 0.000 0.000 0.000 0.000 30.689 38.889 42.245 40.977 40.410 46.171 41.483 42.817 32.686 31.087 0.000 0.000 0.000 0.000 0.000 0.000 0.000 
0.000 0.000 0.000 0.000 0.000 0.000 0.000 0.000 0.000 -0.000 0.000 0.000 27.929 36.838 40.914 42.942 40.410 0.000 0.000 0.000 -0.000 0.000 -0.000 0.000 -0.000 0.000 0.000 0.000 0.000 
0.000 0.000 0.000 0.000 0.000 0.000 0.000 0.000 0.000 0.000 0.000 0.000 -0.000 0.000 0.000 0.000 0.000 -0.000 0.000 -0.000 -0.000 0.000 -0.000 0.000 -0.000 0.000 -0.000 0.000 0.000 
0.000 0.000 0.000 0.000 0.000 0.000 0.000 0.000 0.000 0.000 0.000 0.000 -0.000 0.000 0.000 0.000 0.000 0.000 0.000 0.000 -0.000 0.000 0.000 0.000 0.000 0.000 -0.000 0.000 0.000 
0.000 0.000 0.000 0.000 0.000 0.000 0.000 0.000 -0.000 0.000 0.000 0.000 0.000 0.000 0.000 0.000 0.000 0.000 0.000 0.000 -0.000 0.000 0.000 -0.000 -0.000 0.000 -0.000 0.000 0.000 
0.000 0.000 0.000 0.000 0.000 0.000 0.000 0.000 -0.000 0.000 0.000 0.000 0.000 0.000 0.000 0.000 0.000 -0.000 0.000 0.000 0.000 0.000 0.000 -0.000 -0.000 0.000 -0.000 0.000 0.000 
0.000 0.000 0.000 0.000 0.000 0.000 0.000 0.000 0.000 0.000 0.000 0.000 0.000 0.000 0.000 0.000 0.000 0.000 0.000 0.000 0.000 0.000 0.000 0.000 0.000 0.000 0.000 0.000 0.000 
0.000 0.000 0.000 0.000 0.000 0.000 0.000 0.000 0.000 0.000 -0.000 0.000 0.000 0.000 0.000 0.000 -0.000 0.000 0.000 0.000 0.000 0.000 0.000 0.000 0.000 0.000 0.000 0.000 0.000 
0.000 0.000 0.000 0.000 0.000 0.000 0.000 0.000 0.000 0.000 -0.000 0.000 0.000 -0.000 0.000 0.000 0.000 0.000 -0.000 0.000 -0.000 -0.000 0.000 -0.000 0.000 -0.000 0.000 0.000 0.000 
0.000 0.000 0.000 0.000 0.000 0.000 0.000 0.000 0.000 0.000 0.000 0.000 0.000 -0.000 0.000 0.000 0.000 0.000 -0.000 0.000 -0.000 -0.000 0.000 -0.000 0.000 -0.000 0.000 -0.000 0.000 
0.000 0.000 0.000 0.000 0.000 0.000 0.000 0.000 0.000 0.000 0.000 0.000 0.000 0.000 0.000 0.000 0.000 0.000 0.000 0.000 0.000 -0.000 0.000 0.000 0.000 0.000 0.000 0.000 0.000 
0.000 0.000 0.000 0.000 0.000 0.000 0.000 0.000 0.000 -0.000 0.000 0.000 0.000 0.000 0.000 0.000 0.000 0.000 0.000 0.000 0.000 0.000 0.000 0.000 0.000 0.000 0.000 0.000 0.000 
0.000 0.000 0.000 0.000 0.000 0.000 0.000 0.000 0.000 0.000 0.000 0.000 0.000 0.000 0.000 0.000 0.000 0.000 0.000 0.000 0.000 0.000 0.000 0.000 0.000 0.000 0.000 0.000 0.000 
