# Vol_scan Display Grid (processed)
# Grid size: 30 x 30
# Format: reflectivity
# Ref point: (-37000.000000, 164000.000000)
# Grid res: 1000.000000 meters
0.000 0.000 0.000 0.000 0.000 0.000 0.000 0.000 0.000 0.000 0.000 0.000 0.000 0.000 0.000 0.000 0.000 0.000 0.000 0.000 0.000 0.000 0.000 0.000 0.000 0.000 0.000 0.000 0.000 0.000 
0.000 0.000 0.000 0.000 0.000 0.000 0.000 0.000 0.000 0.000 0.000 0.000 0.000 0.000 0.000 0.000 -0.000 -0.000 0.000 0.000 0.000 0.000 0.000 0.000 0.000 0.000 0.000 0.000 0.000 0.000 
0.000 0.000 0.000 0.000 0.000 0.000 0.000 0.000 0.000 0.000 0.000 0.000 0.000 0.000 0.000 0.000 0.000 0.000 0.000 0.000 0.000 0.000 0.000 0.000 0.000 0.000 0.000 0.000 0.000 0.000 
0.000 0.000 0.000 0.000 0.000 0.000 0.000 0.000 0.000 0.000 0.000 0.000 0.000 0.000 0.000 -0.000 -0.000 0.000 -0.000 0.000 0.000 0.000 0.000 0.000 0.000 0.000 0.000 0.000 0.000 0.000 
0.000 0.000 0.000 0.000 0.000 0.000 0.000 0.000 0.000 0.000 0.000 -0.000 0.000 0.000 0.000 -0.000 25.646 10.808 20.340 -0.000 0.000 0.000 0.000 0.000 0.000 0.000 0.000 0.000 0.000 0.000 
0.000 0.000 0.000 0.000 0.000 0.000 0.000 0.000 0.000 0.000 0.000 0.000 24.312 29.238 28.035 29.200 28.572 28.898 26.581 26.872 24.148 0.000 0.000 0.000 0.000 0.000 0.000 0.000 0.000 0.000 
0.000 0.000 0.000 0.000 0.000 0.000 0.000 0.000 0.000 -0.000 23.440 27.317 28.212 27.675 27.590 27.201 27.208 28.794 29.731 27.228 28.704 28.362 26.830 0.000 0.000 0.000 0.000 0.000 0.000 0.000 
0.000 0.000 0.000 0.000 0.000 0.000 0.000 -0.000 -0.000 20.364 27.613 30.333 27.971 29.095 28.218 27.652 28.931 30.334 27.262 27.341 27.990 29.018 29.988 23.716 0.000 0.000 0.000 0.000 0.000 0.000 
0.000 0.000 0.000 0.000 0.000 0.000 -0.000 -0.000 0.002 28.177 29.388 29.314 27.866 27.737 28.884 28.917 25.925 27.692 28.286 28.936 25.803 29.375 27.342 27.777 25.276 -0.000 0.000 0.000 0.000 0.000 
0.000 0.000 0.000 0.000 -0.000 0.000 0.000 3.271 28.767 26.968 28.207 27.190 28.321 28.147 28.228 27.824 28.278 28.928 26.907 28.180 27.522 26.917 27.332 28.728 28.032 0.000 0.000 -0.000 0.000 0.000 
0.000 0.000 0.000 0.000 0.000 0.000 0.000 23.596 28.769 28.340 29.413 27.817 26.993 28.224 27.188 27.269 27.497 27.709 26.036 27.604 30.029 29.064 28.533 28.003 26.923 26.329 0.000 0.000 -0.000 0.000 
0.000 0.000 0.000 -0.000 -0.000 0.000 0.000 27.652 26.870 27.554 28.603 27.557 27.741 28.441 28.054 27.865 27.539 28.856 27.669 27.029 28.510 27.710 27.112 28.350 26.989 28.068 0.000 -0.000 0.000 0.000 
0.000 0.000 0.000 0.000 -0.000 0.000 0.001 27.546 26.817 26.560 28.079 27.770 26.894 28.241 28.945 29.409 27.310 27.711 26.060 27.443 28.057 26.792 28.021 28.195 27.723 28.166 0.000 0.000 0.000 0.000 
0.000 0.000 0.000 0.000 -0.000 0.000 0.001 27.469 29.894 27.590 26.778 27.386 26.802 29.082 28.805 28.504 28.042 29.447 28.246 29.620 27.121 26.905 26.651 25.819 27.855 28.006 29.735 -0.000 -0.000 0.000 
0.000 0.000 0.000 0.000 0.000 0.000 0.004 28.373 27.904 29.356 29.449 27.499 27.975 26.907 28.327 27.878 26.469 30.236 29.670 27.681 29.882 28.356 29.580 27.612 27.314 29.140 26.612 0.000 0.000 0.000 
0.000 0.000 0.000 -0.000 0.000 0.000 23.796 27.502 26.041 25.384 29.098 26.417 28.531 26.902 27.284 27.385 26.845 28.189 31.289 27.392 29.192 27.483 28.815 28.529 29.254 28.435 26.841 0.000 0.000 0.000 
0.000 0.000 0.000 0.000 -0.000 0.000 4.932 30.063 28.977 27.544 30.185 27.023 27.208 28.235 25.862 29.191 30.647 28.464 28.650 27.045 27.737 26.947 29.063 28.337 29.917 28.661 27.646 -0.000 0.000 0.000 
0.000 0.000 0.000 0.000 -0.000 0.000 0.000 27.196 27.054 27.683 27.722 26.956 28.623 28.608 29.128 27.160 28.152 27.729 25.409 26.913 29.231 27.218 27.749 29.561 28.706 28.245 15.978 0.000 0.000 0.000 
0.000 0.000 0.000 0.000 0.000 0.000 0.000 25.319 26.701 26.035 28.514 28.203 27.115 27.909 28.510 26.628 26.927 27.752 28.755 27.248 28.479 27.024 27.776 29.416 27.868 28.755 0.000 0.000 0.000 0.000 
0.000 0.000 0.000 0.000 0.000 0.045 0.000 0.003 28.465 29.579 27.121 27.034 27.599 27.825 27.296 29.579 27.402 26.488 27.867 29.000 26.953 26.161 28.137 26.658 29.624 -0.000 -0.000 0.000 0.000 0.000 
0.000 0.000 0.000 0.000 0.000 0.000 0.029 0.000 21.836 29.042 26.752 26.970 27.592 28.770 27.036 28.032 27.838 27.027 28.716 26.632 27.529 26.465 28.319 28.228 26.104 0.000 0.000 0.000 0.000 0.000 
0.000 0.000 0.000 0.000 0.000 0.000 0.000 7.985 0.017 29.153 27.258 26.941 27.708 29.096 27.440 26.766 25.871 28.140 26.722 27.523 29.310 28.114 26.369 22.902 20.240 -0.000 0.000 0.000 0.000 0.000 
0.000 0.000 0.000 0.000 0.000 0.000 0.000 0.000 6.146 6.870 27.782 28.557 27.844 29.040 28.735 27.412 28.254 26.432 27.136 27.895 27.824 28.175 25.916 24.185 0.000 0.000 0.000 0.000 0.000 0.000 
0.000 0.000 0.000 0.000 0.000 0.000 0.000 0.000 0.000 6.360 6.671 28.111 27.207 28.144 27.677 26.610 28.873 28.979 25.914 24.741 24.499 26.201 15.738 -0.000 0.000 0.000 0.000 0.000 0.000 0.000 
0.000 0.000 0.000 0.000 0.000 0.000 0.000 0.000 0.000 0.000 0.000 7.553 7.624 27.234 25.229 22.687 26.383 27.770 24.313 23.155 16.983 0.000 0.000 0.000 0.000 0.000 0.000 0.000 0.000 0.000 
0.000 0.000 0.000 0.000 0.000 0.000 0.000 0.000 0.000 0.000 0.000 0.000 4.900 6.587 0.001 0.000 0.000 0.000 0.000 0.000 0.000 0.000 0.000 0.000 0.000 0.000 0.000 0.000 0.000 0.000 
0.000 0.000 0.000 0.000 0.000 0.000 0.000 0.000 0.000 0.000 0.000 0.000 0.000 0.000 0.021 0.001 0.000 0.000 0.000 0.000 -0.000 0.000 0.000 0.000 -0.000 0.000 0.000 0.000 0.000 0.000 
0.000 0.000 0.000 0.000 0.000 0.000 0.000 0.000 0.000 0.000 0.000 0.000 0.000 0.000 0.000 0.000 0.000 0.000 -0.000 0.000 -0.000 -0.000 0.000 0.000 0.000 0.000 0.000 0.000 0.000 0.000 
0.000 0.000 0.000 0.000 0.000 0.000 0.000 0.000 0.000 0.000 0.000 0.000 0.000 0.000 0.000 0.000 0.000 0.000 0.000 0.000 0.000 0.000 -0.000 -0.000 0.000 0.000 0.000 0.000 0.000 0.000 
0.000 0.000 0.000 0.000 0.000 0.000 0.000 0.000 0.000 0.000 0.000 0.000 0.000 0.000 0.000 0.000 0.000 0.000 0.000 0.000 0.000 0.000 0.000 0.000 0.000 0.000 0.000 0.000 0.000 0.000 
