# Vol_scan Display Grid (processed)
# Grid size: 28 x 28
# Format: reflectivity
# Ref point: (-47000.000000, 166000.000000)
# Grid res: 1000.000000 meters
0.000 0.000 0.000 0.000 0.000 0.000 0.000 0.000 0.000 0.000 0.000 0.000 0.000 0.000 0.000 0.000 0.000 -0.000 0.000 -0.000 0.000 0.000 0.000 0.000 0.000 0.000 0.000 0.000 
0.000 0.000 0.000 0.000 0.000 0.000 0.000 0.000 0.000 0.000 0.000 10.185 23.289 25.607 23.037 26.746 26.470 16.619 0.000 -0.000 0.000 0.000 0.000 0.000 0.000 0.000 0.000 0.000 
0.000 0.000 0.000 0.000 0.000 0.000 0.000 0.000 -0.000 23.688 23.524 28.492 28.219 29.019 29.190 27.089 27.005 27.619 23.924 24.330 0.000 0.000 0.000 0.000 0.000 0.000 0.000 0.000 
0.000 -0.000 0.000 0.000 0.000 0.000 0.000 1.467 23.165 27.775 26.917 29.313 27.863 27.423 29.490 27.553 28.908 28.397 28.174 27.510 22.009 0.000 0.000 0.000 0.000 0.000 0.000 0.000 
0.000 0.000 0.000 -0.000 0.000 0.000 14.195 25.090 27.197 26.551 26.748 29.360 26.819 26.725 28.674 27.485 29.568 27.840 27.545 28.581 26.988 24.791 0.000 0.000 0.000 0.000 0.000 0.000 
0.000 -0.000 0.000 0.000 0.000 0.000 7.938 28.601 26.772 28.784 28.292 28.391 27.034 28.471 29.220 28.792 27.350 28.343 28.035 27.401 27.045 27.131 25.323 0.000 0.000 0.000 0.000 0.000 
0.000 0.000 0.000 0.000 0.000 12.117 28.385 27.814 27.631 27.175 27.405 28.725 28.086 27.489 31.334 27.730 28.195 28.221 28.274 27.229 26.885 27.377 27.868 0.000 0.000 0.000 0.000 0.000 
0.000 -0.000 0.000 0.000 0.000 27.581 29.064 26.885 28.154 27.469 27.001 27.362 28.648 27.215 26.110 27.075 27.860 27.780 29.280 27.089 27.924 28.019 30.314 26.836 0.000 0.000 0.000 0.000 
0.000 0.000 -0.000 0.000 3.697 26.533 29.329 29.822 27.599 27.222 28.606 28.046 28.363 27.299 29.342 28.344 27.455 28.234 27.710 28.974 27.786 27.012 29.925 28.275 0.000 0.000 0.000 0.000 
0.000 0.000 0.000 0.000 0.085 29.425 28.470 26.166 27.813 28.300 28.466 29.005 27.652 26.313 30.179 27.962 27.805 27.795 28.290 28.837 27.166 27.255 29.439 27.308 -0.000 -0.000 0.000 0.000 
0.000 0.000 0.000 0.000 17.266 28.857 29.597 29.199 29.222 25.577 28.483 28.925 26.887 29.322 27.639 26.537 29.262 27.193 28.208 27.005 29.052 28.829 28.229 27.309 26.316 -0.000 -0.000 0.000 
0.000 0.000 0.004 0.000 26.893 27.854 27.789 28.937 27.387 28.180 27.174 27.486 30.590 31.923 34.443 32.704 28.183 28.856 27.058 29.371 27.580 26.907 28.938 28.276 26.018 0.000 0.000 0.000 
0.000 0.099 0.003 0.000 13.829 27.625 27.805 29.638 27.250 27.838 27.867 32.975 37.657 38.430 36.387 36.095 39.081 33.717 28.507 28.430 26.185 29.498 27.670 26.877 22.953 -0.000 0.000 0.000 
0.000 0.000 0.071 0.006 0.682 27.939 28.990 26.764 26.113 28.067 30.148 35.952 35.907 37.612 38.982 39.632 36.050 39.776 33.474 28.110 30.117 27.935 28.542 27.883 25.667 0.000 0.000 0.000 
0.000 0.000 0.039 0.044 1.124 29.132 28.585 30.303 28.064 26.743 37.518 37.724 36.862 39.046 37.021 37.320 36.658 38.627 35.665 28.619 29.230 28.464 28.032 27.736 -0.000 0.000 0.000 0.000 
0.000 0.000 0.000 8.865 6.629 25.896 28.008 28.284 28.070 26.463 37.807 36.739 37.556 35.297 39.367 34.488 38.338 36.372 37.781 28.959 29.341 27.547 27.912 27.617 0.000 0.000 0.000 0.000 
0.000 0.000 0.000 6.381 0.119 5.644 28.789 26.933 28.985 30.236 38.019 38.240 39.094 37.700 36.131 36.379 38.937 36.035 37.508 37.906 27.837 27.744 27.001 26.657 0.000 0.000 0.000 0.000 
0.000 0.000 0.000 0.000 3.120 4.622 26.825 26.803 29.883 27.673 39.661 36.514 37.918 36.231 37.990 37.337 38.372 37.803 37.178 32.053 29.766 28.709 28.731 0.000 0.000 0.000 0.000 0.000 
0.000 0.000 0.000 0.000 0.000 9.948 6.571 28.461 27.438 29.443 37.197 37.310 37.988 36.454 36.317 36.054 36.663 36.679 37.192 29.093 28.201 28.475 0.000 0.000 0.000 0.000 0.000 0.000 
0.000 0.000 0.000 0.000 0.000 5.300 5.196 0.136 23.990 28.842 35.598 38.732 35.769 37.705 37.159 37.788 36.860 38.725 36.646 28.982 23.885 0.000 0.000 0.000 0.000 0.000 0.000 0.000 
0.000 0.000 0.000 0.000 0.000 0.000 5.172 0.050 0.067 22.940 25.233 35.284 35.316 37.243 38.263 37.832 38.513 35.782 22.368 24.255 0.000 0.000 0.000 0.000 0.000 0.000 0.000 0.000 
0.000 0.000 0.000 0.000 0.000 0.000 0.000 0.084 0.048 0.014 0.001 1.983 31.435 34.057 35.740 35.434 21.641 19.960 0.000 0.000 0.000 0.000 0.000 0.000 0.000 0.000 0.000 0.000 
0.000 0.000 0.000 0.000 0.000 0.000 0.000 0.000 0.041 0.007 0.001 0.000 0.000 0.009 0.000 0.000 0.000 0.000 0.000 -0.000 0.000 0.000 0.000 0.000 0.000 0.000 0.000 0.000 
0.000 0.000 0.000 0.000 0.000 0.000 0.000 0.000 0.000 -0.000 0.007 0.001 0.000 0.000 0.000 0.000 0.000 -0.000 -0.000 0.000 0.000 0.000 0.000 0.000 0.000 0.000 0.000 0.000 
0.000 0.000 0.000 0.000 0.000 0.000 0.000 0.000 0.000 0.000 0.000 0.000 0.000 0.000 0.000 0.000 0.000 0.000 0.000 0.000 0.000 0.000 0.000 0.000 0.000 0.000 0.000 0.000 
0.000 0.000 0.000 0.000 0.000 0.000 0.000 0.000 0.000 0.000 0.000 0.000 -0.000 0.000 -0.000 -0.000 0.000 0.000 0.000 0.000 0.000 0.000 0.000 0.000 0.000 0.000 0.000 0.000 
0.000 0.000 0.000 0.000 0.000 0.000 0.000 0.000 0.000 0.000 0.000 0.000 0.000 0.000 0.000 0.000 0.000 0.000 0.000 0.000 0.000 0.000 0.000 0.000 0.000 0.000 0.000 0.000 
0.000 0.000 0.000 0.000 0.000 0.000 0.000 0.000 0.000 0.000 0.000 0.000 0.000 0.000 0.000 0.000 0.000 0.000 0.000 0.000 0.000 0.000 0.000 0.000 0.000 0.000 0.000 0.000 
