# Vol_scan Display Grid (processed)
# Grid size: 28 x 27
# Format: reflectivity
# Ref point: (-77000.000000, 167000.000000)
# Grid res: 1000.000000 meters
0.000 0.000 0.000 0.000 0.000 0.000 0.000 0.000 0.000 0.000 0.000 0.000 0.000 0.000 0.000 0.000 0.000 0.000 0.000 0.000 0.000 0.000 0.000 0.000 0.000 0.000 0.000 
0.000 0.000 0.000 0.000 0.000 0.000 0.000 0.000 0.000 0.000 -0.000 0.000 0.000 -0.000 -0.000 0.000 0.000 0.000 0.000 0.000 0.000 0.000 0.000 0.000 0.000 0.000 0.000 
0.000 0.000 0.000 0.000 0.000 0.000 0.000 0.000 0.000 0.000 0.000 -0.000 0.000 0.000 0.000 0.000 -0.000 0.000 0.000 0.000 0.000 0.000 0.000 0.000 0.000 0.000 0.000 
0.000 0.000 0.000 0.000 0.000 0.000 0.000 0.000 0.000 0.000 0.000 -0.000 0.000 -0.000 0.000 0.000 0.000 0.000 0.000 0.000 0.000 0.000 0.000 0.000 0.000 0.000 0.000 
0.000 0.000 0.000 0.000 0.000 0.000 0.000 -0.000 0.002 0.000 0.000 0.000 0.000 0.000 0.000 -0.000 0.000 0.000 0.000 0.000 0.000 0.000 0.000 0.000 0.000 0.000 0.000 
0.000 0.000 0.000 0.000 0.000 0.000 0.063 0.000 0.000 0.000 0.053 0.049 0.092 4.817 0.470 1.124 0.000 0.000 0.000 0.000 0.000 0.000 0.000 0.000 0.000 0.000 0.000 
0.000 0.000 0.000 0.000 4.760 0.024 8.719 0.001 0.025 4.323 24.290 25.852 22.876 23.921 25.232 24.012 17.163 13.818 0.000 0.000 0.000 0.000 0.000 0.000 0.000 0.000 0.000 
0.000 0.000 0.000 7.570 0.990 4.907 0.075 2.311 24.191 29.786 25.606 29.007 28.003 28.101 27.369 26.828 27.755 24.962 23.389 -0.000 0.000 0.000 0.000 0.000 0.000 0.000 0.000 
0.000 0.000 6.450 7.510 6.634 7.145 12.250 23.022 27.689 29.424 28.783 28.470 28.533 26.732 26.685 27.964 29.493 28.240 27.437 25.248 10.159 0.000 0.000 0.000 0.000 0.000 0.000 
0.000 0.000 7.830 8.783 4.969 18.486 27.952 27.604 28.345 27.721 29.139 27.714 27.346 28.053 28.294 26.993 27.887 27.702 28.221 27.963 23.952 0.000 0.000 0.000 0.000 0.000 0.000 
0.000 6.740 5.360 2.616 22.577 27.379 29.546 28.977 30.337 27.956 28.425 28.544 28.339 27.632 26.452 27.156 28.612 29.208 27.517 29.292 29.979 27.073 0.000 0.000 0.000 0.000 0.000 
0.000 5.650 7.771 6.941 30.595 27.858 25.752 27.460 29.216 28.636 28.995 28.160 26.876 27.700 28.010 28.881 26.528 27.840 27.539 27.488 28.276 28.102 0.000 0.000 0.000 0.000 0.000 
0.000 5.840 6.372 0.105 28.384 27.878 28.463 27.553 27.304 28.052 28.429 27.025 29.400 28.895 28.588 28.025 28.525 27.690 28.996 28.918 27.418 26.892 29.232 0.000 0.000 0.000 0.000 
0.000 0.032 0.016 15.818 28.161 27.432 27.101 28.697 26.291 27.550 27.488 29.135 29.080 27.537 28.979 29.445 30.543 27.510 29.579 28.877 28.111 28.718 27.338 0.000 0.000 0.000 0.000 
0.000 5.941 0.040 27.858 27.976 27.178 29.136 26.645 27.729 28.694 28.482 28.532 27.459 28.136 26.509 27.189 27.290 29.034 28.721 28.596 27.952 27.157 28.726 0.000 0.000 0.000 0.000 
0.000 0.114 0.003 27.970 28.943 27.271 28.866 27.457 27.581 26.803 26.699 27.142 27.665 28.127 27.364 29.810 27.200 28.827 27.557 28.245 26.444 27.897 28.316 0.000 0.000 0.000 0.000 
0.000 0.001 0.002 29.866 28.288 27.570 27.997 27.266 27.407 28.275 26.780 30.336 26.204 28.051 28.703 28.892 28.072 27.721 28.010 27.649 26.173 28.993 27.476 -0.000 -0.000 0.000 0.000 
0.000 0.000 0.002 28.403 28.021 28.108 27.591 28.776 27.998 27.337 28.527 27.129 27.271 26.178 29.616 27.717 28.642 29.406 27.291 29.677 30.676 28.466 27.194 -0.000 0.000 -0.000 0.000 
0.000 0.000 0.001 12.228 27.347 26.242 27.198 28.323 27.477 27.250 27.936 26.830 28.265 27.539 27.431 28.357 27.209 27.615 27.839 27.718 28.340 26.535 28.774 0.000 0.000 0.000 0.000 
0.000 0.000 0.000 0.001 29.780 28.303 28.509 27.365 27.666 26.302 26.624 27.753 27.659 27.495 27.908 27.112 27.077 25.270 27.951 28.013 27.868 29.555 26.608 -0.000 0.000 0.000 0.000 
0.000 0.000 0.000 0.001 30.287 27.999 27.887 28.018 27.189 27.191 28.520 28.899 27.960 26.474 27.444 27.347 27.233 26.115 26.885 29.739 28.852 27.554 27.656 0.000 0.000 0.000 0.000 
0.000 -0.000 0.000 0.000 4.141 27.539 27.436 27.783 27.740 27.605 26.557 27.129 26.958 28.199 27.140 26.721 26.806 26.653 28.334 27.710 28.102 27.532 0.000 0.000 0.000 0.000 0.000 
0.000 -0.000 0.000 0.000 0.000 24.163 28.670 27.651 27.181 27.700 26.355 25.439 27.055 26.555 27.130 26.511 26.831 27.515 27.367 27.704 27.515 20.787 0.000 0.000 0.000 0.000 0.000 
0.000 -0.000 -0.000 0.000 0.000 0.001 22.365 26.500 29.532 26.037 27.489 27.179 27.503 27.272 26.844 27.279 27.658 26.650 28.270 27.786 20.899 0.000 0.000 0.000 0.000 0.000 0.000 
0.000 -0.000 0.000 -0.000 0.000 0.000 0.001 21.709 26.941 27.263 27.302 25.876 25.735 26.830 27.414 27.721 28.447 28.985 24.749 24.704 0.000 0.000 0.000 0.000 0.000 0.000 0.000 
0.000 0.000 0.000 0.000 0.000 -0.000 0.000 0.000 17.146 27.513 25.469 27.445 27.448 28.936 26.762 25.023 22.890 24.245 0.000 -0.000 0.000 0.000 0.000 0.000 0.000 0.000 0.000 
0.000 0.000 0.000 0.000 0.000 0.000 0.000 0.000 0.000 0.000 0.000 26.660 24.660 24.370 28.874 23.724 0.000 -0.000 0.000 -0.000 -0.000 0.000 0.000 0.000 0.000 0.000 0.000 
0.000 0.000 0.000 0.000 0.000 0.000 0.000 0.000 0.000 0.000 0.000 0.000 0.000 0.000 0.000 0.000 0.000 0.000 0.000 0.000 0.000 0.000 0.000 0.000 0.000 0.000 0.000 
