# Vol_scan Display Grid (processed)
# Grid size: 40 x 30
# Format: reflectivity
# Ref point: (-63000.000000, 164000.000000)
# Grid res: 1000.000000 meters
0.000 0.000 0.000 0.000 0.000 0.000 0.000 0.000 0.000 0.000 0.000 0.000 0.000 0.000 0.000 0.000 0.000 0.000 0.000 0.000 0.000 0.000 0.000 0.000 0.000 0.000 0.000 0.000 0.000 0.000 
0.000 0.000 0.000 0.000 0.000 0.000 0.000 0.000 0.000 0.000 0.000 0.000 0.000 0.000 0.000 0.000 0.000 0.000 0.000 -0.000 0.000 0.000 0.000 0.000 0.000 0.000 0.000 0.000 0.000 0.000 
0.000 0.000 0.000 0.000 0.000 0.000 0.000 0.000 0.000 0.000 0.000 0.000 0.000 0.000 0.000 0.000 -0.000 -0.000 0.000 0.000 0.000 0.000 0.000 0.000 0.000 0.000 0.000 0.000 0.000 0.000 
0.000 0.000 0.000 0.000 0.000 0.000 0.000 0.000 0.000 0.000 0.000 0.000 0.000 0.000 0.000 0.000 -0.000 0.000 -0.000 0.000 0.000 0.000 0.000 0.000 0.000 0.000 0.000 0.000 0.000 0.000 
0.000 0.000 0.000 0.000 0.000 0.000 0.000 0.000 0.000 -0.000 0.000 -0.000 0.000 -0.000 -0.000 0.000 0.000 0.000 0.000 0.000 -0.000 0.000 0.000 0.000 0.000 0.000 0.000 0.000 0.000 0.000 
0.000 0.000 0.000 0.000 0.000 0.000 -0.000 0.000 0.000 0.000 0.000 0.000 0.000 0.000 0.000 0.000 0.000 -0.000 -0.000 0.000 0.000 0.000 0.000 0.000 0.000 0.000 0.000 0.000 0.000 0.000 
0.000 0.000 -0.000 0.000 0.000 0.000 0.000 0.000 0.000 0.000 0.000 -0.000 0.000 0.000 0.000 0.000 0.000 0.000 0.000 -0.000 0.000 0.000 0.000 0.000 0.000 0.000 0.000 0.000 0.000 0.000 
0.000 0.000 0.000 0.000 0.000 0.000 0.000 0.000 0.000 0.000 -0.000 0.000 -0.000 0.000 -0.000 -0.000 0.000 0.000 0.000 0.000 0.000 -0.000 0.000 0.000 0.000 0.000 0.000 0.000 0.000 0.000 
0.000 0.000 0.000 0.000 -0.000 0.000 0.000 -0.000 0.000 0.000 0.000 0.000 0.000 0.000 0.000 -0.000 34.596 37.074 36.947 32.151 0.000 -0.000 0.000 0.000 0.000 0.000 0.000 0.000 0.000 0.000 
0.000 0.000 0.000 -0.000 0.000 0.000 0.000 0.000 0.000 0.000 0.000 0.000 -0.000 37.696 37.810 34.342 36.078 33.033 33.335 31.482 0.002 0.000 0.000 0.000 0.000 0.000 0.000 0.000 0.000 0.000 
0.000 0.000 0.000 0.000 0.000 0.000 0.000 0.000 0.000 0.000 33.173 36.064 33.821 31.885 32.629 35.998 36.239 34.325 33.976 31.104 29.027 35.916 34.864 18.372 -0.000 0.000 0.000 0.000 0.000 0.000 
0.000 0.000 0.000 0.000 0.000 -0.000 0.000 0.000 32.583 35.481 32.529 32.633 35.578 36.722 36.697 35.968 33.730 32.229 33.513 33.311 34.132 34.294 36.321 32.795 -0.000 0.000 0.000 0.000 0.000 0.000 
0.000 0.000 0.000 0.000 -0.000 0.000 0.000 0.000 32.105 35.215 33.736 33.895 32.889 32.953 33.998 34.681 32.491 32.722 35.685 36.042 35.468 35.730 35.126 27.279 0.000 0.000 0.000 0.000 0.000 0.000 
0.000 0.000 0.000 0.000 -0.000 0.000 0.000 0.000 29.532 35.125 35.378 35.272 34.701 34.268 35.250 35.918 35.693 33.996 34.383 35.045 33.757 37.282 36.032 36.094 36.044 0.000 0.000 0.000 0.000 0.000 
0.000 0.000 0.000 0.000 0.000 0.000 -0.000 33.650 34.332 33.337 34.194 34.281 35.482 32.822 32.661 32.870 35.581 34.605 35.452 36.919 35.748 37.786 33.911 34.371 35.441 30.580 0.000 0.000 0.000 0.000 
0.000 0.000 0.000 0.000 0.000 -0.000 31.537 35.211 31.610 34.686 36.500 35.160 33.799 34.468 36.825 35.802 33.253 35.517 31.901 36.269 34.420 37.159 34.137 35.309 35.592 30.580 0.000 0.000 0.000 0.000 
0.000 0.000 0.000 0.000 0.000 -0.000 0.000 33.976 34.537 34.041 33.493 37.470 33.641 34.001 32.464 35.118 38.599 33.844 32.224 34.525 33.796 33.199 32.673 34.134 33.358 34.645 0.000 0.000 0.000 0.000 
0.000 0.000 0.000 0.000 0.000 0.000 0.000 36.054 32.608 34.548 34.434 33.984 34.077 35.431 34.209 36.395 36.530 36.255 32.392 35.189 35.315 34.543 35.150 32.116 34.600 34.371 6.041 0.000 0.000 0.000 
0.000 0.000 0.000 0.000 0.000 0.000 34.095 37.123 33.840 33.507 33.828 37.472 34.280 35.524 31.900 35.841 32.949 41.406 45.189 36.474 36.166 34.716 34.447 36.524 33.588 35.462 6.041 0.000 0.000 0.000 
0.000 0.000 0.000 0.000 0.000 0.000 35.455 32.818 33.377 35.299 34.481 33.947 33.137 41.859 41.420 37.577 38.426 39.880 43.395 40.114 35.612 35.445 35.798 35.303 35.575 35.730 37.488 0.000 0.000 0.000 
0.000 0.000 0.000 0.000 0.000 0.000 -0.000 33.391 34.481 37.014 36.197 37.107 37.720 43.139 39.004 42.846 39.432 40.851 43.395 36.997 36.801 33.639 33.780 36.298 36.969 31.750 0.000 0.000 0.000 0.000 
0.000 0.000 0.000 0.000 0.000 0.000 0.000 32.752 34.818 33.888 35.313 34.058 38.962 39.579 42.978 41.057 41.961 43.167 39.148 40.752 43.854 32.896 33.765 35.213 36.543 34.192 0.000 0.000 0.000 0.000 
0.000 0.000 0.000 0.000 0.000 0.000 0.000 36.747 34.505 34.978 35.313 35.149 41.185 42.788 40.473 43.912 42.416 42.366 39.942 45.184 43.854 34.682 34.862 35.565 36.328 33.954 0.000 0.000 0.000 0.000 
0.000 0.000 0.000 0.000 0.000 0.000 0.000 33.699 35.743 35.762 35.072 38.852 40.371 42.484 40.652 39.460 40.183 41.550 43.940 44.290 40.798 34.682 34.862 36.421 35.041 -0.000 0.000 0.000 0.000 0.000 
0.000 0.000 0.000 0.000 0.000 0.000 0.000 -0.000 29.604 33.646 33.393 42.417 40.371 38.002 40.736 40.679 40.849 40.660 43.834 42.795 38.596 36.271 34.663 34.333 0.000 0.000 0.000 0.000 0.000 0.000 
0.000 0.000 0.000 0.000 0.000 0.000 0.000 0.000 0.000 32.328 33.001 32.207 42.145 38.002 40.736 41.041 42.164 40.868 39.788 41.059 37.628 35.420 34.185 29.434 0.000 0.000 0.000 0.000 0.000 0.000 
0.000 0.000 0.000 0.000 0.000 0.000 0.000 0.000 0.000 33.175 33.377 31.864 34.423 38.986 41.812 41.041 42.164 40.128 40.544 44.281 41.941 32.642 33.093 35.894 -0.000 0.000 0.000 0.000 0.000 0.000 
0.000 0.000 0.000 0.000 0.000 0.000 0.000 0.000 -0.000 0.000 0.000 0.000 28.807 42.409 39.783 41.334 40.696 40.128 40.544 44.281 43.391 33.941 0.000 0.000 0.000 0.000 -0.000 0.000 0.000 0.000 
0.000 0.000 0.000 0.000 0.000 0.000 0.000 0.000 -0.000 0.000 0.000 0.000 30.551 38.447 42.026 44.619 40.834 0.000 0.000 0.000 -0.000 0.000 0.000 -0.000 -0.000 0.000 -0.000 0.000 0.000 0.000 
0.000 0.000 0.000 0.000 0.000 0.000 0.000 0.000 -0.000 0.000 0.000 0.000 0.000 0.000 0.000 0.000 0.000 -0.000 0.000 0.000 0.000 0.000 0.000 -0.000 -0.000 0.000 -0.000 0.000 0.000 0.000 
0.000 0.000 0.000 0.000 0.000 0.000 0.000 0.000 0.000 0.000 0.000 0.000 0.000 0.000 0.000 0.000 0.000 0.000 0.000 0.000 0.000 0.000 0.000 0.000 0.000 0.000 0.000 0.000 0.000 0.000 
0.000 0.000 0.000 0.000 0.000 0.000 0.000 0.000 0.000 0.000 -0.000 0.000 0.000 0.000 0.000 0.000 -0.000 0.000 0.000 0.000 0.000 -0.000 0.000 -0.000 0.000 -0.000 0.000 0.000 0.000 0.000 
0.000 0.000 0.000 0.000 0.000 0.000 0.000 0.000 0.000 0.000 0.000 0.000 0.000 -0.000 0.000 0.000 0.000 0.000 -0.000 0.000 -0.000 -0.000 0.000 -0.000 0.000 -0.000 0.000 -0.000 0.000 0.000 
0.000 0.000 0.000 0.000 0.000 0.000 0.000 0.000 0.000 -0.000 0.000 0.000 0.000 -0.000 0.000 0.000 0.000 0.000 0.000 0.000 0.000 -0.000 0.000 0.000 0.000 0.000 0.000 -0.000 0.000 0.000 
0.000 0.000 0.000 0.000 0.000 0.000 0.000 0.000 0.000 -0.000 0.000 0.000 0.000 0.000 0.000 0.000 0.000 0.000 0.000 0.000 0.000 -0.000 0.000 0.000 -0.000 -0.000 0.000 -0.000 0.000 0.000 
0.000 0.000 0.000 0.000 0.000 0.000 0.000 0.000 0.000 -0.000 0.000 0.000 0.000 0.000 0.000 0.000 0.000 0.000 -0.000 0.000 0.000 0.000 0.000 0.000 -0.000 -0.000 0.000 -0.000 0.000 0.000 
0.000 0.000 0.000 0.000 0.000 0.000 0.000 0.000 0.000 0.000 0.000 0.000 0.000 0.000 0.000 0.000 0.000 0.000 0.000 0.000 0.000 0.000 0.000 0.000 0.000 0.000 0.000 0.000 0.000 0.000 
0.000 0.000 0.000 0.000 0.000 0.000 0.000 0.000 0.000 0.000 0.000 -0.000 0.000 0.000 0.000 0.000 0.000 -0.000 0.000 0.000 0.000 0.000 0.000 0.000 0.000 0.000 0.000 0.000 0.000 0.000 
0.000 0.000 0.000 0.000 0.000 0.000 0.000 0.000 0.000 0.000 0.000 -0.000 0.000 0.000 0.000 0.000 0.000 0.000 0.000 0.000 0.000 0.000 0.000 0.000 0.000 0.000 0.000 0.000 0.000 0.000 
0.000 0.000 0.000 0.000 0.000 0.000 0.000 0.000 0.000 0.000 0.000 0.000 0.000 0.000 0.000 0.000 0.000 0.000 0.000 0.000 0.000 0.000 0.000 0.000 0.000 0.000 0.000 0.000 0.000 0.000 
