# Vol_scan Display Grid (processed)
# Grid size: 31 x 22
# Format: reflectivity
# Ref point: (-59000.000000, 171000.000000)
# Grid res: 1000.000000 meters
0.000 0.000 0.000 0.000 0.000 0.000 0.000 0.000 0.000 0.000 0.000 0.000 0.000 0.000 0.000 0.000 0.000 0.000 0.000 0.000 0.000 0.000 
0.000 0.000 0.000 -0.000 0.000 0.000 0.000 0.000 0.000 0.000 0.000 0.000 0.000 0.000 0.000 0.000 0.000 0.000 0.000 0.000 0.000 0.000 
-0.000 0.000 0.000 0.000 0.000 0.000 -0.000 0.000 0.000 0.000 0.000 0.000 0.000 0.000 0.000 0.000 0.000 0.000 0.000 0.000 0.000 0.000 
0.000 0.000 0.000 -0.000 -0.000 0.000 7.383 7.927 24.390 23.351 24.974 0.000 0.000 0.000 0.000 0.000 0.000 0.000 0.000 0.000 0.000 0.000 
0.000 0.000 0.000 0.001 8.413 25.611 24.415 28.449 26.761 27.165 28.802 27.483 26.900 28.434 0.000 0.000 0.000 0.000 0.000 0.000 0.000 0.000 
0.000 0.000 4.470 22.839 25.536 27.096 28.931 27.930 28.226 28.715 27.080 27.189 28.092 29.164 26.218 23.925 0.000 0.000 0.000 0.000 0.000 0.000 
0.000 0.001 22.436 25.596 28.562 28.521 27.026 28.542 27.506 27.612 28.359 27.363 28.490 28.395 26.534 28.930 22.039 -0.000 0.000 -0.000 0.000 0.000 
0.521 15.223 26.718 28.031 28.571 28.467 28.228 27.923 26.230 28.218 28.525 28.133 28.178 27.713 28.817 27.667 27.288 0.000 0.000 0.000 0.000 0.000 
6.127 25.772 27.626 27.424 28.052 27.592 28.385 27.699 27.818 26.821 27.504 29.666 26.954 28.973 28.873 30.477 28.004 28.550 -0.000 0.000 0.000 0.000 
17.479 28.118 27.070 29.350 29.970 29.017 28.768 29.482 29.465 29.113 26.399 28.041 28.061 29.389 28.800 28.630 27.627 28.087 22.752 0.000 0.000 0.000 
28.127 28.252 27.611 28.227 27.607 28.177 27.993 27.229 27.789 27.498 26.783 26.563 27.930 28.828 30.133 28.558 28.984 27.523 27.864 0.000 0.000 0.000 
28.328 28.136 28.310 27.745 26.617 27.220 29.159 28.583 27.869 28.338 27.779 28.057 27.386 29.367 28.094 27.748 27.564 27.526 28.090 0.000 0.000 0.000 
27.033 27.990 28.267 30.124 26.738 29.191 27.523 27.518 26.547 27.003 30.077 28.517 28.179 28.025 28.159 28.704 28.674 29.884 28.133 -0.000 0.000 0.000 
27.981 28.512 28.980 28.168 27.238 26.462 27.665 26.523 27.424 28.695 27.435 27.254 28.666 29.619 28.581 28.267 28.390 28.436 26.399 0.000 0.000 0.000 
29.865 28.420 26.575 29.054 27.290 29.014 27.639 27.413 27.836 26.412 26.258 27.008 28.067 27.579 27.955 29.240 26.437 26.582 27.654 0.000 0.000 0.000 
28.438 28.427 28.369 27.000 27.782 27.177 24.869 25.845 28.297 27.450 27.215 26.049 27.815 28.230 27.812 27.728 28.363 28.813 27.354 0.000 0.000 0.000 
27.041 28.116 26.011 26.859 27.264 26.118 25.386 26.045 26.067 26.212 25.673 25.952 26.821 25.868 27.171 28.098 27.179 28.985 27.210 0.000 0.000 0.000 
25.670 27.183 27.530 27.794 28.964 28.052 28.243 25.731 26.259 28.506 25.510 25.857 27.447 26.535 27.991 28.125 28.678 29.005 27.525 0.000 0.000 0.000 
25.916 27.514 27.309 26.979 27.897 26.706 25.458 27.219 26.296 26.738 26.342 27.356 26.678 27.294 28.003 28.620 28.304 28.167 21.516 0.000 0.000 0.000 
0.024 28.803 28.182 27.354 27.596 27.638 26.716 27.531 26.673 26.273 25.933 26.621 28.518 26.686 25.421 28.894 29.719 28.054 0.000 0.000 0.000 0.000 
0.068 12.342 28.516 28.495 29.311 26.445 26.926 28.482 28.346 25.975 28.304 28.578 26.585 25.905 26.937 29.149 27.694 0.000 0.000 0.000 0.000 0.000 
0.079 0.000 21.010 28.343 28.859 27.040 26.970 25.375 27.311 26.237 26.541 26.935 26.840 28.268 28.630 26.978 0.000 0.000 0.000 0.000 0.000 0.000 
0.051 0.003 0.000 5.306 25.813 29.845 27.559 27.303 29.568 26.810 26.119 26.715 26.340 28.148 28.760 0.000 0.000 0.000 0.000 0.000 0.000 0.000 
0.000 0.006 0.000 0.000 0.000 14.273 23.871 22.614 26.950 28.103 23.454 25.532 25.369 0.000 0.000 0.000 0.000 0.000 0.000 0.000 0.000 0.000 
0.000 0.000 0.000 0.000 0.000 0.000 0.000 0.001 0.006 14.750 0.000 -0.000 0.000 0.000 0.000 0.000 0.000 0.000 0.000 0.000 0.000 0.000 
0.000 0.000 -0.000 0.000 0.000 0.000 -0.000 0.000 -0.000 -0.000 0.000 0.000 0.000 0.000 0.000 0.000 0.000 0.000 0.000 0.000 0.000 0.000 
0.000 0.000 -0.000 0.000 0.000 0.000 0.000 0.000 0.000 0.000 0.000 0.000 0.000 0.000 0.000 0.000 0.000 0.000 0.000 0.000 0.000 0.000 
0.000 0.000 0.000 -0.000 0.000 0.000 -0.000 0.000 0.000 0.000 0.000 0.000 0.000 0.000 0.000 0.000 0.000 0.000 0.000 0.000 0.000 0.000 
0.000 0.000 0.000 0.000 -0.000 0.000 0.000 0.000 0.000 0.000 0.000 0.000 0.000 0.000 0.000 0.000 0.000 0.000 0.000 0.000 0.000 0.000 
0.000 0.000 0.000 0.000 0.000 0.000 0.000 0.000 0.000 0.000 0.000 0.000 0.000 0.000 0.000 0.000 0.000 0.000 0.000 0.000 0.000 0.000 
0.000 0.000 0.000 0.000 0.000 0.000 0.000 0.000 0.000 0.000 0.000 0.000 0.000 0.000 0.000 0.000 0.000 0.000 0.000 0.000 0.000 0.000 
