# Vol_scan Display Grid (processed)
# Grid size: 38 x 28
# Format: reflectivity
# Ref point: (-49000.000000, 165000.000000)
# Grid res: 1000.000000 meters
0.000 0.000 0.000 0.000 0.000 0.000 0.000 0.000 0.000 0.000 0.000 0.000 0.000 0.000 0.000 0.000 0.000 0.000 0.000 0.000 0.000 0.000 0.000 0.000 0.000 0.000 0.000 0.000 
0.000 0.000 0.000 0.000 0.000 0.000 0.000 0.000 0.000 0.000 0.000 0.000 0.000 0.000 0.000 0.000 -0.000 0.000 0.000 -0.000 -0.000 0.000 0.000 0.000 0.000 0.000 0.000 0.000 
0.000 0.000 0.000 0.000 0.000 0.000 0.000 0.000 0.000 0.000 0.000 0.000 0.000 -0.000 0.000 0.000 0.000 0.000 0.000 0.000 0.000 0.000 0.000 0.000 0.000 0.000 0.000 0.000 
0.000 0.000 0.000 0.000 0.000 0.000 0.000 0.000 0.000 0.000 0.000 0.000 -0.000 0.000 0.000 0.000 0.000 -0.000 0.000 -0.000 0.000 -0.000 0.000 0.000 0.000 0.000 0.000 0.000 
0.000 0.000 0.000 0.000 -0.000 0.000 -0.000 0.000 0.000 -0.000 0.000 0.000 0.000 0.000 -0.000 0.000 -0.000 -0.000 0.000 0.000 0.000 0.000 0.000 0.000 0.000 0.000 0.000 0.000 
0.000 0.000 -0.000 0.000 -0.000 0.000 0.000 0.000 0.000 0.000 0.000 0.000 0.000 0.000 0.000 0.000 0.000 0.000 0.000 0.000 -0.000 -0.000 0.000 0.000 0.000 0.000 0.000 0.000 
0.000 0.000 0.000 -0.000 0.000 -0.000 0.000 0.000 0.000 0.000 0.000 0.000 0.000 0.000 -0.000 0.000 0.000 0.000 0.000 0.000 0.000 0.000 0.000 0.000 0.000 0.000 0.000 0.000 
0.000 0.000 0.000 0.000 0.000 0.000 0.000 0.000 0.000 0.000 0.000 0.000 0.000 -0.000 0.000 0.000 0.000 35.551 32.241 29.914 0.000 0.000 -0.000 0.000 0.000 0.000 0.000 0.000 
0.000 0.000 0.000 0.000 0.000 -0.000 0.000 -0.000 0.000 0.000 -0.000 0.000 0.000 31.486 34.096 31.905 35.067 36.667 34.406 29.914 0.002 0.000 0.000 0.000 0.000 0.000 0.000 0.000 
0.000 0.000 0.000 -0.000 0.000 -0.000 0.000 0.000 0.000 33.628 34.449 35.055 35.574 32.290 33.504 34.712 34.308 34.004 35.553 28.435 0.002 0.000 -0.000 0.000 0.000 0.000 0.000 0.000 
0.000 0.000 0.000 0.000 -0.000 0.000 -0.000 31.125 33.736 36.368 33.734 35.055 33.189 35.721 33.802 33.467 34.029 34.061 34.669 31.606 33.601 37.489 32.275 0.000 0.000 0.000 0.000 0.000 
0.000 0.000 0.000 0.000 0.000 0.000 0.000 0.000 34.000 34.648 35.997 33.964 33.189 35.721 34.287 35.928 32.922 35.051 34.267 34.704 32.188 34.935 36.379 0.003 0.000 0.000 0.000 0.000 
0.000 0.000 0.000 0.000 0.000 0.000 -0.000 0.000 30.930 35.808 33.114 32.225 34.981 34.750 34.287 35.928 32.951 37.949 35.391 35.445 35.717 32.026 36.209 18.210 0.000 0.000 0.000 0.000 
0.000 0.000 0.000 0.000 0.000 34.421 36.858 35.396 33.982 36.139 36.844 34.652 30.157 32.889 34.030 31.456 32.951 37.949 35.391 33.243 32.367 33.981 35.018 36.665 36.726 0.000 0.000 0.000 
0.000 0.000 0.000 0.000 -0.000 0.000 36.858 35.396 33.982 34.760 35.958 34.402 32.825 35.284 33.951 35.104 35.788 34.518 32.960 34.473 34.827 33.981 35.506 36.609 35.429 0.000 0.000 0.000 
0.000 0.000 0.000 0.000 0.000 -0.000 33.439 35.015 33.209 34.760 32.558 34.754 30.511 35.411 33.160 34.037 34.682 37.752 35.424 36.799 37.341 34.303 35.506 36.609 35.429 0.000 0.000 0.000 
0.000 0.000 0.000 0.000 0.000 33.358 33.655 32.838 34.576 35.062 31.944 35.160 30.511 35.411 33.160 34.037 35.398 34.603 32.029 35.928 35.658 34.391 35.082 35.392 35.480 0.000 0.000 0.000 
0.000 0.000 0.000 0.000 0.000 33.098 34.381 34.255 33.814 33.245 35.183 33.176 34.063 35.188 34.840 32.712 35.398 46.643 42.823 35.506 33.707 34.290 33.445 36.248 36.831 0.009 0.000 0.000 
0.000 0.000 0.000 0.000 0.000 33.098 34.381 34.255 33.814 34.443 34.126 46.307 43.922 42.298 46.139 42.404 43.310 45.335 44.383 33.204 33.707 34.290 33.445 36.248 36.831 0.009 0.000 0.000 
0.000 0.000 0.000 0.000 0.000 -0.000 36.052 34.670 33.986 36.382 32.694 46.307 43.922 42.298 42.873 48.112 45.749 45.226 42.714 33.351 35.285 35.681 34.287 35.276 33.916 0.000 0.000 0.000 
0.000 0.000 0.000 0.000 0.000 0.000 32.527 33.204 35.781 32.643 35.674 43.282 42.740 45.487 42.873 48.112 45.749 45.226 42.714 46.283 35.675 34.018 35.109 34.944 37.259 0.000 0.000 0.000 
0.000 0.000 0.000 0.000 0.000 0.000 32.527 33.204 35.781 32.751 35.488 47.553 44.219 48.113 48.247 43.455 44.493 46.188 44.543 43.235 36.948 34.018 35.109 34.944 37.259 0.000 0.000 0.000 
0.000 0.000 0.000 0.000 0.000 0.000 0.000 32.779 33.167 33.947 46.739 44.387 44.219 48.113 48.247 43.455 44.493 45.231 46.741 46.072 37.064 31.348 33.670 34.843 34.706 0.000 0.000 0.000 
0.000 0.000 0.000 0.000 0.000 0.000 0.000 33.089 33.021 33.813 32.871 45.721 41.656 46.482 44.293 44.286 44.541 45.231 46.741 46.072 35.556 37.150 29.473 0.000 0.000 0.000 0.000 0.000 
0.000 0.000 0.000 0.000 0.000 0.000 0.000 33.089 33.021 33.813 32.871 45.721 41.656 43.336 45.493 45.473 42.938 47.562 45.243 44.404 33.201 33.058 29.842 -0.000 0.000 -0.000 0.000 0.000 
0.000 0.000 0.000 0.000 0.000 0.000 -0.000 0.000 -0.000 0.000 30.329 41.217 46.073 43.336 45.493 45.473 42.938 47.562 45.243 44.404 33.201 33.058 29.842 -0.000 0.000 -0.000 0.000 0.000 
0.000 0.000 0.000 0.000 0.000 0.000 -0.000 0.000 -0.000 0.000 30.329 33.913 46.135 43.189 44.606 43.623 43.386 46.194 43.396 44.716 32.681 34.898 32.361 0.000 0.000 0.000 0.000 0.000 
0.000 0.000 0.000 0.000 0.000 0.000 0.000 -0.000 0.000 -0.000 32.582 33.913 46.135 43.189 44.606 0.000 0.000 0.000 0.000 0.000 0.000 -0.000 0.000 0.000 0.000 0.000 0.000 0.000 
0.000 0.000 0.000 0.000 0.000 0.000 0.000 -0.000 0.000 -0.000 0.000 0.000 0.000 0.000 0.000 0.000 0.000 0.000 -0.000 0.000 0.000 0.000 0.000 0.000 -0.000 -0.000 0.000 0.000 
0.000 0.000 0.000 0.000 0.000 0.000 0.000 0.000 0.000 0.000 0.000 0.000 0.000 0.000 0.000 0.000 0.000 0.000 -0.000 0.000 0.000 0.000 0.000 0.000 -0.000 -0.000 0.000 0.000 
0.000 0.000 0.000 0.000 0.000 0.000 0.000 0.000 0.000 0.000 0.000 0.000 0.000 0.000 0.000 0.000 0.000 -0.000 0.000 0.000 0.000 0.000 0.000 0.000 0.000 0.000 0.000 0.000 
0.000 0.000 0.000 0.000 0.000 0.000 0.000 0.000 0.000 -0.000 0.000 -0.000 0.000 0.000 0.000 0.000 0.000 -0.000 0.000 0.000 0.000 0.000 0.000 0.000 0.000 0.000 0.000 0.000 
0.000 0.000 0.000 0.000 0.000 0.000 0.000 0.000 0.000 -0.000 0.000 -0.000 0.000 0.000 0.000 0.000 0.000 -0.000 0.000 0.000 0.000 0.000 0.000 0.000 0.000 0.000 0.000 0.000 
0.000 0.000 0.000 0.000 0.000 0.000 0.000 -0.000 0.000 -0.000 0.000 0.000 0.000 0.000 -0.000 0.000 0.000 0.000 0.000 -0.000 0.000 -0.000 -0.000 0.000 -0.000 0.000 -0.000 0.000 
0.000 0.000 0.000 0.000 0.000 0.000 0.000 -0.000 0.000 -0.000 0.000 0.000 0.000 0.000 -0.000 0.000 0.000 0.000 0.000 -0.000 0.000 -0.000 -0.000 0.000 -0.000 0.000 -0.000 0.000 
0.000 0.000 0.000 0.000 0.000 0.000 0.000 -0.000 0.000 -0.000 0.000 0.000 0.000 0.000 -0.000 0.000 0.000 0.000 0.000 -0.000 0.000 -0.000 -0.000 0.000 -0.000 0.000 -0.000 0.000 
0.000 0.000 0.000 0.000 0.000 0.000 0.000 0.000 -0.000 0.000 -0.000 0.000 0.000 0.000 0.000 0.000 0.000 0.000 0.000 0.000 0.000 0.000 0.000 0.000 0.000 0.000 0.000 0.000 
0.000 0.000 0.000 0.000 0.000 0.000 0.000 0.000 0.000 0.000 0.000 0.000 0.000 0.000 0.000 0.000 0.000 0.000 0.000 0.000 0.000 0.000 0.000 0.000 0.000 0.000 0.000 0.000 
