# Vol_scan Display Grid (processed)
# Grid size: 41 x 27
# Format: reflectivity
# Ref point: (-43000.000000, 166000.000000)
# Grid res: 1000.000000 meters
0.000 0.000 0.000 0.000 0.000 0.000 0.000 0.000 0.000 0.000 0.000 0.000 0.000 0.000 0.000 0.000 0.000 0.000 0.000 0.000 0.000 0.000 0.000 0.000 0.000 0.000 0.000 
0.000 0.000 0.000 0.000 0.000 0.000 0.000 0.000 0.000 0.000 0.000 0.000 0.000 0.000 0.000 0.000 0.000 0.000 0.000 -0.000 0.000 0.000 0.000 0.000 0.000 0.000 0.000 
0.000 0.000 0.000 0.000 0.000 0.000 0.000 0.000 0.000 0.000 0.000 0.000 0.000 0.000 -0.000 0.000 -0.000 -0.000 0.000 0.000 0.000 0.000 0.000 0.000 0.000 0.000 0.000 
0.000 0.000 0.000 0.000 0.000 0.000 0.000 0.000 0.000 -0.000 0.000 0.000 0.000 0.000 0.000 0.000 0.000 -0.000 0.000 0.000 0.000 -0.000 0.000 0.000 0.000 0.000 0.000 
0.000 0.000 0.000 -0.000 0.000 -0.000 0.000 0.000 0.000 0.000 0.000 0.000 0.000 0.000 -0.000 0.000 0.000 0.000 0.000 0.000 -0.000 -0.000 0.000 0.000 0.000 0.000 0.000 
0.000 0.000 0.000 0.000 0.000 0.000 0.000 0.000 0.000 0.000 0.000 0.000 0.000 -0.000 0.000 0.000 0.000 0.000 0.000 0.000 0.000 0.000 0.000 0.000 0.000 0.000 0.000 
0.000 0.000 0.000 0.000 0.000 -0.000 0.000 -0.000 0.000 0.000 0.000 0.000 0.000 -0.000 0.000 -0.000 0.000 -0.000 -0.000 0.000 -0.000 0.000 0.000 0.000 0.000 0.000 0.000 
0.000 0.000 0.000 0.000 0.000 -0.000 0.000 0.000 0.000 0.000 -0.000 0.000 0.000 0.000 0.000 -0.000 0.000 -0.000 -0.000 0.000 0.000 0.000 0.000 0.000 0.000 0.000 0.000 
0.000 0.000 0.000 0.000 0.000 -0.000 0.000 0.000 0.000 0.000 0.000 0.000 0.000 0.000 0.000 34.994 32.346 28.444 0.004 0.000 0.000 -0.000 -0.000 0.000 0.000 0.000 0.000 
0.000 0.000 0.000 0.000 -0.000 0.000 -0.000 0.000 0.000 36.077 32.601 36.392 34.222 35.814 33.559 35.281 33.390 29.936 0.002 0.000 0.000 -0.000 -0.000 0.000 0.000 0.000 0.000 
0.000 0.000 0.000 0.000 0.000 0.000 0.000 30.355 34.314 34.254 32.076 36.392 34.222 35.814 33.559 33.706 33.801 32.481 34.218 0.000 0.000 0.000 0.000 0.000 0.000 0.000 0.000 
0.000 0.000 0.000 0.000 0.000 0.000 -0.000 0.000 33.139 33.655 33.106 32.649 31.662 33.733 33.339 33.706 33.229 33.934 36.978 31.598 35.938 30.701 0.000 0.000 0.000 0.000 0.000 
0.000 0.000 0.000 0.000 0.000 0.000 -0.000 0.000 30.666 34.212 34.536 33.773 32.260 33.095 34.351 33.228 35.323 32.411 35.844 31.598 35.938 30.701 0.000 0.000 0.000 0.000 0.000 
0.000 0.000 0.000 0.000 0.000 34.654 33.682 33.911 34.225 34.496 34.536 33.773 32.260 34.844 34.351 34.249 34.015 33.669 34.900 34.540 34.559 35.186 0.003 0.000 0.000 0.000 0.000 
0.000 0.000 0.000 0.000 0.000 27.669 34.590 34.403 34.517 33.206 36.052 33.989 35.348 34.844 34.351 34.249 34.015 33.669 35.650 34.153 32.896 35.249 37.389 38.776 0.000 0.000 0.000 
0.000 0.000 0.000 0.000 0.000 27.669 34.590 34.403 35.123 33.005 34.569 32.956 33.086 35.580 36.432 33.579 34.484 37.055 35.001 34.411 32.896 35.249 37.389 38.776 0.000 0.000 0.000 
0.000 0.000 0.000 0.000 0.000 32.734 35.431 32.361 35.466 37.100 33.561 32.956 33.086 35.580 36.432 33.579 34.737 35.283 33.659 33.668 34.872 33.353 35.866 34.489 0.000 0.000 0.000 
0.000 0.000 0.000 0.000 0.000 36.485 35.780 33.732 35.905 35.575 33.798 35.010 37.182 36.272 34.960 31.352 34.737 35.283 33.659 34.932 35.567 33.960 33.850 35.358 0.000 0.000 0.000 
0.000 0.000 0.000 0.000 0.000 36.485 35.780 33.732 35.905 35.575 33.798 35.010 34.420 36.063 34.973 37.575 34.880 31.441 34.489 32.147 35.012 35.424 36.536 36.431 35.552 0.000 0.000 
0.000 0.000 0.000 0.000 0.000 32.368 36.151 33.706 34.428 32.232 32.721 32.852 34.420 36.063 34.973 37.575 34.880 31.441 34.489 32.147 35.012 35.424 36.536 36.431 35.552 0.000 0.000 
0.000 0.000 0.000 0.000 29.767 32.368 36.151 33.706 34.428 32.232 33.691 35.260 34.432 34.573 35.423 35.392 38.724 33.318 35.602 36.199 34.198 34.378 36.096 32.785 0.000 0.000 0.000 
0.000 0.000 0.000 0.000 0.000 34.404 36.525 36.115 33.263 35.437 33.691 35.260 34.432 34.573 35.567 36.543 36.366 35.552 35.170 36.046 33.719 34.204 36.096 32.785 0.000 0.000 0.000 
0.000 0.000 0.000 0.000 0.000 34.404 33.388 34.208 33.064 34.121 35.376 35.267 32.903 35.279 35.847 35.542 36.189 36.472 33.482 34.530 34.060 37.594 33.781 35.227 0.000 0.000 0.000 
0.000 0.000 0.000 0.000 0.000 0.000 35.112 32.794 35.975 34.635 35.376 35.267 32.903 35.279 35.847 35.542 36.189 36.472 33.482 34.530 34.060 37.594 33.781 35.227 0.000 0.000 0.000 
0.000 0.000 0.000 0.000 0.000 0.000 35.112 32.794 35.975 34.635 35.376 35.267 32.903 35.279 35.847 39.036 34.172 35.014 32.957 33.794 31.664 37.202 27.776 0.000 0.000 0.000 0.000 
0.000 0.000 0.000 0.000 0.000 0.000 0.000 0.000 33.739 36.222 34.242 32.313 34.030 35.288 36.232 39.036 34.172 35.014 32.957 33.794 31.664 37.202 27.776 0.000 0.000 0.000 0.000 
0.000 0.000 0.000 0.000 0.000 0.000 0.000 0.000 33.739 36.222 34.242 32.313 34.030 35.288 36.232 39.036 34.172 35.014 32.957 33.794 31.664 37.202 27.776 0.000 0.000 0.000 0.000 
0.000 0.000 0.000 0.000 0.000 0.000 0.000 0.000 31.001 34.387 36.317 32.837 35.008 33.803 34.188 36.163 36.340 0.000 -0.000 0.000 -0.000 -0.000 0.000 -0.000 0.000 0.000 0.000 
0.000 0.000 0.000 0.000 0.000 0.000 0.000 0.000 -0.000 0.000 0.000 0.000 0.000 -0.000 32.924 33.901 28.463 0.000 -0.000 0.000 -0.000 -0.000 0.000 -0.000 0.000 0.000 0.000 
0.000 0.000 0.000 0.000 0.000 0.000 0.000 0.000 -0.000 0.000 0.000 0.000 0.000 -0.000 32.924 33.901 28.463 0.000 -0.000 0.000 -0.000 -0.000 0.000 -0.000 0.000 0.000 0.000 
0.000 0.000 0.000 0.000 0.000 0.000 0.000 -0.000 0.000 -0.000 0.000 0.000 0.000 0.000 33.187 34.282 26.659 0.000 0.000 0.000 0.000 -0.000 0.000 0.000 0.000 0.000 0.000 
0.000 0.000 0.000 0.000 0.000 0.000 0.000 -0.000 0.000 -0.000 0.000 0.000 0.000 0.000 0.000 0.000 0.000 0.000 0.000 0.000 0.000 -0.000 0.000 0.000 0.000 0.000 0.000 
0.000 0.000 0.000 0.000 0.000 0.000 0.000 -0.000 0.000 -0.000 0.000 0.000 0.000 0.000 0.000 0.000 0.000 0.000 0.000 0.000 0.000 -0.000 0.000 0.000 0.000 0.000 0.000 
0.000 0.000 0.000 0.000 0.000 0.000 0.000 -0.000 0.000 -0.000 0.000 0.000 0.000 0.000 0.000 0.000 0.000 0.000 0.000 0.000 0.000 -0.000 0.000 0.000 0.000 0.000 0.000 
0.000 0.000 0.000 0.000 0.000 0.000 0.000 0.000 0.000 0.000 0.000 0.000 0.000 0.000 0.000 0.000 0.000 0.000 -0.000 0.000 0.000 0.000 0.000 0.000 -0.000 -0.000 0.000 
0.000 0.000 0.000 0.000 0.000 0.000 0.000 0.000 0.000 0.000 0.000 0.000 0.000 0.000 0.000 0.000 0.000 0.000 -0.000 0.000 0.000 0.000 0.000 0.000 -0.000 -0.000 0.000 
0.000 0.000 0.000 0.000 0.000 0.000 0.000 0.000 0.000 0.000 0.000 0.000 0.000 0.000 0.000 0.000 0.000 0.000 -0.000 0.000 0.000 0.000 0.000 0.000 -0.000 -0.000 0.000 
0.000 0.000 0.000 0.000 0.000 0.000 0.000 0.000 0.000 0.000 0.000 0.000 0.000 0.000 0.000 0.000 0.000 0.000 0.000 0.000 0.000 0.000 0.000 0.000 0.000 0.000 0.000 
0.000 0.000 0.000 0.000 0.000 0.000 0.000 0.000 0.000 0.000 0.000 0.000 0.000 0.000 0.000 0.000 0.000 0.000 0.000 0.000 0.000 0.000 0.000 0.000 0.000 0.000 0.000 
0.000 0.000 0.000 0.000 0.000 0.000 0.000 0.000 0.000 0.000 0.000 0.000 0.000 0.000 0.000 0.000 0.000 0.000 0.000 0.000 0.000 0.000 0.000 0.000 0.000 0.000 0.000 
0.000 0.000 0.000 0.000 0.000 0.000 0.000 0.000 0.000 0.000 0.000 0.000 0.000 0.000 0.000 0.000 0.000 0.000 0.000 0.000 0.000 0.000 0.000 0.000 0.000 0.000 0.000 
