# Vol_scan Display Grid (processed)
# Grid size: 30 x 30
# Format: reflectivity
# Ref point: (-31000.000000, 164000.000000)
# Grid res: 1000.000000 meters
0.000 0.000 0.000 0.000 0.000 0.000 0.000 0.000 0.000 0.000 0.000 0.000 0.000 0.000 0.000 0.000 0.000 0.000 0.000 0.000 0.000 0.000 0.000 0.000 0.000 0.000 0.000 0.000 0.000 0.000 
0.000 0.000 0.000 0.000 0.000 0.000 0.000 0.000 0.000 0.000 0.000 0.000 0.000 0.000 0.000 0.000 0.000 0.000 0.000 0.000 0.000 0.000 0.000 0.000 0.000 0.000 0.000 0.000 0.000 0.000 
0.000 0.000 0.000 0.000 0.000 0.000 0.000 0.000 0.000 0.000 0.000 0.000 0.000 -0.000 -0.000 0.000 0.000 0.000 0.000 0.000 0.000 0.000 0.000 0.000 0.000 0.000 0.000 0.000 0.000 0.000 
0.000 0.000 0.000 0.000 0.000 0.000 0.000 0.000 0.000 0.000 0.000 0.000 -0.000 0.000 0.000 -0.000 0.000 0.000 -0.000 0.000 0.000 0.000 0.000 0.000 0.000 0.000 0.000 0.000 0.000 0.000 
0.000 0.000 0.000 0.000 0.000 0.000 0.000 0.000 0.000 0.000 0.000 -0.000 0.000 -0.000 21.382 19.193 -0.000 22.600 -0.000 0.000 0.000 0.000 0.000 0.000 0.000 0.000 0.000 0.000 0.000 0.000 
0.000 0.000 0.000 0.000 0.000 0.000 0.000 0.000 0.000 0.000 0.000 -0.000 -0.000 26.388 28.611 27.930 29.167 26.581 27.449 26.661 26.681 0.000 0.000 0.000 0.000 0.000 0.000 0.000 0.000 0.000 
0.000 0.000 0.000 0.000 0.000 0.000 0.000 0.000 0.000 -0.000 -0.000 20.783 27.984 28.393 29.076 28.782 28.878 27.435 26.457 30.290 26.624 27.491 28.130 0.000 0.000 0.000 0.000 0.000 0.000 0.000 
0.000 0.000 0.000 0.000 0.000 0.000 0.000 0.000 0.000 -0.000 24.149 26.556 27.853 28.231 29.513 27.136 28.027 29.315 28.326 29.728 26.889 29.383 29.146 22.749 0.000 0.000 0.000 0.000 0.000 0.000 
0.000 0.000 0.000 0.000 0.000 -0.000 0.000 0.000 0.000 23.773 27.664 27.603 28.825 26.900 27.455 27.948 27.889 27.658 27.716 28.164 27.369 28.343 30.673 27.769 24.193 0.000 0.000 -0.000 0.000 0.000 
0.000 0.000 0.000 0.000 0.000 0.000 0.000 -0.000 24.441 28.605 28.142 28.306 27.821 27.879 27.525 27.099 28.847 30.140 27.818 28.893 28.369 27.290 29.172 27.576 27.643 0.000 0.000 0.000 0.000 0.000 
0.000 0.000 0.000 -0.000 -0.000 0.000 0.000 0.001 27.104 26.846 27.934 27.890 27.419 27.774 26.292 27.298 26.441 27.682 28.997 28.135 28.141 27.029 28.743 29.680 27.715 26.869 0.000 -0.000 0.000 0.000 
0.000 0.000 0.000 0.000 0.000 -0.000 0.000 18.941 29.087 28.538 26.975 28.671 28.040 27.181 26.519 27.668 27.184 27.690 27.469 27.436 28.128 28.228 28.583 29.442 28.373 28.039 0.000 -0.000 0.000 0.000 
0.000 0.000 -0.000 0.000 0.000 0.000 0.000 28.004 27.452 27.777 27.601 26.532 27.324 27.526 27.879 28.041 29.245 25.367 27.665 27.270 26.923 30.270 29.055 28.413 25.970 29.484 -0.000 -0.000 0.000 0.000 
-0.000 -0.000 -0.000 0.000 0.000 0.000 0.001 28.904 28.864 26.938 30.589 28.429 27.510 28.473 26.594 27.936 28.440 28.252 27.021 27.634 27.365 27.981 28.013 27.921 27.248 27.431 30.168 0.000 0.000 0.000 
0.000 -0.000 -0.000 -0.000 0.000 0.000 0.003 28.695 29.097 28.779 27.201 26.211 25.278 25.983 26.634 27.431 27.346 28.521 27.852 27.685 26.763 28.088 28.596 26.990 27.737 28.301 27.658 0.000 0.000 0.000 
0.000 0.000 0.000 -0.000 -0.000 -0.000 0.002 27.527 27.911 27.646 27.269 28.731 26.977 25.411 30.134 28.934 28.629 26.892 27.999 27.549 27.240 28.098 27.738 27.347 27.644 28.157 28.478 0.000 0.000 0.000 
0.000 -0.000 0.000 -0.000 0.000 0.000 0.002 28.420 29.811 28.329 28.538 28.063 28.498 28.183 25.822 26.956 28.993 28.851 28.296 26.399 27.192 27.848 26.047 25.942 27.251 28.907 0.000 0.000 0.000 0.000 
0.000 0.000 0.000 0.000 -0.000 0.000 0.001 27.507 29.485 27.924 27.621 28.724 27.366 29.483 27.552 27.107 28.149 27.476 28.030 28.391 28.209 28.754 27.013 28.140 28.144 26.529 14.103 -0.000 0.000 0.000 
0.000 0.000 0.000 0.000 0.000 0.000 0.000 10.940 28.140 29.286 28.234 27.880 27.215 28.086 28.667 26.892 28.236 27.988 29.148 27.179 28.796 28.448 28.572 28.174 28.601 25.925 0.000 0.000 0.000 0.000 
0.000 0.000 0.000 0.000 -0.000 0.000 0.000 0.001 28.086 28.252 27.033 29.441 28.042 27.936 28.429 26.349 28.478 30.786 27.579 26.216 28.411 26.974 27.951 26.604 26.560 26.460 -0.000 0.000 0.000 0.000 
0.000 0.000 0.000 0.000 0.000 0.000 0.000 0.000 25.882 28.348 26.962 26.408 28.150 29.890 28.317 28.936 27.857 28.404 27.704 26.814 26.893 27.486 27.866 27.703 27.710 -0.000 -0.000 0.000 0.000 0.000 
0.000 0.000 0.000 0.000 0.000 0.000 0.000 0.035 0.002 28.298 26.865 27.299 27.740 26.812 25.666 30.272 26.753 27.011 28.459 28.340 27.854 27.968 26.995 26.842 0.000 -0.000 0.000 0.000 0.000 0.000 
0.000 0.000 0.000 0.000 0.000 0.000 0.000 0.000 2.530 0.007 26.203 28.580 29.178 27.276 29.865 27.995 27.472 28.509 27.840 26.811 29.544 27.413 24.072 17.403 0.000 0.000 0.000 0.000 0.000 0.000 
0.000 0.000 0.000 0.000 0.000 0.000 0.000 0.000 0.000 7.210 6.023 26.176 26.171 27.690 27.324 28.295 26.842 26.427 27.946 26.909 26.141 24.503 21.191 0.000 0.000 0.000 0.000 0.000 0.000 0.000 
0.000 0.000 0.000 0.000 0.000 0.000 0.000 0.000 0.000 0.000 5.750 4.220 5.807 27.594 22.267 25.682 23.967 24.553 23.268 23.898 23.224 0.000 0.000 0.000 -0.000 0.000 0.000 0.000 0.000 0.000 
0.000 0.000 0.000 0.000 0.000 0.000 0.000 0.000 0.000 0.000 0.000 0.000 5.830 6.260 0.014 0.001 0.002 0.001 0.000 0.000 0.000 0.000 -0.000 0.000 0.000 0.000 0.000 0.000 0.000 0.000 
0.000 0.000 0.000 0.000 0.000 0.000 0.000 0.000 0.000 0.000 0.000 0.000 0.000 0.000 0.000 0.000 0.000 0.000 0.000 0.000 -0.000 0.000 0.000 0.000 -0.000 0.000 0.000 0.000 0.000 0.000 
0.000 0.000 0.000 0.000 0.000 0.000 0.000 0.000 0.000 0.000 0.000 0.000 0.000 0.000 0.000 0.000 0.000 -0.000 -0.000 0.000 0.000 0.000 0.000 0.000 0.000 0.000 0.000 0.000 0.000 0.000 
0.000 0.000 0.000 0.000 0.000 0.000 0.000 0.000 0.000 0.000 0.000 0.000 0.000 0.000 0.000 0.000 0.000 0.000 0.000 0.000 -0.000 -0.000 0.000 0.000 0.000 0.000 0.000 0.000 0.000 0.000 
0.000 0.000 0.000 0.000 0.000 0.000 0.000 0.000 0.000 0.000 0.000 0.000 0.000 0.000 0.000 0.000 0.000 0.000 0.000 0.000 0.000 0.000 0.000 0.000 0.000 0.000 0.000 0.000 0.000 0.000 
