# Vol_scan Display Grid (processed)
# Grid size: 30 x 30
# Format: reflectivity
# Ref point: (-33000.000000, 164000.000000)
# Grid res: 1000.000000 meters
0.000 0.000 0.000 0.000 0.000 0.000 0.000 0.000 0.000 0.000 0.000 0.000 0.000 0.000 0.000 0.000 -0.000 0.000 0.000 0.000 0.000 0.000 0.000 0.000 0.000 0.000 0.000 0.000 0.000 0.000 
0.000 0.000 0.000 0.000 0.000 0.000 0.000 0.000 0.000 0.000 0.000 0.000 0.000 0.000 0.000 -0.000 0.000 0.000 0.000 0.000 0.000 0.000 0.000 0.000 0.000 0.000 0.000 0.000 0.000 0.000 
0.000 0.000 0.000 0.000 0.000 0.000 0.000 0.000 0.000 0.000 0.000 0.000 0.000 0.000 -0.000 0.000 0.000 0.000 0.000 0.000 0.000 0.000 0.000 0.000 0.000 0.000 0.000 0.000 0.000 0.000 
0.000 0.000 0.000 0.000 0.000 0.000 0.000 0.000 0.000 0.000 0.000 0.000 -0.000 0.000 0.000 -0.000 0.000 0.000 0.000 -0.000 0.000 0.000 0.000 0.000 0.000 0.000 0.000 0.000 0.000 0.000 
0.000 0.000 0.000 0.000 0.000 0.000 0.000 0.000 0.000 0.000 0.000 0.000 0.000 22.212 21.477 24.854 24.281 25.170 20.743 24.383 0.000 0.000 0.000 0.000 0.000 0.000 0.000 0.000 0.000 0.000 
0.000 0.000 0.000 0.000 0.000 0.000 0.000 0.000 0.000 0.000 0.000 25.452 23.673 29.749 26.889 27.863 26.284 28.963 30.140 28.462 25.361 28.315 0.000 0.000 0.000 0.000 0.000 0.000 0.000 0.000 
0.000 0.000 0.000 0.000 0.000 0.000 0.000 0.000 0.000 -0.000 24.635 26.889 29.519 28.113 27.442 28.775 27.486 26.995 28.389 26.321 26.836 28.138 28.201 0.000 0.000 0.000 0.000 0.000 0.000 0.000 
0.000 0.000 0.000 0.000 0.000 0.000 0.000 0.000 -0.000 22.950 27.488 28.226 28.192 27.381 29.002 26.161 29.848 27.646 28.180 26.808 29.026 27.229 27.102 28.521 0.000 0.000 0.000 0.000 0.000 0.000 
0.000 0.000 0.000 0.000 0.000 0.000 0.000 0.000 11.173 28.266 26.630 29.540 28.202 27.733 27.728 27.513 29.520 28.880 28.167 28.615 27.762 29.239 28.543 26.836 25.869 0.000 0.000 0.000 -0.000 0.000 
0.000 0.000 0.000 0.000 -0.000 0.000 0.000 0.000 25.485 27.572 28.216 27.955 28.135 28.243 27.419 29.269 27.751 27.440 27.173 28.201 27.254 27.806 29.814 28.312 28.112 22.524 0.000 0.000 0.000 -0.000 
0.000 0.000 0.000 -0.000 -0.000 -0.000 0.000 3.185 27.623 25.676 28.046 26.724 27.088 27.272 27.599 29.127 27.997 28.389 26.164 30.444 28.113 29.143 28.242 26.408 25.728 26.497 -0.000 0.000 -0.000 0.000 
0.000 0.000 0.000 -0.000 -0.000 0.000 1.885 23.694 27.268 28.413 26.379 26.444 27.141 28.867 27.672 27.639 27.686 29.518 28.026 28.775 27.160 28.389 28.959 26.657 29.972 27.032 0.000 0.000 -0.000 0.000 
0.000 -0.000 -0.000 0.000 -0.000 0.000 10.606 27.556 28.395 28.008 29.008 29.157 27.742 27.259 26.588 27.237 28.552 26.889 28.558 29.349 28.494 29.030 28.487 26.295 28.169 27.550 28.508 -0.000 0.000 0.000 
-0.000 -0.000 -0.000 0.000 0.000 0.000 0.001 27.992 29.893 26.220 27.044 27.799 27.207 27.724 27.048 29.580 27.367 27.748 27.356 27.457 28.053 28.780 28.580 28.045 29.196 29.528 28.716 -0.000 0.000 0.000 
0.000 0.000 -0.000 0.000 0.000 0.000 0.001 27.154 28.094 28.241 27.382 27.854 27.481 26.436 27.205 29.966 28.430 25.304 26.820 28.814 28.275 29.830 26.701 27.750 28.778 29.242 26.597 -0.000 0.000 0.000 
0.000 0.000 0.000 0.000 0.000 0.000 0.003 28.629 27.334 27.328 29.057 28.739 27.865 26.494 26.826 26.954 29.438 26.386 28.343 29.093 28.566 28.021 28.614 27.604 29.020 28.492 29.944 -0.000 0.000 0.000 
0.000 0.000 0.000 0.000 0.000 0.000 0.004 27.137 28.333 26.436 26.977 26.934 27.525 28.365 26.159 26.919 26.406 27.266 28.119 26.255 28.312 29.879 25.394 27.471 27.394 26.391 -0.000 0.000 0.000 0.000 
0.000 0.000 0.000 0.000 0.000 -0.000 0.000 27.534 27.744 27.310 29.068 27.838 28.861 28.593 28.737 27.834 28.919 28.116 27.152 27.109 27.950 29.494 26.892 28.245 27.862 28.014 -0.000 0.000 0.000 0.000 
0.000 0.000 0.000 0.000 0.000 0.000 0.000 26.649 28.835 27.518 27.603 27.369 27.579 28.347 27.591 28.352 25.371 27.307 27.984 26.960 28.074 27.172 28.230 26.645 28.209 27.116 0.000 0.000 0.000 0.000 
0.000 0.000 0.000 0.000 0.000 0.000 0.000 0.001 29.277 28.875 26.935 27.202 27.529 29.761 26.829 27.282 27.489 25.671 26.957 27.465 27.337 26.749 27.525 29.080 28.674 -0.000 -0.000 0.000 0.000 0.000 
0.000 0.000 0.000 0.000 0.000 0.000 0.000 0.015 0.002 27.555 28.835 27.738 26.211 29.032 27.909 28.205 27.396 27.274 26.959 28.643 29.977 27.250 27.265 28.042 24.498 0.000 0.000 0.000 0.000 0.000 
0.000 0.000 0.000 0.000 0.000 0.000 0.000 0.000 0.027 27.948 27.039 28.041 29.534 29.024 27.590 27.888 27.549 28.801 29.378 28.892 26.689 28.925 28.671 24.020 0.000 0.000 0.000 0.000 0.000 0.000 
0.000 0.000 0.000 0.000 0.000 0.000 0.000 0.000 6.750 4.670 28.636 27.998 27.099 28.012 30.045 28.172 29.171 27.425 28.534 27.999 25.693 26.771 25.489 0.000 0.000 0.000 0.000 0.000 0.000 0.000 
0.000 0.000 0.000 0.000 0.000 0.000 0.000 0.000 0.000 5.250 6.840 8.362 27.726 26.870 28.182 30.419 30.274 27.577 26.558 28.464 25.505 21.499 0.000 0.000 0.000 0.000 0.000 0.000 0.000 0.000 
0.000 0.000 0.000 0.000 0.000 0.000 0.000 0.000 0.000 0.000 0.000 5.890 2.560 3.671 24.125 23.560 22.136 24.630 21.591 0.002 0.000 0.000 -0.000 -0.000 -0.000 0.000 0.000 0.000 0.000 0.000 
0.000 0.000 0.000 0.000 0.000 0.000 0.000 0.000 0.000 0.000 0.000 0.000 0.000 6.010 6.420 0.000 0.000 0.000 0.000 0.000 0.000 0.000 0.000 0.000 0.000 0.000 0.000 0.000 0.000 0.000 
0.000 0.000 0.000 0.000 0.000 0.000 0.000 0.000 0.000 0.000 0.000 0.000 0.000 0.000 0.000 0.000 0.000 0.000 0.000 0.000 0.000 0.000 0.000 0.000 0.000 0.000 0.000 0.000 0.000 0.000 
0.000 0.000 0.000 0.000 0.000 0.000 0.000 0.000 0.000 0.000 0.000 0.000 0.000 0.000 0.000 0.000 0.000 0.000 0.000 0.000 -0.000 0.000 -0.000 0.000 0.000 0.000 0.000 0.000 0.000 0.000 
0.000 0.000 0.000 0.000 0.000 0.000 0.000 0.000 0.000 0.000 0.000 0.000 0.000 0.000 0.000 0.000 0.000 0.000 0.000 0.000 0.000 0.000 0.000 0.000 0.000 0.000 0.000 0.000 0.000 0.000 
0.000 0.000 0.000 0.000 0.000 0.000 0.000 0.000 0.000 0.000 0.000 0.000 0.000 0.000 0.000 0.000 0.000 0.000 0.000 0.000 0.000 0.000 0.000 0.000 0.000 0.000 0.000 0.000 0.000 0.000 
