# Vol_scan Display Grid (processed)
# Grid size: 30 x 29
# Format: reflectivity
# Ref point: (-86000.000000, 165000.000000)
# Grid res: 1000.000000 meters
0.000 0.000 0.000 0.000 0.000 0.000 0.000 0.000 0.000 0.000 0.000 0.000 0.000 0.000 0.000 0.000 0.000 0.000 0.000 0.000 0.000 0.000 0.000 0.000 0.000 0.000 0.000 0.000 0.000 
0.000 0.000 0.000 0.000 0.000 0.000 0.000 0.000 0.000 0.000 0.000 0.000 0.000 0.000 0.000 0.000 0.000 0.000 0.000 0.000 0.000 0.000 0.000 0.000 0.000 0.000 0.000 0.000 0.000 
0.000 0.000 0.000 0.000 0.000 0.000 0.000 0.000 0.000 0.000 0.000 0.000 0.000 0.000 0.000 0.000 0.000 0.000 0.000 0.000 0.000 0.000 0.000 0.000 0.000 0.000 0.000 0.000 0.000 
0.000 0.000 0.000 0.000 0.000 0.000 0.000 0.000 0.000 0.000 0.000 0.000 0.000 0.000 -0.000 0.000 0.000 0.000 0.000 -0.000 0.000 -0.000 0.000 0.000 0.000 0.000 0.000 0.000 0.000 
0.000 0.000 0.000 0.000 0.000 0.000 0.000 0.000 0.000 4.110 7.190 0.004 0.000 0.003 0.002 0.002 0.000 0.000 0.000 0.000 0.000 -0.000 0.000 0.000 0.000 0.000 0.000 0.000 0.000 
0.000 0.000 0.000 0.000 0.000 0.000 0.000 0.000 4.670 6.480 7.808 0.004 4.132 17.681 25.129 22.035 22.462 19.659 9.304 0.005 0.000 0.000 0.000 0.000 0.000 0.000 0.000 0.000 0.000 
0.000 0.000 0.000 0.000 0.000 0.000 0.000 5.750 2.504 24.555 9.570 24.418 27.515 29.595 26.106 28.408 27.648 28.098 25.848 25.267 2.979 0.025 0.000 0.000 0.000 0.000 0.000 0.000 0.000 
0.000 0.000 0.000 0.000 0.000 0.000 5.490 5.210 26.615 26.093 27.667 26.447 27.037 26.183 27.461 27.844 27.231 27.858 27.442 27.895 27.736 7.846 0.071 -0.000 0.000 0.000 0.000 0.000 0.000 
0.000 0.000 0.000 0.000 0.000 6.980 0.004 25.522 27.956 26.634 27.712 28.127 28.416 29.340 29.301 26.648 29.983 28.639 30.792 27.042 28.721 26.876 4.681 -0.000 0.000 0.000 0.000 0.000 0.000 
0.000 0.000 0.000 0.000 5.480 0.009 0.059 24.903 27.928 26.643 27.795 27.447 28.738 29.733 27.327 27.589 29.473 27.145 29.646 30.014 26.824 27.108 26.285 0.000 0.000 0.000 0.000 0.000 0.000 
0.000 0.000 0.000 0.000 7.400 0.035 10.566 28.938 26.414 29.330 26.738 27.781 28.738 26.922 28.169 27.334 28.465 27.943 28.924 27.033 28.879 26.506 27.622 25.433 0.000 0.000 0.000 0.000 0.000 
0.000 0.000 0.000 0.000 0.007 0.002 27.315 28.242 27.039 26.888 29.150 28.003 27.685 27.545 27.447 27.827 29.058 27.714 29.057 26.482 27.749 27.325 28.768 29.362 -0.000 0.000 0.000 0.000 0.000 
0.000 0.000 0.000 0.000 0.000 7.491 28.336 28.448 27.383 27.264 29.083 27.925 28.345 29.582 27.304 27.605 29.948 27.764 25.726 27.689 26.605 28.287 27.286 27.556 27.520 0.000 0.000 0.000 0.000 
0.000 -0.000 0.000 0.000 0.001 24.132 27.264 29.038 27.517 26.825 28.121 29.379 28.859 28.010 27.408 25.935 28.749 26.177 28.577 27.973 28.093 28.414 28.217 28.619 30.405 0.000 0.000 0.000 0.000 
0.000 0.000 0.000 0.000 0.000 27.407 27.319 28.459 26.839 27.613 27.494 29.389 26.556 26.868 27.757 26.126 27.432 29.328 27.402 27.421 27.041 28.083 27.863 27.205 28.113 0.000 0.000 0.000 0.000 
0.000 -0.000 -0.000 0.000 0.001 26.566 28.002 27.530 27.857 28.760 30.249 28.686 26.817 26.787 26.321 28.083 27.421 28.457 29.265 28.084 28.689 29.454 27.815 30.020 30.413 -0.000 -0.000 0.000 0.000 
-0.000 0.000 0.000 0.000 0.000 27.972 27.755 28.651 26.612 28.718 26.964 29.430 29.948 28.143 28.109 26.942 27.252 27.266 28.765 28.294 27.223 27.936 28.143 29.271 28.401 0.000 0.000 0.000 0.000 
0.000 0.000 0.000 0.000 0.001 28.761 27.943 26.936 29.024 26.611 27.111 27.400 25.789 29.366 28.355 26.744 28.191 25.995 28.314 28.280 27.048 26.149 28.045 26.756 27.991 0.000 0.000 0.000 0.000 
0.000 0.000 0.000 -0.000 0.000 0.234 28.502 26.840 29.071 27.963 28.115 29.149 27.703 30.228 28.482 26.556 28.904 27.484 28.453 27.571 29.230 28.499 28.628 29.604 27.044 -0.000 0.000 -0.000 0.000 
0.000 0.000 0.000 0.000 0.000 0.001 27.270 28.321 25.551 27.425 29.577 26.955 27.644 25.740 26.352 28.722 26.326 28.070 26.706 28.151 28.974 28.449 27.872 28.308 20.355 0.000 -0.000 -0.000 0.000 
0.000 0.000 0.000 0.000 -0.000 0.000 15.379 27.928 28.383 28.412 27.398 28.029 29.429 28.305 28.495 27.793 30.939 27.749 27.221 26.955 27.147 27.735 29.147 27.034 0.000 0.000 0.000 0.000 0.000 
0.000 0.000 -0.000 -0.000 0.000 0.000 0.000 28.709 27.644 28.419 28.560 26.003 29.031 29.057 26.487 28.088 29.021 29.141 27.900 26.424 25.588 29.385 29.114 23.407 0.000 0.000 0.000 0.000 0.000 
0.000 0.000 0.000 0.000 0.000 0.000 0.000 0.000 27.609 27.165 27.844 27.974 29.209 27.978 27.823 27.549 29.187 28.460 28.452 27.525 28.097 29.570 29.117 0.000 0.000 0.000 0.000 0.000 0.000 
0.000 0.000 0.000 0.000 0.000 0.000 -0.000 0.000 0.000 25.086 27.509 27.749 28.046 27.725 27.540 27.102 27.220 29.118 28.024 28.726 27.008 26.441 0.000 0.000 0.000 0.000 0.000 0.000 0.000 
0.000 0.000 0.000 0.000 0.000 0.000 0.000 0.000 0.000 -0.000 22.602 26.037 27.679 28.535 27.496 29.025 27.883 26.723 25.899 24.347 21.857 0.000 0.000 0.000 0.000 0.000 0.000 0.000 0.000 
0.000 0.000 0.000 0.000 0.000 0.000 0.000 0.000 0.000 0.000 0.000 0.000 24.341 24.485 23.942 23.708 23.670 22.934 18.641 0.000 0.000 0.000 0.000 0.000 0.000 0.000 0.000 0.000 0.000 
0.000 0.000 0.000 0.000 0.000 0.000 0.000 0.000 0.000 0.000 0.000 0.000 0.000 0.000 -0.000 0.000 0.000 -0.000 0.000 0.000 0.000 0.000 0.000 0.000 0.000 0.000 0.000 0.000 0.000 
0.000 0.000 0.000 0.000 0.000 0.000 0.000 0.000 0.000 0.000 0.000 0.000 0.000 0.000 0.000 0.000 0.000 0.000 -0.000 0.000 0.000 0.000 0.000 0.000 0.000 0.000 0.000 0.000 0.000 
0.000 0.000 0.000 0.000 0.000 0.000 0.000 0.000 0.000 0.000 0.000 0.000 0.000 0.000 0.000 0.000 0.000 0.000 -0.000 0.000 0.000 0.000 0.000 0.000 0.000 0.000 0.000 0.000 0.000 
0.000 0.000 0.000 0.000 0.000 0.000 0.000 0.000 0.000 0.000 0.000 0.000 0.000 0.000 0.000 0.000 0.000 0.000 0.000 0.000 0.000 0.000 0.000 0.000 0.000 0.000 0.000 0.000 0.000 
