# Vol_scan Display Grid (processed)
# Grid size: 30 x 29
# Format: reflectivity
# Ref point: (-40000.000000, 165000.000000)
# Grid res: 1000.000000 meters
0.000 0.000 0.000 0.000 0.000 0.000 0.000 0.000 0.000 0.000 0.000 0.000 0.000 0.000 0.000 0.000 0.000 0.000 0.000 0.000 0.000 0.000 0.000 0.000 0.000 0.000 0.000 0.000 0.000 
0.000 0.000 0.000 0.000 0.000 0.000 0.000 0.000 0.000 0.000 0.000 0.000 0.000 0.000 0.000 0.000 0.000 0.000 0.000 0.000 0.000 0.000 0.000 0.000 0.000 0.000 0.000 0.000 0.000 
0.000 0.000 0.000 0.000 0.000 0.000 0.000 0.000 0.000 0.000 0.000 0.000 0.000 0.000 0.000 0.000 0.000 -0.000 0.000 0.000 0.000 0.000 0.000 0.000 0.000 0.000 0.000 0.000 0.000 
0.000 0.000 0.000 0.000 0.000 0.000 0.000 0.000 0.000 0.000 0.000 0.000 -0.000 -0.000 0.000 0.000 0.000 -0.000 0.000 0.000 0.000 0.000 0.000 0.000 0.000 0.000 0.000 0.000 0.000 
0.000 0.000 0.000 0.000 0.000 0.000 0.000 0.000 0.000 0.000 -0.000 18.383 25.503 21.838 23.128 24.292 28.123 23.607 22.824 20.247 0.000 0.000 0.000 0.000 0.000 0.000 0.000 0.000 0.000 
0.000 0.000 0.000 0.000 0.000 0.000 0.000 0.000 0.000 -0.000 18.893 27.419 26.919 29.825 28.437 29.325 27.860 28.929 28.099 26.269 24.798 0.000 0.000 0.000 0.000 0.000 0.000 0.000 0.000 
0.000 0.000 0.000 0.000 0.000 0.000 0.000 -0.000 0.106 22.823 29.208 28.138 26.836 27.532 28.026 27.499 28.299 27.016 28.907 26.287 27.643 27.919 27.832 0.000 0.000 0.000 0.000 0.000 0.000 
0.000 0.000 0.000 0.000 0.000 0.000 0.000 6.366 27.111 28.845 26.890 29.914 28.272 29.826 28.458 28.187 27.804 29.225 28.033 27.210 28.398 28.549 27.911 22.037 0.000 0.000 0.000 0.000 0.000 
0.000 0.000 0.000 0.000 -0.000 0.000 0.000 25.479 28.673 27.262 28.697 27.155 28.080 27.588 26.917 28.244 27.384 27.243 28.229 29.182 28.524 28.012 28.683 28.398 0.000 0.000 0.000 0.000 0.000 
0.000 0.000 -0.000 0.000 -0.000 0.000 21.866 30.441 27.983 29.320 29.388 27.614 27.986 29.202 29.811 28.382 27.844 27.739 29.840 28.980 25.934 27.728 29.155 26.221 25.424 0.000 0.000 0.000 0.000 
0.000 0.000 -0.000 -0.000 0.000 0.000 24.570 27.098 28.949 27.496 27.403 28.278 26.829 26.653 27.062 27.397 27.137 28.589 27.767 28.363 28.223 27.231 28.517 28.903 28.541 0.000 0.000 0.000 0.000 
0.000 0.000 0.000 0.000 0.000 0.000 28.903 27.957 27.804 28.803 27.835 27.372 26.024 28.977 27.473 28.842 28.477 28.625 28.284 29.750 29.279 26.994 28.782 27.443 27.720 -0.000 0.000 -0.000 0.000 
-0.000 0.000 0.000 -0.000 0.000 12.409 30.486 27.940 29.086 28.032 29.436 29.867 29.145 27.762 28.899 27.522 29.461 26.921 28.386 27.293 25.931 28.129 26.664 28.748 26.962 24.825 0.000 0.000 0.000 
0.000 0.000 -0.000 0.000 0.000 5.664 26.930 28.921 27.203 27.196 28.055 28.382 27.589 28.259 27.208 28.087 26.620 26.492 28.242 26.822 27.587 28.177 29.092 27.770 29.139 29.353 0.000 0.000 0.000 
0.000 0.000 0.000 -0.000 0.000 7.134 27.870 29.030 28.741 27.689 27.683 29.307 29.298 31.842 31.839 31.723 31.245 30.845 29.611 26.478 27.579 27.796 28.378 27.670 29.488 26.016 -0.000 0.000 0.000 
0.000 -0.000 -0.000 0.000 0.000 0.070 26.939 29.212 28.899 26.811 29.481 27.411 30.607 33.567 33.637 33.327 32.371 34.601 33.838 28.174 27.339 25.376 30.179 28.831 28.620 22.031 0.000 0.000 0.000 
0.000 0.000 0.000 0.000 0.000 0.024 29.294 27.948 28.828 28.055 28.564 34.084 31.783 33.412 34.141 34.556 32.741 34.107 32.594 31.712 29.643 28.693 26.433 26.994 27.135 26.344 0.000 0.000 0.000 
0.000 0.000 0.000 0.000 0.000 0.000 28.802 29.297 26.263 27.563 26.962 33.113 33.571 32.000 32.899 34.546 32.893 35.089 34.693 32.583 30.796 27.350 28.856 27.939 27.774 -0.000 0.000 0.000 0.000 
0.000 0.000 0.000 0.000 0.047 0.000 0.007 26.022 27.398 27.967 28.910 35.065 31.413 31.322 31.701 33.543 33.125 32.212 35.519 31.678 31.783 27.981 28.721 27.194 28.594 0.000 0.000 0.000 0.000 
0.000 0.000 0.000 0.000 6.040 0.073 0.001 27.144 25.136 27.790 26.254 31.840 31.772 33.045 33.077 31.726 33.485 31.507 34.358 32.465 31.815 29.473 27.416 27.211 0.000 0.000 0.000 0.000 0.000 
0.000 0.000 0.000 0.000 0.000 5.430 7.615 0.010 26.831 28.701 28.233 33.294 31.093 30.532 31.405 33.553 34.413 31.220 32.230 32.506 30.284 29.148 30.635 19.647 0.000 0.000 0.000 0.000 0.000 
0.000 0.000 0.000 0.000 0.000 0.000 5.990 5.690 11.383 28.237 27.654 32.798 32.657 31.256 33.066 34.685 31.558 32.566 32.352 33.605 28.643 29.473 25.317 0.000 0.000 0.000 0.000 0.000 0.000 
0.000 0.000 0.000 0.000 0.000 0.000 4.170 6.050 4.390 5.467 28.664 27.445 31.157 34.201 30.729 33.183 32.959 31.698 31.228 31.317 27.131 20.198 0.000 0.000 0.000 0.000 0.000 0.000 0.000 
0.000 0.000 0.000 0.000 0.000 0.000 0.000 4.240 5.350 6.101 3.930 27.854 27.529 27.980 31.104 32.529 31.294 30.620 28.096 25.460 0.001 0.000 -0.000 0.000 0.000 0.000 0.000 0.000 0.000 
0.000 0.000 0.000 0.000 0.000 0.000 0.000 0.000 0.000 6.710 0.111 6.893 0.000 0.004 12.116 28.151 30.334 0.000 0.000 0.000 0.000 -0.000 0.000 0.000 0.000 0.000 0.000 0.000 0.000 
0.000 0.000 0.000 0.000 0.000 0.000 0.000 0.000 0.000 0.000 5.990 3.460 0.025 0.003 0.000 0.000 0.000 0.000 0.000 0.000 0.000 -0.000 0.000 0.000 0.000 0.000 0.000 0.000 0.000 
0.000 0.000 0.000 0.000 0.000 0.000 0.000 0.000 0.000 0.000 0.000 0.000 0.000 0.000 0.000 0.000 -0.000 0.000 0.000 0.000 0.000 0.000 0.000 0.000 0.000 0.000 0.000 0.000 0.000 
0.000 0.000 0.000 0.000 0.000 0.000 0.000 0.000 0.000 0.000 0.000 0.000 0.000 0.000 0.000 0.000 0.000 0.000 0.000 -0.000 0.000 0.000 0.000 0.000 0.000 0.000 0.000 0.000 0.000 
0.000 0.000 0.000 0.000 0.000 0.000 0.000 0.000 0.000 0.000 0.000 0.000 0.000 0.000 0.000 0.000 0.000 0.000 0.000 0.000 0.000 -0.000 0.000 0.000 0.000 0.000 0.000 0.000 0.000 
0.000 0.000 0.000 0.000 0.000 0.000 0.000 0.000 0.000 0.000 0.000 0.000 0.000 0.000 0.000 0.000 0.000 0.000 0.000 0.000 0.000 0.000 0.000 0.000 0.000 0.000 0.000 0.000 0.000 
