# Vol_scan Display Grid (processed)
# Grid size: 30 x 31
# Format: reflectivity
# Ref point: (-93000.000000, 164000.000000)
# Grid res: 1000.000000 meters
0.000 0.000 0.000 0.000 0.000 0.000 0.000 0.000 0.000 0.000 0.000 0.000 0.000 0.000 0.000 0.000 0.000 0.000 0.000 0.000 0.000 0.000 0.000 0.000 0.000 0.000 0.000 0.000 0.000 0.000 0.000 
0.000 0.000 0.000 0.000 0.000 0.000 0.000 0.000 0.000 0.000 0.000 0.000 0.000 0.000 0.000 0.000 0.000 0.000 -0.000 -0.000 0.000 0.000 0.000 0.000 0.000 0.000 0.000 0.000 0.000 0.000 0.000 
0.000 0.000 0.000 0.000 0.000 0.000 0.000 0.000 0.000 0.000 0.000 0.000 0.000 0.000 0.000 0.000 -0.000 -0.000 0.000 0.000 0.000 0.000 -0.000 0.000 0.000 0.000 0.000 0.000 0.000 0.000 0.000 
0.000 0.000 0.000 0.000 0.000 0.000 0.000 0.000 0.000 0.000 0.000 0.000 0.000 0.000 0.000 0.000 0.000 0.000 0.000 0.000 -0.000 -0.000 0.000 0.000 0.000 0.000 0.000 0.000 0.000 0.000 0.000 
0.000 0.000 0.000 0.000 0.000 0.000 0.000 0.000 0.000 0.000 0.000 0.000 7.455 0.157 0.002 0.233 0.391 0.001 0.001 0.000 0.000 0.000 0.000 -0.000 0.000 0.000 0.000 0.000 0.000 0.000 0.000 
0.000 0.000 0.000 0.000 0.000 0.000 0.000 0.000 0.000 0.000 5.571 0.029 2.780 28.913 25.359 27.139 24.339 25.257 21.462 17.042 0.001 0.000 0.000 0.000 0.000 0.000 0.000 0.000 0.000 0.000 0.000 
0.000 0.000 0.000 0.000 0.000 0.000 0.000 0.000 0.000 5.845 19.355 29.460 25.241 26.478 28.364 27.941 28.331 27.470 28.210 24.807 24.612 23.447 0.000 0.000 -0.000 0.000 0.000 0.000 0.000 0.000 0.000 
0.000 0.000 0.000 0.000 0.000 0.000 0.000 0.000 4.872 38.134 30.389 28.784 28.184 27.542 27.522 27.638 27.474 29.031 27.793 27.045 26.889 26.720 23.696 -0.000 0.000 0.000 0.000 0.000 0.000 0.000 0.000 
0.000 0.000 0.000 0.000 0.000 0.000 0.000 0.054 20.200 27.458 29.458 28.291 27.289 27.908 27.645 26.798 28.032 27.819 29.009 29.023 28.285 26.943 27.815 25.932 0.000 0.000 0.000 0.000 0.000 0.000 0.000 
0.000 0.000 0.000 0.000 0.000 0.000 0.011 0.276 28.255 27.330 26.561 27.059 26.931 28.299 27.242 27.599 28.248 26.820 28.917 28.450 27.395 27.922 27.675 28.999 21.199 0.000 0.000 0.000 0.000 0.000 0.000 
0.000 0.000 0.000 0.000 0.000 -0.000 0.001 25.679 28.403 30.082 28.262 28.656 29.091 27.025 27.739 28.068 26.679 28.207 28.547 26.329 27.608 27.279 26.516 29.162 23.196 0.000 0.000 0.000 0.000 0.000 0.000 
0.000 0.000 0.000 0.000 -0.000 0.000 0.001 26.461 26.633 28.453 30.738 32.200 26.253 27.167 26.151 27.857 27.542 26.520 27.382 27.385 27.247 28.696 29.824 27.666 27.755 -0.000 0.000 0.000 0.000 0.000 0.000 
0.000 0.000 0.000 -0.000 0.000 0.001 0.507 26.543 28.854 27.795 27.821 28.217 29.486 27.943 26.853 27.989 28.264 27.298 27.697 27.500 27.727 28.862 27.496 29.282 27.676 26.581 -0.000 0.000 0.000 0.000 0.000 
0.000 0.000 -0.000 0.000 0.000 0.001 28.240 28.193 26.710 29.180 26.480 28.666 29.481 28.928 28.949 28.145 27.230 28.195 27.255 28.554 28.067 27.823 28.316 27.726 28.991 28.044 0.000 0.000 0.000 0.000 0.000 
0.000 0.000 -0.000 0.000 0.000 0.000 26.922 28.187 26.225 27.063 28.637 26.972 25.427 26.551 26.540 27.730 26.920 26.220 26.959 27.577 29.485 27.379 26.072 25.598 27.353 25.506 0.000 -0.000 0.000 0.000 0.000 
0.000 0.000 0.000 -0.000 0.000 0.001 28.340 30.425 29.105 28.235 28.926 27.685 29.866 30.001 26.717 29.283 28.708 27.646 27.570 27.803 29.651 27.716 26.262 28.263 28.741 28.018 0.000 0.000 0.000 0.000 0.000 
0.000 0.000 0.000 0.000 0.000 0.000 25.750 28.768 26.728 27.502 27.591 27.374 28.619 27.706 27.453 27.636 28.837 29.333 30.079 29.335 29.486 28.382 28.047 28.966 28.983 28.121 -0.000 0.000 0.000 0.000 0.000 
0.000 -0.000 -0.000 0.000 -0.000 0.000 7.007 27.115 26.709 26.372 26.446 28.246 25.927 29.520 28.289 28.962 29.845 26.489 27.282 27.999 26.572 29.126 28.312 27.318 27.940 27.576 0.000 -0.000 0.000 0.000 0.000 
0.000 0.000 0.000 -0.000 0.000 0.000 0.068 26.532 26.849 27.137 26.613 27.377 27.455 27.894 27.994 26.790 30.693 26.805 28.166 28.696 29.109 25.578 28.648 27.583 28.023 25.966 0.000 0.000 0.000 0.000 0.000 
0.000 0.000 0.000 0.000 0.000 0.000 0.000 27.582 27.632 27.046 29.339 28.858 27.217 29.159 29.923 29.047 28.617 28.885 27.893 28.939 29.373 26.574 26.366 26.724 25.965 19.738 0.000 0.000 0.000 0.000 0.000 
0.000 0.000 0.000 0.000 0.000 0.000 0.000 23.159 28.491 27.925 27.119 27.767 29.275 30.792 27.995 29.328 27.494 28.173 29.192 27.705 27.710 25.917 27.947 26.562 28.111 0.000 0.000 0.000 0.000 0.000 0.000 
0.000 0.000 0.000 0.000 0.000 0.000 0.000 0.000 28.056 28.332 28.017 27.912 29.084 26.931 29.211 27.142 25.549 27.635 28.489 27.036 28.297 27.335 26.957 26.798 19.366 0.000 0.000 0.000 0.000 0.000 0.000 
0.000 0.000 0.000 0.000 0.000 0.000 0.000 0.000 0.000 23.254 26.511 28.183 29.696 28.377 28.267 26.816 28.073 26.660 28.201 26.602 28.632 27.260 26.841 22.551 0.000 0.000 0.000 0.000 0.000 0.000 0.000 
0.000 0.000 0.000 0.000 0.000 0.000 0.000 0.000 0.000 0.000 23.646 27.113 31.035 29.033 27.740 25.982 25.885 27.175 27.518 28.079 27.931 27.832 26.550 0.000 0.000 0.000 0.000 0.000 0.000 0.000 0.000 
0.000 0.000 0.000 0.000 0.000 0.000 0.000 0.000 0.000 0.000 0.000 23.792 24.598 28.579 27.399 28.544 29.502 28.076 27.820 25.725 26.982 0.000 0.000 0.000 0.000 0.000 0.000 0.000 0.000 0.000 0.000 
0.000 0.000 0.000 0.000 0.000 0.000 0.000 0.000 0.000 0.000 0.000 0.000 -0.000 21.815 23.650 24.268 24.082 23.435 23.195 -0.000 0.000 0.000 0.000 0.000 0.000 0.000 0.000 0.000 0.000 0.000 0.000 
0.000 0.000 0.000 0.000 0.000 0.000 0.000 0.000 0.000 0.000 0.000 0.000 0.000 0.000 0.000 -0.000 0.000 0.000 -0.000 0.000 0.000 0.000 0.000 0.000 0.000 0.000 0.000 0.000 0.000 0.000 0.000 
0.000 0.000 0.000 0.000 0.000 0.000 0.000 0.000 0.000 0.000 0.000 0.000 0.000 0.000 -0.000 -0.000 0.000 0.000 0.000 0.000 0.000 0.000 0.000 0.000 0.000 0.000 0.000 0.000 0.000 0.000 0.000 
0.000 0.000 0.000 0.000 0.000 0.000 0.000 0.000 0.000 0.000 0.000 0.000 0.000 0.000 0.000 0.000 0.000 0.000 0.000 0.000 0.000 0.000 0.000 0.000 0.000 0.000 0.000 0.000 0.000 0.000 0.000 
0.000 0.000 0.000 0.000 0.000 0.000 0.000 0.000 0.000 0.000 0.000 0.000 0.000 0.000 0.000 0.000 0.000 0.000 0.000 0.000 0.000 0.000 0.000 0.000 0.000 0.000 0.000 0.000 0.000 0.000 0.000 
