# Vol_scan Display Grid (processed)
# Grid size: 29 x 28
# Format: reflectivity
# Ref point: (-81000.000000, 166000.000000)
# Grid res: 1000.000000 meters
0.000 0.000 0.000 0.000 0.000 0.000 0.000 0.000 0.000 0.000 0.000 0.000 0.000 0.000 0.000 0.000 0.000 0.000 0.000 0.000 0.000 0.000 0.000 0.000 0.000 0.000 0.000 0.000 
0.000 0.000 0.000 0.000 0.000 0.000 0.000 0.000 0.000 0.000 0.000 0.000 0.000 0.000 0.000 0.000 0.000 0.000 0.000 0.000 0.000 0.000 0.000 0.000 0.000 0.000 0.000 0.000 
0.000 0.000 0.000 0.000 0.000 0.000 0.000 0.000 0.000 0.000 0.000 0.000 -0.000 0.000 -0.000 -0.000 0.000 0.000 0.000 0.000 0.000 0.000 0.000 0.000 0.000 0.000 0.000 0.000 
0.000 0.000 0.000 0.000 0.000 0.000 0.000 0.000 0.000 0.000 0.000 0.000 0.000 -0.000 0.000 -0.000 0.000 0.000 0.000 -0.000 0.000 0.000 0.000 0.000 0.000 0.000 0.000 0.000 
0.000 0.000 0.000 0.000 0.000 0.000 0.000 0.000 0.000 0.000 0.001 0.000 0.000 0.000 0.000 0.000 0.000 0.000 -0.000 0.000 0.000 0.000 0.000 0.000 0.000 0.000 0.000 0.000 
0.000 0.000 0.000 0.000 0.000 0.000 0.000 0.000 0.000 0.001 0.000 0.000 0.003 0.000 0.000 0.032 0.000 0.000 0.000 0.000 0.000 0.000 0.000 0.000 0.000 0.000 0.000 0.000 
0.000 0.000 0.000 0.000 0.000 0.000 0.000 7.970 0.010 0.000 0.006 4.636 22.895 22.914 25.510 25.803 12.387 6.507 0.000 0.000 0.000 0.000 0.000 0.000 0.000 0.000 0.000 0.000 
0.000 0.000 0.000 0.000 0.000 0.000 5.570 0.021 19.160 19.494 21.600 27.945 27.535 28.964 27.231 27.953 27.046 28.207 24.502 21.280 -0.000 -0.000 0.000 0.000 0.000 0.000 0.000 0.000 
0.000 0.000 0.000 0.000 0.000 3.140 0.045 24.889 25.535 28.797 27.674 29.008 26.293 27.227 28.142 28.698 28.308 26.535 27.711 27.992 23.237 0.000 0.000 0.000 0.000 0.000 0.000 0.000 
0.000 0.000 0.000 0.000 6.220 3.298 26.368 25.826 29.371 28.965 27.954 30.251 26.799 29.444 27.733 27.557 26.169 27.053 28.564 27.217 27.306 25.188 0.000 0.000 0.000 0.000 0.000 0.000 
0.000 0.000 0.000 0.000 5.570 3.691 29.126 29.749 29.164 28.952 26.786 27.165 29.002 26.816 28.225 28.779 27.831 29.565 28.116 27.612 28.864 27.952 12.526 0.000 0.000 0.000 0.000 0.000 
0.000 0.000 0.000 5.810 0.225 18.829 28.536 29.780 29.122 28.050 30.055 27.121 27.664 28.705 29.843 27.813 27.429 27.113 28.312 26.645 28.366 27.509 24.966 0.000 0.000 0.000 0.000 0.000 
0.000 0.000 0.000 7.859 0.097 28.198 27.791 28.850 27.381 28.297 27.854 27.439 27.303 27.792 28.321 29.511 28.233 28.301 28.788 28.601 27.335 26.397 30.673 28.353 0.000 0.000 0.000 0.000 
0.000 0.000 0.000 0.012 13.263 28.325 27.634 27.911 28.200 28.693 27.355 30.018 28.708 28.606 28.101 27.314 28.998 29.539 27.228 28.445 27.470 27.170 29.013 27.109 -0.000 0.000 0.000 0.000 
0.000 0.000 0.006 0.003 26.243 27.503 29.006 28.985 27.314 29.016 26.587 27.495 25.417 28.201 28.805 29.111 27.051 28.060 27.875 29.287 28.451 28.326 28.502 26.399 0.000 0.000 0.000 0.000 
0.000 0.000 0.010 0.001 28.764 27.442 28.876 27.171 28.203 27.046 27.472 28.010 27.473 28.229 28.194 26.748 27.880 26.267 29.061 27.404 26.650 29.632 28.013 26.419 0.000 0.000 0.000 0.000 
0.000 0.006 0.000 0.001 28.882 28.635 27.320 27.025 26.568 26.684 28.747 25.882 28.310 27.601 27.431 27.640 27.002 25.757 28.165 28.068 28.899 28.357 28.218 27.706 0.000 0.000 0.000 0.000 
0.000 0.000 0.000 0.001 28.159 28.224 27.086 27.515 28.704 26.282 27.677 29.167 26.857 28.073 28.010 27.040 26.003 28.466 28.368 28.672 27.965 27.371 27.031 27.124 -0.000 0.000 -0.000 0.000 
0.000 0.000 0.000 0.000 30.777 26.928 27.469 28.471 27.277 28.682 27.273 28.481 27.314 28.377 28.459 28.717 26.969 27.263 27.001 29.189 27.000 27.618 26.760 28.908 0.000 0.000 0.000 0.000 
0.000 0.000 0.000 0.000 10.213 27.204 26.991 27.626 28.709 28.302 27.417 26.855 28.683 27.946 27.876 27.027 29.945 29.490 27.066 26.693 27.981 28.701 29.205 27.416 0.000 0.000 0.000 0.000 
0.000 0.000 -0.000 0.000 6.460 28.175 30.223 28.161 28.591 29.166 27.377 28.014 27.566 29.247 27.564 28.200 27.227 28.824 28.260 26.939 27.883 27.840 26.846 23.314 -0.000 0.000 0.000 0.000 
0.000 0.000 0.000 0.000 0.000 25.289 26.970 27.822 26.133 27.725 28.348 28.531 29.509 28.742 26.516 29.019 29.804 28.044 27.347 27.383 27.837 29.019 28.990 -0.000 0.000 0.000 0.000 0.000 
0.000 0.000 0.000 -0.000 0.000 0.002 23.050 26.533 26.746 26.613 27.748 26.807 28.008 27.433 26.638 27.942 27.844 28.337 26.896 29.145 28.184 28.399 28.852 0.000 0.000 0.000 0.000 0.000 
0.000 0.000 0.000 0.000 0.000 0.000 0.001 27.385 27.803 27.764 26.915 26.712 27.672 27.690 26.975 28.689 28.548 27.421 26.501 27.403 28.185 25.379 0.000 0.000 0.000 0.000 0.000 0.000 
0.000 0.000 -0.000 -0.000 -0.000 0.000 0.000 0.003 27.647 28.468 29.665 29.199 27.578 29.412 27.053 27.468 28.280 28.989 27.729 27.050 22.372 -0.000 0.000 0.000 0.000 0.000 0.000 0.000 
0.000 0.000 0.000 0.000 0.000 0.000 0.000 0.000 0.000 23.284 28.299 26.238 27.600 28.020 28.791 27.111 27.087 27.736 25.345 21.935 0.000 0.000 0.000 0.000 0.000 0.000 0.000 0.000 
0.000 0.000 0.000 0.000 0.000 0.000 0.000 0.000 0.000 0.000 0.000 28.431 27.377 24.583 25.042 22.370 23.046 20.272 0.000 0.000 -0.000 0.000 0.000 0.000 0.000 0.000 0.000 0.000 
0.000 0.000 0.000 0.000 0.000 0.000 0.000 0.000 0.000 0.000 0.000 0.000 0.000 0.000 0.000 0.000 0.000 0.000 0.000 0.000 0.000 0.000 0.000 0.000 0.000 0.000 0.000 0.000 
0.000 0.000 0.000 0.000 0.000 0.000 0.000 0.000 0.000 0.000 0.000 0.000 0.000 0.000 0.000 0.000 0.000 0.000 0.000 0.000 0.000 0.000 0.000 0.000 0.000 0.000 0.000 0.000 
