# Vol_scan Display Grid (processed)
# Grid size: 29 x 25
# Format: reflectivity
# Ref point: (-74000.000000, 169000.000000)
# Grid res: 1000.000000 meters
0.000 0.000 0.000 0.000 0.000 0.000 0.000 0.000 0.000 0.000 0.000 0.000 0.000 0.000 0.000 0.000 0.000 0.000 0.000 0.000 0.000 0.000 0.000 0.000 0.000 
0.000 0.000 0.000 0.000 0.000 0.000 0.000 -0.000 0.000 -0.000 0.000 0.000 0.000 0.000 0.000 0.000 0.000 0.000 0.000 0.000 0.000 0.000 0.000 0.000 0.000 
0.000 0.000 0.000 0.000 0.000 0.000 0.000 0.000 -0.000 0.000 0.000 0.000 0.000 0.000 0.000 0.000 0.000 0.000 0.000 0.000 0.000 0.000 0.000 0.000 0.000 
0.000 0.000 0.000 0.000 0.000 0.000 0.000 -0.000 0.000 0.000 0.000 -0.000 0.000 -0.000 0.000 0.000 0.000 0.000 0.000 0.000 0.000 0.000 0.000 0.000 0.000 
0.000 0.000 0.000 0.000 0.000 0.000 0.000 -0.000 0.000 0.000 -0.000 0.000 -0.000 0.000 0.000 0.000 0.000 0.000 0.000 0.000 0.000 0.000 0.000 0.000 0.000 
0.000 0.000 0.000 0.000 0.000 0.000 0.000 0.000 0.000 0.000 0.000 0.000 0.000 0.000 0.000 0.000 0.000 0.000 0.000 0.000 0.000 0.000 0.000 0.000 0.000 
0.000 0.000 0.000 0.106 0.002 0.000 0.000 0.201 0.337 11.468 23.249 25.465 17.884 7.999 4.445 -0.000 0.000 0.000 0.000 0.000 0.000 0.000 0.000 0.000 0.000 
0.000 0.000 4.520 0.067 0.004 0.138 9.377 24.292 24.720 25.729 27.869 27.616 26.080 26.505 24.758 23.166 3.959 0.000 0.000 0.000 0.000 0.000 0.000 0.000 0.000 
0.000 6.830 0.129 0.004 0.069 24.235 27.351 27.682 26.715 29.071 27.751 27.970 29.355 27.925 28.973 28.048 28.233 29.192 0.000 0.000 0.000 0.000 0.000 0.000 0.000 
6.220 0.054 8.165 0.349 24.925 28.341 27.658 28.340 28.210 26.940 28.010 27.976 26.857 29.696 28.134 28.390 28.161 28.417 20.330 0.000 0.000 0.000 0.000 0.000 0.000 
4.980 5.152 15.180 20.415 29.156 28.293 28.580 28.435 27.985 26.639 28.515 27.468 27.614 28.613 28.122 27.273 28.064 27.242 28.479 0.000 0.000 0.000 0.000 0.000 0.000 
4.680 6.837 15.848 27.453 26.317 26.709 27.127 26.491 29.097 30.136 27.896 27.737 27.691 29.150 30.600 27.873 28.472 27.239 28.153 26.437 0.000 0.000 0.000 0.000 0.000 
6.880 12.102 26.053 28.159 27.435 28.253 27.146 28.354 27.440 27.675 28.091 28.388 26.959 27.812 27.005 28.194 27.430 27.226 28.769 26.032 22.256 0.000 0.000 0.000 0.000 
5.137 27.941 27.682 29.436 29.601 27.861 27.283 27.890 28.284 26.484 27.676 29.630 28.014 29.870 28.223 27.484 27.263 29.590 27.611 29.232 27.307 -0.000 0.000 0.000 0.000 
0.095 16.929 26.757 27.373 27.837 26.958 26.942 29.397 27.982 27.217 27.678 25.661 28.357 26.896 29.412 28.247 27.884 28.316 27.205 28.525 28.445 0.000 -0.000 0.000 0.000 
0.207 26.003 28.472 27.850 26.590 27.334 28.735 27.403 28.353 27.747 27.768 29.090 27.522 27.363 26.844 27.427 27.386 28.209 28.408 27.133 27.958 -0.000 0.000 -0.000 0.000 
0.161 27.558 27.496 28.534 26.918 27.627 27.717 28.186 27.359 28.278 27.336 26.271 26.842 28.130 28.256 27.442 27.890 27.781 28.303 27.410 27.986 0.000 0.000 -0.000 0.000 
0.006 28.497 29.103 27.365 29.654 26.358 28.516 28.808 25.357 27.610 25.552 26.226 28.248 26.724 28.038 27.824 26.583 27.508 28.137 27.664 29.056 0.000 0.000 0.000 0.000 
0.000 29.421 27.318 28.344 27.139 26.858 27.131 27.844 27.850 26.252 28.155 26.962 26.089 26.238 27.080 27.890 26.414 28.023 27.264 27.447 29.433 0.000 0.000 0.000 0.000 
0.000 8.724 28.483 27.366 26.316 26.676 29.662 25.714 27.441 26.076 25.350 26.385 26.771 27.303 23.283 26.894 27.897 28.114 27.453 27.874 28.071 0.000 0.000 0.000 0.000 
0.000 0.002 27.515 26.414 28.157 26.791 26.805 25.559 26.645 25.607 25.859 27.543 26.243 27.478 26.255 26.339 27.596 26.929 28.472 27.211 28.828 0.000 0.000 0.000 0.000 
0.000 0.000 26.320 28.378 28.206 27.877 26.099 28.073 26.544 28.218 27.414 27.037 26.957 26.164 26.908 27.017 28.181 28.977 26.892 27.070 20.978 0.000 0.000 0.000 0.000 
0.000 0.000 0.001 27.560 28.355 29.426 26.308 27.038 26.831 26.374 27.279 26.930 26.381 26.985 28.003 28.765 27.648 30.000 28.234 25.003 0.000 0.000 0.000 0.000 0.000 
-0.000 0.000 0.000 25.422 28.815 28.444 26.869 26.397 24.279 26.951 26.962 27.081 27.012 25.901 26.429 25.033 27.564 28.852 24.627 0.000 0.000 0.000 0.000 0.000 0.000 
-0.000 0.000 0.000 0.000 23.460 28.250 27.593 26.284 25.346 26.717 27.556 27.239 27.142 25.860 26.453 26.166 27.084 24.801 16.309 0.000 0.000 0.000 0.000 0.000 0.000 
-0.000 0.000 -0.000 -0.000 0.000 0.001 21.595 28.191 27.032 26.303 25.555 26.128 25.017 28.184 27.907 26.684 23.988 0.000 -0.000 0.000 0.000 0.000 0.000 0.000 0.000 
-0.000 0.000 -0.000 -0.000 -0.000 0.000 0.000 25.554 23.439 26.906 28.770 25.922 23.680 26.918 29.352 0.000 0.000 0.000 0.000 0.000 0.000 0.000 0.000 0.000 0.000 
-0.000 0.000 0.000 -0.000 0.000 0.000 0.000 0.000 0.000 0.000 0.000 0.000 0.000 0.000 0.000 0.000 0.000 0.000 0.000 0.000 0.000 0.000 0.000 0.000 0.000 
0.000 0.000 0.000 0.000 0.000 0.000 0.000 0.000 0.000 0.000 0.000 0.000 0.000 0.000 0.000 0.000 0.000 0.000 0.000 0.000 0.000 0.000 0.000 0.000 0.000 
