# Vol_scan Display Grid (processed)
# Grid size: 30 x 29
# Format: reflectivity
# Ref point: (-87000.000000, 165000.000000)
# Grid res: 1000.000000 meters
0.000 0.000 0.000 0.000 0.000 0.000 0.000 0.000 0.000 0.000 0.000 0.000 0.000 0.000 0.000 0.000 0.000 0.000 0.000 0.000 -0.000 0.000 0.000 0.000 0.000 0.000 0.000 0.000 0.000 
0.000 0.000 0.000 0.000 0.000 0.000 0.000 0.000 0.000 0.000 0.000 0.000 0.000 0.000 0.000 -0.000 0.000 -0.000 -0.000 0.000 0.000 0.000 0.000 0.000 0.000 0.000 0.000 0.000 0.000 
0.000 0.000 0.000 0.000 0.000 0.000 0.000 0.000 0.000 0.000 0.000 0.000 0.000 0.000 0.000 -0.000 0.000 0.000 0.000 0.000 0.000 0.000 0.000 0.000 0.000 0.000 0.000 0.000 0.000 
0.000 0.000 0.000 0.000 0.000 0.000 0.000 0.000 0.000 0.000 0.000 0.000 0.003 0.000 0.000 0.000 0.000 0.000 0.000 0.000 0.000 -0.000 0.000 0.000 0.000 0.000 0.000 0.000 0.000 
0.000 0.000 0.000 0.000 0.000 0.000 0.000 0.000 0.000 5.580 5.390 0.004 0.010 0.002 0.002 5.567 0.002 0.003 0.000 0.000 0.000 -0.000 -0.000 0.000 0.000 0.000 0.000 0.000 0.000 
0.000 0.000 0.000 0.000 0.000 0.000 0.000 0.000 4.300 0.006 0.048 4.562 7.498 22.625 23.398 23.256 20.118 24.776 6.971 0.002 0.000 0.000 0.000 0.000 0.000 0.000 0.000 0.000 0.000 
0.000 0.000 0.000 0.000 0.000 0.000 5.980 7.060 6.946 19.116 21.721 24.626 28.172 28.422 28.301 26.990 29.403 26.847 26.273 26.697 7.103 0.002 0.000 0.000 0.000 0.000 0.000 0.000 0.000 
0.000 0.000 0.000 0.000 0.000 5.890 7.000 5.140 26.989 25.999 28.567 29.521 27.300 28.050 27.481 25.281 27.244 26.510 27.688 28.012 28.537 25.744 0.038 0.000 0.000 0.000 0.000 0.000 0.000 
0.000 0.000 0.000 0.000 0.000 7.270 9.050 24.520 25.237 28.299 27.535 28.054 27.345 28.405 28.715 27.021 27.115 29.669 28.915 28.325 28.523 26.990 26.097 -0.000 0.000 0.000 0.000 0.000 0.000 
0.000 0.000 0.000 0.000 5.680 0.089 0.012 28.500 28.060 27.696 28.243 27.442 28.293 29.138 28.749 28.875 28.461 27.553 27.060 28.546 27.424 29.300 29.049 23.529 0.000 0.000 0.000 0.000 0.000 
0.000 0.000 0.000 0.000 0.007 0.014 22.741 27.414 26.573 27.574 28.328 28.397 26.324 27.942 27.369 29.812 28.678 27.027 27.881 27.222 28.003 28.225 28.575 25.363 0.000 0.000 0.000 0.000 0.000 
0.000 0.000 0.000 0.007 0.000 0.001 28.190 29.693 27.842 28.082 27.209 28.562 27.403 26.907 28.790 30.095 26.151 27.112 28.302 27.049 27.455 29.372 26.671 28.488 0.000 0.000 0.000 0.000 0.000 
0.000 0.000 0.000 0.000 0.000 4.996 26.811 28.839 28.330 26.386 28.342 28.115 28.453 27.921 27.437 29.638 29.614 29.175 27.844 27.898 28.737 26.191 27.144 27.982 27.005 0.000 0.000 0.000 0.000 
0.000 0.000 0.000 0.000 0.000 25.779 27.847 26.647 26.040 26.679 26.497 28.448 29.702 28.056 28.717 28.786 28.439 28.392 28.386 28.376 28.457 28.558 26.769 27.460 29.237 0.000 0.000 0.000 0.000 
0.000 0.000 0.000 0.000 0.000 28.260 27.758 28.999 27.575 27.368 27.086 29.824 28.272 28.171 31.102 27.997 29.071 28.251 26.825 27.989 26.377 28.278 28.391 28.258 28.955 0.000 0.000 0.000 0.000 
0.000 0.000 0.000 0.000 0.000 29.317 26.721 29.489 25.580 27.975 28.810 29.074 28.222 28.046 26.355 29.215 26.592 27.991 28.173 28.416 27.381 27.897 27.508 28.934 27.924 0.000 0.000 0.000 0.000 
0.000 -0.000 0.000 0.000 0.001 17.593 28.208 26.805 27.473 30.450 28.906 27.172 27.619 27.396 27.624 28.330 28.267 27.206 28.086 27.345 28.750 30.304 28.352 28.737 26.785 -0.000 0.000 0.000 0.000 
-0.000 0.000 -0.000 -0.000 0.000 22.361 29.085 29.587 28.969 29.351 28.273 27.658 29.262 29.190 28.197 28.636 27.145 26.989 26.079 28.589 28.434 28.561 27.780 27.995 28.602 0.000 0.000 -0.000 0.000 
0.000 0.000 0.000 0.000 0.000 11.761 30.196 27.622 27.937 27.897 27.386 27.573 27.163 28.358 26.886 28.224 26.984 26.561 27.454 28.660 29.024 27.828 27.484 28.650 30.606 0.000 0.000 0.000 0.000 
-0.000 -0.000 0.000 -0.000 0.000 0.000 28.626 27.896 27.326 28.811 30.505 28.773 26.339 26.914 27.813 28.329 28.653 28.925 27.081 28.423 28.158 28.061 27.944 28.526 21.630 -0.000 0.000 0.000 0.000 
0.000 0.000 0.000 0.000 0.000 0.000 25.728 30.894 26.897 28.495 28.438 28.518 28.827 28.321 27.395 30.053 27.475 28.918 27.790 28.065 27.531 27.721 27.839 28.539 0.000 0.000 0.000 0.000 0.000 
0.000 0.000 0.000 0.000 0.000 0.000 -0.000 24.093 28.570 27.499 28.503 28.256 27.420 25.901 28.267 27.851 27.514 27.510 27.476 26.541 25.981 27.960 27.966 17.475 0.000 0.000 0.000 0.000 0.000 
0.000 0.000 0.000 0.000 0.000 0.000 -0.000 19.373 28.332 26.729 27.761 28.547 28.509 27.138 27.085 28.132 27.381 28.392 27.253 27.725 28.835 27.299 26.380 0.000 0.000 0.000 0.000 0.000 0.000 
0.000 0.000 0.000 0.000 0.000 0.000 0.000 -0.000 0.000 23.329 27.570 27.653 28.391 28.665 28.944 28.463 28.836 27.763 27.751 27.747 26.723 25.331 0.000 0.000 0.000 0.000 0.000 0.000 0.000 
0.000 0.000 0.000 0.000 0.000 0.000 0.000 0.000 0.000 0.000 25.437 23.262 29.005 28.882 28.253 27.846 30.565 26.962 25.395 24.031 0.000 0.000 0.000 0.000 0.000 0.000 0.000 0.000 0.000 
0.000 0.000 0.000 0.000 0.000 0.000 0.000 0.000 0.000 0.000 0.000 0.000 17.157 21.747 24.842 26.426 24.793 19.816 15.742 0.000 0.000 0.000 0.000 0.000 0.000 0.000 0.000 0.000 0.000 
0.000 0.000 0.000 0.000 0.000 0.000 0.000 0.000 0.000 0.000 0.000 0.000 0.000 0.000 -0.000 -0.000 0.000 0.000 0.000 0.000 0.000 0.000 0.000 0.000 0.000 0.000 0.000 0.000 0.000 
0.000 0.000 0.000 0.000 0.000 0.000 0.000 0.000 0.000 0.000 0.000 0.000 0.000 0.000 0.000 0.000 0.000 -0.000 0.000 0.000 0.000 0.000 0.000 0.000 0.000 0.000 0.000 0.000 0.000 
0.000 0.000 0.000 0.000 0.000 0.000 0.000 0.000 0.000 0.000 0.000 0.000 0.000 0.000 0.000 0.000 0.000 0.000 0.000 0.000 0.000 0.000 0.000 0.000 0.000 0.000 0.000 0.000 0.000 
0.000 0.000 0.000 0.000 0.000 0.000 0.000 0.000 0.000 0.000 0.000 0.000 0.000 0.000 0.000 0.000 0.000 0.000 0.000 0.000 0.000 0.000 0.000 0.000 0.000 0.000 0.000 0.000 0.000 
