# Vol_scan Display Grid (processed)
# Grid size: 30 x 23
# Format: reflectivity
# Ref point: (-70000.000000, 171000.000000)
# Grid res: 1000.000000 meters
0.000 0.000 0.000 0.000 0.000 0.000 0.000 0.000 0.000 0.000 0.000 0.000 0.000 0.000 0.000 0.000 0.000 0.000 0.000 0.000 0.000 0.000 0.000 
0.000 0.000 0.000 0.000 -0.000 -0.000 0.000 -0.000 0.000 0.000 0.000 0.000 0.000 0.000 0.000 0.000 0.000 0.000 0.000 0.000 0.000 0.000 0.000 
0.000 0.000 0.000 -0.000 0.000 0.000 -0.000 0.000 0.000 0.000 0.000 0.000 0.000 0.000 0.000 0.000 0.000 0.000 0.000 0.000 0.000 0.000 0.000 
0.000 0.000 -0.000 -0.000 0.000 0.000 0.000 0.000 -0.000 0.000 0.000 0.000 0.000 0.000 0.000 0.000 0.000 0.000 0.000 0.000 0.000 0.000 0.000 
0.000 0.000 -0.000 0.000 0.000 0.000 -0.000 0.000 -0.000 0.000 0.000 0.000 0.000 0.000 0.000 0.000 0.000 0.000 0.000 0.000 0.000 0.000 0.000 
0.000 0.000 0.000 0.000 0.000 0.000 0.000 0.000 0.000 3.500 0.000 0.000 0.000 0.000 0.000 0.000 0.000 0.000 0.000 0.000 0.000 0.000 0.000 
0.000 -0.000 0.000 0.000 0.000 2.289 18.684 24.352 25.523 23.118 23.862 24.144 17.233 0.000 0.000 0.000 0.000 0.000 0.000 0.000 0.000 0.000 0.000 
0.058 0.000 0.000 0.456 21.365 26.316 28.600 29.285 29.554 28.535 30.255 27.958 27.779 26.793 30.381 0.000 0.000 0.000 0.000 0.000 0.000 0.000 0.000 
0.005 0.000 4.447 24.182 30.260 28.289 28.108 27.950 27.124 27.273 27.887 27.979 28.126 27.529 28.358 29.502 0.000 0.000 0.000 0.000 0.000 0.000 0.000 
0.023 5.724 27.734 28.598 27.753 28.642 27.225 29.307 28.278 27.223 27.116 28.015 28.716 27.136 28.441 28.258 27.492 0.000 0.000 0.000 0.000 0.000 0.000 
0.754 25.726 28.683 28.399 28.447 27.949 27.422 30.064 26.302 26.943 26.523 29.198 29.888 27.393 27.464 27.242 27.994 23.069 0.000 0.000 0.000 0.000 0.000 
13.117 28.253 27.762 26.783 27.582 28.169 27.491 28.255 27.645 27.337 28.093 28.844 27.647 28.586 28.270 26.612 28.454 28.702 0.000 0.000 0.000 0.000 0.000 
28.673 27.705 27.190 27.565 28.533 27.910 26.910 28.739 27.535 29.326 28.235 27.584 25.858 27.378 28.162 28.700 26.681 27.142 23.099 0.000 0.000 0.000 0.000 
27.112 29.329 28.108 27.933 28.008 28.294 28.043 28.038 27.053 27.560 26.716 28.237 27.501 29.387 28.576 27.738 29.913 29.439 28.448 0.000 0.000 0.000 0.000 
28.762 28.367 26.537 26.732 28.903 27.276 27.721 28.256 27.738 29.357 28.297 27.862 29.135 28.550 27.013 28.374 28.103 27.786 27.172 0.000 0.000 0.000 0.000 
29.258 26.189 26.951 28.033 29.361 28.405 27.889 28.656 29.173 29.323 27.437 28.275 27.711 27.654 27.640 27.897 28.021 27.808 27.666 0.000 0.000 0.000 0.000 
28.852 28.954 27.810 28.658 28.385 28.049 27.948 27.661 27.161 26.785 27.996 26.752 26.791 27.536 27.546 28.098 28.526 28.268 30.020 0.000 0.000 0.000 0.000 
27.686 26.432 27.919 28.712 29.320 27.071 26.348 25.120 25.096 25.821 25.686 25.565 26.892 27.480 28.661 26.813 27.566 27.593 28.233 0.000 0.000 0.000 0.000 
26.680 28.003 26.747 27.490 29.115 27.226 25.885 25.386 26.850 26.428 25.316 27.139 27.199 27.348 27.775 27.849 27.498 26.727 27.077 0.000 0.000 0.000 0.000 
27.211 27.375 26.252 27.492 27.317 26.424 26.522 24.695 25.844 25.939 26.568 25.510 25.531 26.384 28.036 28.096 27.422 27.444 27.309 0.000 0.000 0.000 0.000 
26.877 27.653 27.406 28.150 28.067 24.121 25.761 23.683 28.193 26.105 27.283 27.145 27.322 24.963 28.808 26.591 27.897 28.898 25.488 0.000 0.000 0.000 0.000 
25.112 28.866 27.510 28.022 27.792 25.999 25.097 26.701 26.783 26.944 26.995 26.608 25.766 26.564 27.965 28.231 27.781 28.211 0.000 0.000 0.000 0.000 0.000 
0.003 25.777 27.727 27.551 28.014 26.969 26.444 26.563 27.376 25.842 26.685 26.472 26.719 24.812 28.881 28.541 28.683 21.341 0.000 0.000 0.000 0.000 0.000 
0.000 0.003 24.713 28.701 29.073 24.983 27.050 25.997 28.162 27.254 25.630 26.032 26.559 26.608 27.673 27.950 24.921 0.000 0.000 -0.000 0.000 0.000 0.000 
0.000 0.000 0.006 24.334 27.978 28.149 25.588 25.619 25.390 26.702 25.862 26.927 26.934 26.361 27.295 25.429 0.000 0.000 0.000 0.000 0.000 0.000 0.000 
0.000 0.000 0.000 0.053 22.780 25.056 26.930 25.373 25.231 25.906 26.715 24.523 22.530 28.525 0.000 0.000 0.000 0.000 0.000 0.000 0.000 0.000 0.000 
0.000 0.000 0.000 0.000 0.000 0.000 15.812 23.267 23.083 26.226 25.211 0.000 0.000 0.000 0.000 0.000 0.000 0.000 0.000 0.000 0.000 0.000 0.000 
-0.000 0.000 0.000 0.000 0.000 0.000 0.000 -0.000 0.000 0.000 0.000 0.000 0.000 0.000 0.000 0.000 0.000 0.000 0.000 0.000 0.000 0.000 0.000 
0.000 0.000 0.000 0.000 0.000 0.000 0.000 0.000 0.000 0.000 0.000 0.000 0.000 0.000 0.000 0.000 0.000 0.000 0.000 0.000 0.000 0.000 0.000 
0.000 -0.000 0.000 0.000 0.000 0.000 0.000 0.000 0.000 0.000 0.000 0.000 0.000 0.000 0.000 0.000 0.000 0.000 0.000 0.000 0.000 0.000 0.000 
