# Vol_scan Display Grid (processed)
# Grid size: 37 x 26
# Format: reflectivity
# Ref point: (-39000.000000, 166000.000000)
# Grid res: 1000.000000 meters
0.000 0.000 0.000 0.000 0.000 0.000 0.000 0.000 0.000 0.000 0.000 0.000 0.000 0.000 0.000 0.000 0.000 0.000 0.000 0.000 -0.000 -0.000 0.000 0.000 0.000 0.000 
0.000 0.000 0.000 0.000 0.000 0.000 0.000 0.000 0.000 0.000 0.000 0.000 0.000 -0.000 0.000 0.000 0.000 0.000 0.000 0.000 0.000 0.000 0.000 0.000 0.000 0.000 
0.000 0.000 0.000 0.000 0.000 0.000 0.000 0.000 0.000 0.000 0.000 0.000 0.000 -0.000 0.000 -0.000 0.000 -0.000 -0.000 0.000 -0.000 0.000 0.000 0.000 0.000 0.000 
0.000 0.000 0.000 0.000 0.000 -0.000 0.000 0.000 0.000 0.000 -0.000 0.000 0.000 0.000 0.000 -0.000 0.000 -0.000 -0.000 0.000 0.000 0.000 0.000 0.000 0.000 0.000 
0.000 0.000 0.000 0.000 0.000 -0.000 0.000 0.000 0.000 0.000 0.000 0.000 0.000 0.000 0.000 0.000 0.000 0.000 -0.000 0.000 0.000 -0.000 -0.000 0.000 0.000 0.000 
0.000 0.000 0.000 0.000 -0.000 0.000 -0.000 0.000 0.000 0.000 0.000 0.000 0.000 0.000 0.000 -0.000 0.000 0.000 0.000 0.000 0.000 -0.000 -0.000 0.000 0.000 0.000 
0.000 0.000 -0.000 0.000 0.000 0.000 0.000 0.000 0.000 0.000 0.000 0.000 0.000 0.000 0.000 0.000 0.000 0.000 0.000 0.000 0.000 0.000 0.000 0.000 0.000 0.000 
0.000 0.000 -0.000 0.000 0.000 0.000 -0.000 0.000 -0.000 0.000 0.000 0.000 0.000 0.000 -0.000 0.000 33.946 31.942 32.821 28.341 0.000 -0.000 0.000 0.000 0.000 0.000 
0.000 0.000 0.000 0.000 0.000 0.000 -0.000 0.000 0.000 0.000 32.698 36.557 35.405 34.911 36.827 35.744 36.513 33.053 35.152 28.341 0.000 -0.000 0.000 0.000 0.000 0.000 
0.000 0.000 0.000 0.000 0.000 0.000 -0.000 37.789 34.721 34.959 32.698 36.557 35.405 34.539 35.234 34.018 36.392 36.211 35.115 29.562 0.000 0.000 0.000 0.000 0.000 0.000 
0.000 0.000 0.000 0.000 0.000 -0.000 0.000 31.617 31.480 38.555 34.607 34.849 34.126 34.539 35.234 34.018 36.392 36.211 35.055 37.347 32.723 35.571 32.656 0.000 0.000 0.000 
0.000 0.000 0.000 0.000 0.000 -0.000 0.000 31.617 35.962 34.860 36.285 32.606 36.347 34.539 33.517 34.497 34.706 34.364 36.107 34.715 32.723 35.571 32.656 0.000 0.000 0.000 
0.000 0.000 0.000 -0.000 0.000 34.444 35.640 33.610 34.292 34.677 32.787 32.606 36.347 34.539 33.517 34.497 33.850 35.500 32.432 34.322 34.943 36.482 31.340 0.000 0.000 0.000 
0.000 0.000 0.000 0.000 0.000 33.350 34.408 32.919 35.512 36.614 34.436 34.311 32.019 35.732 34.504 33.302 33.850 35.500 32.432 35.837 35.963 35.025 34.351 35.976 0.000 0.000 
0.000 0.000 0.000 0.000 0.000 33.350 34.408 32.919 35.512 36.614 34.436 34.311 34.987 32.753 34.761 34.327 33.529 35.419 34.897 35.280 34.860 34.418 34.415 34.379 0.000 0.000 
0.000 0.000 0.000 0.000 0.000 35.575 32.034 33.574 34.894 33.496 36.128 33.657 34.987 32.753 34.761 34.327 33.529 35.419 34.897 35.280 34.860 34.418 34.415 34.379 0.000 0.000 
0.000 0.000 0.000 0.000 36.833 35.575 32.034 33.574 34.894 33.496 34.603 33.865 35.377 33.692 35.274 33.676 34.015 34.220 36.348 31.332 35.225 35.316 34.535 35.402 5.329 0.000 
0.000 0.000 0.000 0.000 0.000 33.463 34.493 32.855 34.476 33.677 34.603 33.865 35.377 33.692 35.963 36.389 33.981 34.778 35.876 33.254 33.173 33.970 34.535 35.402 5.329 0.000 
0.000 0.000 0.000 0.000 0.000 33.463 33.998 35.102 34.865 36.622 35.031 35.995 34.611 37.573 33.667 33.797 35.734 37.775 35.671 36.274 33.709 34.867 33.818 36.365 33.884 0.000 
0.000 0.000 0.000 0.000 -0.000 30.654 32.221 34.695 34.797 33.263 35.031 35.995 34.611 37.573 33.667 33.797 35.734 37.775 35.671 36.274 33.709 34.867 33.818 36.365 33.884 0.000 
0.000 0.000 0.000 0.000 -0.000 30.654 32.221 34.695 34.797 33.263 35.031 35.995 34.611 37.573 33.667 36.621 32.797 36.887 38.162 36.557 34.059 35.235 33.501 33.688 0.000 0.000 
0.000 0.000 0.000 0.000 0.000 33.329 33.471 34.901 31.689 33.788 33.671 34.688 36.620 36.199 35.487 36.621 32.797 36.887 38.162 36.557 34.059 35.235 33.501 33.688 0.000 0.000 
0.000 0.000 0.000 0.000 0.000 0.000 33.471 34.901 31.689 33.788 33.671 34.688 36.620 36.199 35.487 36.621 32.797 36.887 38.162 36.557 34.059 35.235 33.501 33.688 0.000 0.000 
0.000 0.000 0.000 0.000 0.000 0.000 33.793 33.921 34.633 33.679 35.977 33.077 31.916 34.284 36.093 34.856 33.661 34.920 37.186 34.172 35.873 34.281 0.000 -0.000 0.000 0.000 
0.000 0.000 0.000 0.000 0.000 0.000 0.000 0.000 27.293 33.446 35.148 34.631 34.852 35.287 35.659 35.468 36.828 34.920 37.186 34.172 35.873 34.281 0.000 -0.000 0.000 0.000 
0.000 0.000 0.000 0.000 0.000 0.000 0.000 0.000 27.293 33.446 35.148 34.631 34.852 35.287 35.659 35.468 36.828 34.920 37.186 34.172 35.873 34.281 0.000 -0.000 0.000 0.000 
0.000 0.000 0.000 0.000 0.000 0.000 0.000 -0.000 0.000 30.607 31.364 34.343 35.679 34.314 36.385 32.836 33.889 38.016 35.476 34.658 0.000 -0.000 0.000 0.000 0.000 0.000 
0.000 0.000 0.000 0.000 0.000 0.000 0.000 -0.000 0.000 -0.000 0.000 0.000 0.000 0.000 0.000 0.000 0.000 0.000 0.000 0.000 0.000 -0.000 0.000 0.000 0.000 0.000 
0.000 0.000 0.000 0.000 0.000 0.000 0.000 -0.000 0.000 -0.000 0.000 0.000 0.000 0.000 0.000 0.000 0.000 0.000 0.000 0.000 0.000 -0.000 0.000 0.000 0.000 0.000 
0.000 0.000 0.000 0.000 0.000 0.000 0.000 -0.000 0.000 -0.000 0.000 0.000 0.000 0.000 0.000 0.000 0.000 0.000 0.000 0.000 0.000 -0.000 0.000 0.000 0.000 0.000 
0.000 0.000 0.000 0.000 0.000 -0.000 0.000 0.000 0.000 0.000 0.000 0.000 0.000 0.000 0.000 0.000 0.000 0.000 -0.000 0.000 0.000 0.000 0.000 0.000 -0.000 -0.000 
0.000 0.000 0.000 0.000 0.000 -0.000 0.000 0.000 0.000 0.000 0.000 0.000 0.000 0.000 0.000 0.000 0.000 0.000 -0.000 0.000 0.000 0.000 0.000 0.000 -0.000 -0.000 
0.000 0.000 0.000 0.000 0.000 -0.000 0.000 0.000 0.000 0.000 0.000 0.000 0.000 0.000 0.000 0.000 0.000 0.000 -0.000 0.000 0.000 0.000 0.000 0.000 -0.000 -0.000 
0.000 0.000 0.000 0.000 0.000 -0.000 0.000 0.000 0.000 0.000 0.000 0.000 0.000 0.000 0.000 0.000 0.000 0.000 -0.000 0.000 0.000 0.000 0.000 0.000 -0.000 -0.000 
0.000 0.000 0.000 0.000 0.000 -0.000 0.000 0.000 0.000 0.000 0.000 0.000 0.000 0.000 0.000 0.000 0.000 0.000 -0.000 0.000 0.000 0.000 0.000 0.000 -0.000 -0.000 
0.000 0.000 0.000 0.000 0.000 -0.000 0.000 0.000 0.000 0.000 0.000 0.000 0.000 0.000 0.000 0.000 0.000 0.000 -0.000 0.000 0.000 0.000 0.000 0.000 -0.000 -0.000 
0.000 0.000 0.000 0.000 0.000 -0.000 0.000 0.000 0.000 0.000 0.000 0.000 0.000 0.000 0.000 0.000 0.000 0.000 0.000 0.000 0.000 0.000 0.000 0.000 0.000 0.000 
