# Vol_scan Display Grid (processed)
# Grid size: 30 x 31
# Format: reflectivity
# Ref point: (-90000.000000, 164000.000000)
# Grid res: 1000.000000 meters
0.000 0.000 0.000 0.000 0.000 0.000 0.000 0.000 0.000 0.000 0.000 0.000 0.000 0.000 0.000 0.000 0.000 0.000 0.000 0.000 0.000 -0.000 0.000 0.000 0.000 0.000 0.000 0.000 0.000 0.000 0.000 
0.000 0.000 0.000 0.000 0.000 0.000 0.000 0.000 0.000 0.000 0.000 0.000 0.000 0.000 0.000 0.000 0.000 0.000 0.000 -0.000 -0.000 0.000 -0.000 0.000 0.000 0.000 0.000 0.000 0.000 0.000 0.000 
0.000 0.000 0.000 0.000 0.000 0.000 0.000 0.000 0.000 0.000 0.000 0.000 0.000 7.680 0.005 0.000 0.000 0.000 0.000 0.000 0.000 -0.000 0.000 0.000 0.000 0.000 0.000 0.000 0.000 0.000 0.000 
0.000 0.000 0.000 0.000 0.000 0.000 0.000 0.000 0.000 0.000 0.000 7.900 0.042 0.004 0.000 0.002 0.001 0.001 0.000 0.000 0.000 0.000 0.000 0.000 0.000 0.000 0.000 0.000 0.000 0.000 0.000 
0.000 0.000 0.000 0.000 0.000 0.000 0.000 0.000 0.000 0.000 4.500 7.220 0.025 0.848 8.430 22.681 23.629 1.131 3.716 6.264 0.000 0.000 0.000 -0.000 0.000 0.000 0.000 0.000 0.000 0.000 0.000 
0.000 0.000 0.000 0.000 0.000 0.000 0.000 0.000 3.070 4.310 4.585 38.869 26.987 25.743 28.452 26.878 27.538 29.358 27.530 25.146 17.062 5.111 -0.000 -0.000 0.000 0.000 0.000 0.000 0.000 0.000 0.000 
0.000 0.000 0.000 0.000 0.000 0.000 0.000 3.930 6.625 22.215 25.248 27.207 27.441 28.333 27.791 27.680 25.530 26.993 28.567 27.876 28.090 21.399 7.193 0.000 -0.000 0.000 0.000 0.000 0.000 0.000 0.000 
0.000 0.000 0.000 0.000 0.000 0.000 3.860 0.151 16.436 29.073 27.936 29.507 27.389 27.992 27.807 28.976 25.879 27.574 28.440 27.921 27.279 27.943 22.728 15.588 -0.000 0.000 0.000 0.000 0.000 0.000 0.000 
0.000 0.000 0.000 0.000 0.000 6.460 0.006 0.011 30.849 27.116 28.010 27.168 29.534 28.105 27.540 27.211 28.919 26.447 29.154 28.990 27.010 27.195 28.413 27.313 0.002 -0.000 0.000 0.000 0.000 0.000 0.000 
0.000 0.000 0.000 0.000 0.000 0.005 0.001 21.784 28.954 27.817 26.840 28.282 27.358 27.451 27.045 29.633 27.253 27.810 27.952 26.571 28.751 28.950 27.027 28.374 26.919 -0.000 0.000 0.000 0.000 0.000 0.000 
0.000 0.000 0.000 0.000 0.003 0.000 0.578 23.995 27.862 28.510 26.878 28.791 26.639 26.326 27.714 28.304 28.111 27.466 28.022 27.673 28.666 27.355 27.821 26.008 27.652 21.786 0.000 0.000 0.000 0.000 0.000 
0.000 0.000 0.000 0.000 0.000 0.000 8.960 28.668 26.925 25.282 26.930 27.492 27.246 28.242 28.646 27.053 29.129 25.992 27.401 28.681 29.302 28.626 28.206 28.366 27.333 22.172 0.000 0.000 0.000 0.000 0.000 
0.000 0.000 0.000 0.000 0.000 0.001 27.017 28.160 28.304 28.444 28.608 28.660 28.121 28.708 27.365 27.768 28.148 27.816 28.318 26.619 28.962 28.377 27.611 28.518 28.761 26.324 0.000 0.000 0.000 0.000 0.000 
0.000 0.000 0.000 0.000 0.000 0.001 25.386 26.355 27.317 24.934 26.934 27.538 27.402 27.881 26.672 27.001 29.371 29.602 28.841 27.876 28.305 28.121 27.060 27.868 27.639 27.371 -0.000 0.000 0.000 0.000 0.000 
0.000 -0.000 -0.000 0.000 0.000 0.000 28.054 28.835 29.068 27.310 27.073 28.393 26.764 26.946 29.229 28.750 27.422 28.834 28.634 28.013 30.261 27.466 28.001 28.012 28.318 28.109 0.000 -0.000 0.000 0.000 0.000 
0.000 0.000 0.000 -0.000 0.000 0.000 28.849 26.717 27.034 28.616 27.481 26.780 28.405 27.780 29.187 29.744 28.141 26.475 28.403 27.572 28.589 27.260 28.362 28.491 28.155 26.538 0.000 0.000 0.000 0.000 0.000 
0.000 0.000 0.000 -0.000 -0.000 0.000 25.715 28.233 27.499 26.559 27.285 27.339 26.778 27.852 27.891 27.010 27.551 29.285 26.292 27.009 29.664 28.580 27.634 27.415 28.381 29.358 0.000 0.000 0.000 0.000 0.000 
0.000 -0.000 0.000 -0.000 0.000 0.000 13.960 27.445 27.669 28.619 28.173 27.943 27.844 27.592 27.912 29.553 26.045 28.076 27.463 28.404 28.599 29.124 27.891 28.668 27.650 26.463 0.000 0.000 -0.000 0.000 0.000 
0.000 0.000 0.000 0.000 0.000 0.000 0.097 29.065 28.209 26.651 26.528 28.172 29.455 27.833 28.233 29.178 27.670 27.278 26.330 27.174 29.695 26.269 27.868 28.170 27.796 25.497 0.000 0.000 -0.000 0.000 0.000 
0.000 0.000 0.000 0.000 0.000 -0.000 0.000 22.617 27.777 27.319 27.278 28.814 25.666 26.340 27.000 28.277 27.243 28.923 28.451 27.413 27.882 27.912 29.788 28.027 26.468 0.000 0.000 0.000 0.000 0.000 0.000 
0.000 0.000 0.000 0.000 0.000 -0.000 0.000 0.000 29.662 29.603 27.763 26.506 27.289 28.729 28.413 26.629 26.698 27.735 27.355 28.286 28.412 27.159 27.659 27.368 23.633 0.000 0.000 0.000 0.000 0.000 0.000 
0.000 0.000 0.000 0.000 0.000 0.000 0.000 0.000 25.391 28.386 28.071 30.630 29.820 25.788 27.880 27.890 29.415 27.208 27.199 28.098 27.062 28.220 27.278 27.316 0.000 0.000 0.000 0.000 0.000 0.000 0.000 
0.000 0.000 0.000 0.000 0.000 0.000 0.000 0.000 0.000 21.387 25.948 26.148 26.919 27.455 27.382 27.852 29.880 27.547 26.994 27.771 28.127 27.336 26.078 0.000 0.000 0.000 0.000 0.000 0.000 0.000 0.000 
0.000 0.000 0.000 0.000 0.000 0.000 0.000 0.000 0.000 -0.000 22.756 25.625 27.501 26.788 27.912 26.838 26.711 28.340 27.211 28.193 24.285 25.564 0.000 0.000 0.000 0.000 0.000 0.000 0.000 0.000 0.000 
0.000 0.000 0.000 0.000 0.000 0.000 0.000 0.000 0.000 0.000 0.000 0.000 16.300 22.423 28.666 25.433 25.494 28.162 22.541 23.593 18.666 0.000 0.000 0.000 0.000 0.000 0.000 0.000 0.000 0.000 0.000 
0.000 0.000 0.000 0.000 0.000 0.000 0.000 0.000 0.000 0.000 0.000 0.000 0.000 -0.000 -0.000 0.000 0.000 -0.000 -0.000 0.000 0.000 0.000 0.000 0.000 0.000 0.000 0.000 0.000 0.000 0.000 0.000 
0.000 0.000 0.000 0.000 0.000 0.000 0.000 0.000 0.000 0.000 0.000 0.000 0.000 0.000 -0.000 -0.000 0.000 -0.000 0.000 0.000 0.000 0.000 0.000 0.000 0.000 0.000 0.000 0.000 0.000 0.000 0.000 
0.000 0.000 0.000 0.000 0.000 0.000 0.000 0.000 0.000 0.000 0.000 0.000 0.000 0.000 0.000 0.000 0.000 0.000 0.000 0.000 0.000 0.000 0.000 0.000 0.000 0.000 0.000 0.000 0.000 0.000 0.000 
0.000 0.000 0.000 0.000 0.000 0.000 0.000 0.000 0.000 0.000 0.000 0.000 0.000 0.000 0.000 0.000 0.000 0.000 0.000 0.000 0.000 0.000 0.000 0.000 0.000 0.000 0.000 0.000 0.000 0.000 0.000 
0.000 0.000 0.000 0.000 0.000 0.000 0.000 0.000 0.000 0.000 0.000 0.000 0.000 0.000 0.000 0.000 0.000 0.000 0.000 0.000 0.000 0.000 0.000 0.000 0.000 0.000 0.000 0.000 0.000 0.000 0.000 
