# Vol_scan Display Grid (processed)
# Grid size: 39 x 28
# Format: reflectivity
# Ref point: (-56000.000000, 165000.000000)
# Grid res: 1000.000000 meters
0.000 0.000 0.000 0.000 0.000 0.000 0.000 0.000 0.000 0.000 0.000 0.000 0.000 0.000 0.000 0.000 0.000 0.000 0.000 0.000 -0.000 0.000 0.000 0.000 0.000 0.000 0.000 0.000 
0.000 0.000 0.000 0.000 0.000 0.000 0.000 0.000 0.000 0.000 0.000 0.000 0.000 0.000 0.000 0.000 0.000 -0.000 -0.000 0.000 -0.000 0.000 0.000 0.000 0.000 0.000 0.000 0.000 
0.000 0.000 0.000 0.000 0.000 0.000 0.000 0.000 0.000 0.000 0.000 0.000 0.000 0.000 0.000 0.000 0.000 0.000 0.000 0.000 0.000 0.000 0.000 0.000 0.000 0.000 0.000 0.000 
0.000 0.000 0.000 0.000 0.000 0.000 0.000 0.000 0.000 0.000 -0.000 0.000 0.000 0.000 -0.000 -0.000 0.000 -0.000 0.000 0.000 0.000 -0.000 0.000 0.000 0.000 0.000 0.000 0.000 
0.000 0.000 0.000 0.000 0.000 0.000 0.000 -0.000 0.000 0.000 0.000 0.000 0.000 0.000 0.000 -0.000 0.000 0.000 -0.000 -0.000 0.000 -0.000 0.000 0.000 0.000 0.000 0.000 0.000 
0.000 0.000 -0.000 0.000 0.000 0.000 0.000 0.000 0.000 0.000 0.000 0.000 -0.000 0.000 0.000 0.000 0.000 0.000 0.000 0.000 0.000 0.000 0.000 0.000 0.000 0.000 0.000 0.000 
0.000 0.000 0.000 -0.000 0.000 0.000 0.000 0.000 0.000 0.000 0.000 -0.000 0.000 0.000 0.000 0.000 0.000 0.000 -0.000 0.000 -0.000 0.000 0.000 0.000 0.000 0.000 0.000 0.000 
0.000 0.000 0.000 0.000 0.000 -0.000 0.000 0.000 0.000 0.000 0.000 0.000 0.000 -0.000 0.000 -0.000 -0.000 0.000 18.183 0.000 0.000 0.000 -0.000 0.000 0.000 0.000 0.000 0.000 
0.000 0.000 0.000 -0.000 0.000 0.000 0.000 0.000 -0.000 0.000 0.000 0.000 0.000 0.000 0.000 34.727 32.482 31.129 26.589 0.000 -0.000 0.000 -0.000 0.000 0.000 0.000 0.000 0.000 
0.000 0.000 0.000 0.000 -0.000 0.000 0.000 0.000 0.000 0.000 0.000 34.815 32.333 32.415 38.237 35.153 36.326 33.475 28.374 0.000 0.000 0.000 0.000 0.000 0.000 0.000 0.000 0.000 
0.000 0.000 0.000 0.000 0.000 0.000 0.000 35.558 34.136 32.627 35.257 35.352 33.501 34.662 33.706 35.729 34.084 35.397 30.051 0.003 37.760 37.980 0.004 0.000 0.000 0.000 0.000 0.000 
0.000 0.000 0.000 0.000 -0.000 0.000 -0.000 0.000 32.961 33.054 33.378 35.404 33.210 33.098 34.134 35.893 35.338 34.826 34.519 32.382 34.554 34.318 29.608 0.000 0.000 0.000 0.000 0.000 
0.000 0.000 0.000 0.000 -0.000 0.000 0.000 0.000 31.879 35.655 32.730 33.308 35.460 34.216 36.743 32.283 32.173 32.805 33.032 31.400 33.540 33.294 29.077 0.000 0.000 0.000 0.000 0.000 
0.000 0.000 0.000 0.000 0.000 -0.000 0.000 0.000 35.355 37.238 33.201 33.658 31.991 34.624 36.591 33.979 34.012 32.805 35.404 32.542 35.195 37.949 35.992 35.091 6.798 0.000 0.000 0.000 
0.000 0.000 0.000 0.000 0.000 25.733 34.276 32.274 33.559 32.939 35.529 36.030 32.830 34.657 34.235 33.744 34.762 35.726 34.442 34.843 35.962 32.575 35.758 35.446 29.697 0.000 0.000 0.000 
0.000 0.000 0.000 0.000 0.000 -0.000 33.902 34.130 33.199 32.939 35.088 35.318 35.896 33.711 35.079 34.188 33.791 35.148 32.574 34.843 35.259 36.916 35.729 38.239 29.863 0.000 0.000 0.000 
0.000 0.000 0.000 0.000 0.000 -0.000 33.302 33.453 33.778 34.534 35.680 34.857 35.005 34.582 33.403 36.065 35.358 34.005 35.226 35.213 35.259 36.916 34.999 35.357 35.561 0.000 0.000 0.000 
0.000 0.000 0.000 0.000 0.000 35.424 34.618 34.519 36.836 34.851 34.839 34.857 34.802 31.613 34.037 35.311 31.023 36.621 33.655 33.557 33.254 36.620 34.360 33.292 37.749 6.530 0.000 0.000 
0.000 0.000 0.000 0.000 0.000 34.388 34.257 34.684 33.777 34.414 33.790 33.117 34.802 31.613 41.568 42.923 46.168 41.643 34.525 34.943 33.062 35.783 36.279 35.530 37.749 6.530 0.000 0.000 
0.000 0.000 0.000 0.000 0.000 0.000 35.071 34.253 33.299 35.739 33.449 35.842 43.170 41.079 41.568 42.923 44.347 37.328 33.490 36.585 35.965 34.329 34.983 35.722 38.064 34.880 0.000 0.000 
0.000 0.000 0.000 0.000 0.000 32.431 34.041 34.282 34.421 35.424 36.166 40.686 44.916 45.826 43.776 44.168 44.347 37.328 33.490 33.153 33.873 34.404 33.614 38.572 35.746 0.000 0.000 0.000 
0.000 0.000 0.000 0.000 0.000 0.000 34.041 34.282 34.421 35.582 35.580 38.738 46.954 47.593 42.779 48.567 47.537 45.586 44.683 44.478 33.953 34.404 35.468 35.775 33.677 0.000 0.000 0.000 
0.000 0.000 0.000 0.000 0.000 0.000 34.965 34.038 32.953 35.582 43.591 43.974 43.107 45.081 43.310 46.882 44.586 45.548 45.970 44.890 32.284 36.761 35.468 35.775 33.677 0.000 0.000 0.000 
0.000 0.000 0.000 0.000 0.000 0.000 0.000 33.257 34.606 35.003 43.954 41.807 43.107 45.081 43.310 46.882 41.532 47.506 43.919 44.845 39.655 33.160 31.035 0.000 0.000 0.000 0.000 0.000 
0.000 0.000 0.000 0.000 0.000 0.000 0.000 32.295 33.596 33.084 36.073 43.784 46.051 44.369 45.931 44.991 41.532 43.898 45.923 43.391 36.290 35.486 33.550 0.000 -0.000 0.000 0.000 0.000 
0.000 0.000 0.000 0.000 0.000 0.000 0.000 32.295 33.596 34.401 33.204 43.310 45.277 45.452 44.927 43.774 43.331 45.482 43.056 44.006 36.290 35.486 33.550 0.000 -0.000 0.000 -0.000 0.000 
0.000 0.000 0.000 0.000 0.000 0.000 0.000 -0.000 0.000 29.388 33.456 43.310 45.277 45.452 43.820 47.163 45.389 45.801 46.026 42.359 33.156 35.206 32.998 32.237 0.000 0.000 -0.000 0.000 
0.000 0.000 0.000 0.000 0.000 0.000 0.000 0.000 -0.000 0.000 33.222 44.485 47.269 46.083 43.820 47.163 45.389 45.801 46.026 0.000 -0.000 0.000 0.000 -0.000 -0.000 0.000 -0.000 0.000 
0.000 0.000 0.000 0.000 0.000 0.000 0.000 0.000 -0.000 0.000 34.839 35.368 0.000 0.000 0.000 0.000 0.000 -0.000 0.000 0.000 0.000 0.000 0.000 -0.000 -0.000 0.000 -0.000 0.000 
0.000 0.000 0.000 0.000 0.000 0.000 0.000 0.000 0.000 0.000 0.000 0.000 0.000 0.000 0.000 0.000 0.000 0.000 0.000 0.000 0.000 0.000 0.000 0.000 0.000 0.000 0.000 0.000 
0.000 0.000 0.000 0.000 0.000 0.000 0.000 0.000 -0.000 0.000 -0.000 0.000 0.000 0.000 0.000 0.000 -0.000 0.000 0.000 0.000 0.000 0.000 0.000 0.000 0.000 0.000 0.000 0.000 
0.000 0.000 0.000 0.000 0.000 0.000 0.000 0.000 -0.000 0.000 -0.000 0.000 0.000 -0.000 0.000 0.000 0.000 0.000 -0.000 0.000 -0.000 -0.000 0.000 -0.000 0.000 -0.000 0.000 0.000 
0.000 0.000 0.000 0.000 0.000 0.000 0.000 0.000 -0.000 0.000 0.000 0.000 0.000 -0.000 0.000 0.000 0.000 0.000 -0.000 0.000 -0.000 -0.000 0.000 -0.000 0.000 -0.000 0.000 -0.000 
0.000 0.000 0.000 0.000 0.000 0.000 0.000 0.000 -0.000 0.000 0.000 0.000 0.000 0.000 0.000 0.000 0.000 0.000 0.000 0.000 0.000 -0.000 0.000 0.000 0.000 0.000 0.000 -0.000 
0.000 0.000 0.000 0.000 0.000 0.000 0.000 0.000 0.000 -0.000 0.000 0.000 0.000 0.000 0.000 0.000 0.000 0.000 0.000 0.000 0.000 -0.000 0.000 0.000 0.000 0.000 0.000 -0.000 
0.000 0.000 0.000 0.000 0.000 0.000 0.000 0.000 0.000 -0.000 0.000 0.000 0.000 0.000 0.000 0.000 0.000 0.000 -0.000 0.000 0.000 0.000 0.000 0.000 -0.000 -0.000 0.000 -0.000 
0.000 0.000 0.000 0.000 0.000 0.000 0.000 0.000 0.000 0.000 0.000 0.000 0.000 0.000 0.000 0.000 0.000 0.000 -0.000 0.000 0.000 0.000 0.000 0.000 -0.000 -0.000 0.000 0.000 
0.000 0.000 0.000 0.000 0.000 0.000 0.000 0.000 0.000 0.000 0.000 0.000 0.000 0.000 0.000 0.000 0.000 0.000 0.000 0.000 0.000 0.000 0.000 0.000 0.000 0.000 0.000 0.000 
0.000 0.000 0.000 0.000 0.000 0.000 0.000 0.000 0.000 0.000 0.000 0.000 0.000 0.000 0.000 0.000 0.000 0.000 0.000 0.000 0.000 0.000 0.000 0.000 0.000 0.000 0.000 0.000 
