# Vol_scan Display Grid (processed)
# Grid size: 39 x 29
# Format: reflectivity
# Ref point: (-56000.000000, 165000.000000)
# Grid res: 1000.000000 meters
0.000 0.000 0.000 0.000 0.000 0.000 0.000 0.000 0.000 0.000 0.000 0.000 0.000 0.000 0.000 0.000 0.000 0.000 0.000 0.000 -0.000 0.000 0.000 0.000 0.000 0.000 0.000 0.000 0.000 
0.000 0.000 0.000 0.000 0.000 0.000 0.000 0.000 0.000 0.000 0.000 0.000 0.000 0.000 0.000 0.000 0.000 -0.000 -0.000 0.000 -0.000 0.000 0.000 0.000 0.000 0.000 0.000 0.000 0.000 
0.000 0.000 0.000 0.000 0.000 0.000 0.000 0.000 0.000 0.000 0.000 0.000 0.000 0.000 0.000 0.000 0.000 0.000 0.000 0.000 0.000 0.000 0.000 0.000 0.000 0.000 0.000 0.000 0.000 
0.000 0.000 0.000 0.000 0.000 0.000 0.000 0.000 0.000 0.000 -0.000 0.000 0.000 0.000 -0.000 -0.000 0.000 -0.000 0.000 0.000 0.000 -0.000 0.000 0.000 0.000 0.000 0.000 0.000 0.000 
0.000 0.000 0.000 0.000 0.000 0.000 0.000 -0.000 0.000 0.000 0.000 0.000 0.000 0.000 0.000 -0.000 0.000 0.000 -0.000 -0.000 0.000 -0.000 0.000 0.000 0.000 0.000 0.000 0.000 0.000 
0.000 0.000 -0.000 0.000 0.000 0.000 0.000 0.000 0.000 0.000 0.000 0.000 -0.000 0.000 0.000 0.000 0.000 0.000 0.000 0.000 0.000 0.000 0.000 0.000 0.000 0.000 0.000 0.000 0.000 
0.000 0.000 0.000 -0.000 0.000 0.000 0.000 0.000 0.000 0.000 0.000 -0.000 0.000 0.000 0.000 0.000 0.000 0.000 -0.000 0.000 -0.000 0.000 0.000 0.000 0.000 0.000 0.000 0.000 0.000 
0.000 0.000 0.000 0.000 0.000 -0.000 0.000 0.000 0.000 0.000 0.000 0.000 0.000 -0.000 0.000 -0.000 -0.000 0.000 36.233 35.451 0.003 0.000 -0.000 0.000 0.000 0.000 0.000 0.000 0.000 
0.000 0.000 0.000 -0.000 0.000 0.000 0.000 0.000 -0.000 0.000 0.000 0.000 0.000 0.000 0.000 33.691 34.942 33.257 36.873 34.075 23.867 0.000 -0.000 0.000 0.000 0.000 0.000 0.000 0.000 
0.000 0.000 0.000 0.000 -0.000 0.000 0.000 0.000 0.000 0.000 0.000 33.864 34.712 36.635 33.868 36.317 36.442 33.267 33.909 33.962 31.543 0.000 0.000 0.000 0.000 0.000 0.000 0.000 0.000 
0.000 0.000 0.000 0.000 0.000 0.000 0.000 36.299 33.333 34.850 33.458 33.611 31.967 34.533 35.075 37.022 35.189 33.478 36.162 34.513 37.061 34.495 36.773 -0.000 0.000 0.000 0.000 0.000 0.000 
0.000 0.000 0.000 0.000 -0.000 0.000 30.347 33.454 35.199 35.379 33.695 34.430 32.661 34.410 36.019 33.109 33.732 33.993 36.851 35.930 35.096 34.567 35.416 17.878 0.000 0.000 0.000 0.000 0.000 
0.000 0.000 0.000 0.000 -0.000 0.000 0.000 33.269 34.733 35.599 33.143 34.806 32.129 31.597 36.425 35.114 37.256 32.315 35.422 37.887 33.541 34.916 33.222 25.942 0.000 0.000 0.000 0.000 0.000 
0.000 0.000 0.000 0.000 0.000 -0.000 0.000 31.412 32.979 34.173 34.489 33.271 34.147 32.991 35.848 34.839 34.270 32.315 35.102 35.849 34.220 33.501 33.494 35.499 36.492 0.000 0.000 0.000 0.000 
0.000 0.000 0.000 0.000 0.000 34.457 34.651 34.594 34.679 34.800 30.166 32.186 32.794 34.823 33.354 34.822 33.015 35.106 35.158 36.096 36.403 35.109 34.015 36.674 37.626 0.000 0.000 0.000 0.000 
0.000 0.000 0.000 0.000 0.000 28.363 33.092 34.572 35.069 34.800 35.500 34.530 34.545 34.924 33.383 34.318 35.793 35.792 33.926 36.096 34.100 31.984 35.153 34.086 36.509 0.000 0.000 0.000 0.000 
0.000 0.000 0.000 0.000 0.000 -0.000 34.730 33.089 34.724 31.031 35.280 35.563 34.458 35.770 34.770 33.837 32.721 32.457 34.010 35.040 34.100 31.984 36.107 36.234 38.206 0.095 0.000 0.000 0.000 
0.000 0.000 0.000 0.000 0.000 33.972 34.297 33.669 32.724 34.400 33.357 35.563 34.722 31.214 34.477 35.139 34.167 33.077 34.672 32.074 33.598 35.398 36.675 35.750 34.543 0.009 0.000 0.000 0.000 
0.000 0.000 0.000 0.000 0.000 34.011 33.884 34.218 34.208 34.543 36.263 33.100 34.722 31.214 44.555 43.100 42.474 47.959 43.524 35.200 33.568 33.112 34.841 35.391 34.543 0.009 0.000 0.000 0.000 
0.000 0.000 0.000 0.000 0.000 0.000 36.811 34.678 35.708 34.544 35.342 45.055 43.302 42.120 44.555 43.100 43.188 42.720 43.505 36.998 34.757 35.867 35.613 34.878 32.311 35.420 0.000 0.000 0.000 
0.000 0.000 0.000 0.000 0.000 0.000 35.972 34.461 34.714 34.629 34.372 42.312 44.198 42.098 40.484 44.602 43.188 42.720 43.505 37.505 37.568 32.963 35.394 34.946 32.197 -0.000 0.000 0.000 0.000 
0.000 0.000 0.000 0.000 0.000 0.000 35.972 34.461 34.714 34.368 34.257 44.701 42.660 44.027 45.976 43.166 42.966 43.709 44.749 45.063 32.443 32.963 35.395 34.885 35.789 -0.000 0.000 0.000 0.000 
0.000 0.000 0.000 0.000 0.000 0.000 31.516 33.266 34.525 34.368 43.356 43.306 44.359 43.462 42.409 39.616 43.990 42.183 40.932 43.791 36.848 34.537 35.395 34.885 35.789 -0.000 0.000 0.000 0.000 
0.000 0.000 0.000 0.000 0.000 0.000 0.000 0.000 33.768 31.899 40.577 43.588 44.359 43.462 42.409 39.616 43.564 44.304 43.974 46.254 45.568 33.348 35.140 0.000 0.000 0.000 0.000 0.000 0.000 
0.000 0.000 0.000 0.000 0.000 0.000 0.000 -0.000 35.232 35.659 35.232 41.994 42.935 43.822 40.584 42.137 43.564 43.665 45.235 33.501 31.698 33.042 -0.000 0.000 -0.000 0.000 0.000 0.000 0.000 
0.000 0.000 0.000 0.000 0.000 0.000 0.000 -0.000 35.232 36.531 33.907 31.184 42.046 41.682 45.682 41.716 43.400 42.267 43.249 43.858 31.698 33.042 -0.000 0.000 -0.000 0.000 -0.000 0.000 0.000 
0.000 0.000 0.000 0.000 0.000 0.000 0.000 -0.000 0.000 0.000 0.000 31.184 42.046 41.682 43.311 44.922 40.271 40.458 44.523 41.043 34.114 32.108 29.298 0.000 0.000 0.000 -0.000 0.000 0.000 
0.000 0.000 0.000 0.000 0.000 0.000 0.000 0.000 -0.000 0.000 0.000 33.140 43.211 39.683 43.311 44.922 40.271 40.458 44.523 0.000 -0.000 0.000 0.000 -0.000 -0.000 0.000 -0.000 0.000 0.000 
0.000 0.000 0.000 0.000 0.000 0.000 0.000 0.000 -0.000 0.000 0.000 28.148 0.000 0.000 0.000 0.000 0.000 -0.000 0.000 0.000 0.000 0.000 0.000 -0.000 -0.000 0.000 -0.000 0.000 0.000 
0.000 0.000 0.000 0.000 0.000 0.000 0.000 0.000 0.000 0.000 0.000 0.000 0.000 0.000 0.000 0.000 0.000 0.000 0.000 0.000 0.000 0.000 0.000 0.000 0.000 0.000 0.000 0.000 0.000 
0.000 0.000 0.000 0.000 0.000 0.000 0.000 0.000 -0.000 0.000 -0.000 0.000 0.000 0.000 0.000 0.000 -0.000 0.000 0.000 0.000 0.000 0.000 0.000 0.000 0.000 0.000 0.000 0.000 0.000 
0.000 0.000 0.000 0.000 0.000 0.000 0.000 0.000 -0.000 0.000 -0.000 0.000 0.000 -0.000 0.000 0.000 0.000 0.000 -0.000 0.000 -0.000 -0.000 0.000 -0.000 0.000 -0.000 0.000 0.000 0.000 
0.000 0.000 0.000 0.000 0.000 0.000 0.000 0.000 -0.000 0.000 0.000 0.000 0.000 -0.000 0.000 0.000 0.000 0.000 -0.000 0.000 -0.000 -0.000 0.000 -0.000 0.000 -0.000 0.000 -0.000 0.000 
0.000 0.000 0.000 0.000 0.000 0.000 0.000 0.000 -0.000 0.000 0.000 0.000 0.000 0.000 0.000 0.000 0.000 0.000 0.000 0.000 0.000 -0.000 0.000 0.000 0.000 0.000 0.000 -0.000 0.000 
0.000 0.000 0.000 0.000 0.000 0.000 0.000 0.000 0.000 -0.000 0.000 0.000 0.000 0.000 0.000 0.000 0.000 0.000 0.000 0.000 0.000 -0.000 0.000 0.000 0.000 0.000 0.000 -0.000 0.000 
0.000 0.000 0.000 0.000 0.000 0.000 0.000 0.000 0.000 -0.000 0.000 0.000 0.000 0.000 0.000 0.000 0.000 0.000 -0.000 0.000 0.000 0.000 0.000 0.000 -0.000 -0.000 0.000 -0.000 0.000 
0.000 0.000 0.000 0.000 0.000 0.000 0.000 0.000 0.000 0.000 0.000 0.000 0.000 0.000 0.000 0.000 0.000 0.000 -0.000 0.000 0.000 0.000 0.000 0.000 -0.000 -0.000 0.000 0.000 0.000 
0.000 0.000 0.000 0.000 0.000 0.000 0.000 0.000 0.000 0.000 0.000 0.000 0.000 0.000 0.000 0.000 0.000 0.000 0.000 0.000 0.000 0.000 0.000 0.000 0.000 0.000 0.000 0.000 0.000 
0.000 0.000 0.000 0.000 0.000 0.000 0.000 0.000 0.000 0.000 0.000 0.000 0.000 0.000 0.000 0.000 0.000 0.000 0.000 0.000 0.000 0.000 0.000 0.000 0.000 0.000 0.000 0.000 0.000 
