# Vol_scan Display Grid (processed)
# Grid size: 40 x 29
# Format: reflectivity
# Ref point: (-60000.000000, 165000.000000)
# Grid res: 1000.000000 meters
0.000 0.000 0.000 0.000 0.000 0.000 0.000 0.000 0.000 0.000 0.000 0.000 0.000 0.000 0.000 0.000 0.000 0.000 0.000 0.000 0.000 0.000 0.000 0.000 0.000 0.000 0.000 0.000 0.000 
0.000 0.000 0.000 0.000 0.000 0.000 0.000 0.000 0.000 0.000 0.000 0.000 0.000 0.000 0.000 0.000 0.000 0.000 0.000 -0.000 0.000 0.000 0.000 0.000 0.000 0.000 0.000 0.000 0.000 
0.000 0.000 0.000 0.000 0.000 0.000 0.000 0.000 0.000 0.000 0.000 0.000 0.000 0.000 0.000 0.000 -0.000 -0.000 0.000 0.000 0.000 0.000 0.000 0.000 0.000 0.000 0.000 0.000 0.000 
0.000 0.000 0.000 0.000 0.000 0.000 0.000 0.000 0.000 0.000 0.000 0.000 0.000 0.000 0.000 0.000 0.000 0.000 -0.000 0.000 0.000 -0.000 0.000 0.000 0.000 0.000 0.000 0.000 0.000 
0.000 0.000 0.000 0.000 0.000 0.000 0.000 0.000 0.000 -0.000 0.000 -0.000 0.000 -0.000 -0.000 0.000 0.000 0.000 0.000 0.000 -0.000 0.000 0.000 0.000 0.000 0.000 0.000 0.000 0.000 
0.000 0.000 0.000 0.000 0.000 0.000 -0.000 0.000 0.000 0.000 0.000 0.000 0.000 0.000 -0.000 0.000 0.000 -0.000 -0.000 0.000 -0.000 0.000 0.000 0.000 0.000 0.000 0.000 0.000 0.000 
0.000 0.000 0.000 0.000 0.000 0.000 0.000 0.000 0.000 0.000 0.000 -0.000 0.000 0.000 0.000 0.000 0.000 0.000 0.000 0.000 0.000 0.000 -0.000 0.000 0.000 0.000 0.000 0.000 0.000 
0.000 0.000 0.000 0.000 0.000 0.000 0.000 0.000 0.000 0.000 -0.000 0.000 0.000 0.000 -0.000 -0.000 0.000 -0.000 0.000 0.000 0.000 -0.000 0.000 0.000 0.000 0.000 0.000 0.000 0.000 
0.000 0.000 -0.000 0.000 -0.000 0.000 0.000 -0.000 0.000 0.000 0.000 0.000 0.000 0.000 0.000 -0.000 0.000 32.731 32.808 0.000 0.000 -0.000 0.000 0.000 0.000 0.000 0.000 0.000 0.000 
0.000 0.000 -0.000 0.000 0.000 0.000 0.000 0.000 0.000 0.000 0.000 0.000 -0.000 34.509 33.318 34.319 35.389 35.521 29.991 0.004 0.000 0.000 0.000 0.000 0.000 0.000 0.000 0.000 0.000 
0.000 0.000 0.000 -0.000 0.000 0.000 0.000 0.000 0.000 0.000 33.537 34.627 34.712 34.039 31.237 34.914 35.535 32.530 27.661 26.324 -0.000 0.000 0.003 -0.000 0.000 0.000 0.000 0.000 0.000 
0.000 0.000 0.000 0.000 0.000 -0.000 0.000 28.855 33.761 35.788 34.146 34.591 35.233 34.575 33.278 34.488 33.177 34.657 35.308 33.220 34.163 34.199 18.290 0.000 0.000 0.000 0.000 0.000 0.000 
0.000 0.000 0.000 -0.000 0.000 0.000 0.000 29.793 33.060 34.435 35.217 33.226 31.335 32.780 31.031 32.949 35.874 34.610 33.006 38.714 35.251 36.613 30.441 0.000 0.000 0.000 0.000 0.000 0.000 
0.000 0.000 0.000 0.000 -0.000 0.000 0.000 33.478 35.096 35.363 33.684 35.753 33.646 34.893 33.505 35.834 33.560 33.585 33.616 35.127 37.057 38.885 32.356 0.000 0.000 0.000 0.000 0.000 0.000 
0.000 0.000 0.000 0.000 0.000 0.000 0.000 34.433 36.067 36.722 36.739 35.320 34.357 34.168 32.608 33.460 36.701 33.868 36.352 32.071 36.147 38.426 37.134 34.351 5.710 0.000 0.000 0.000 0.000 
0.000 0.000 0.000 0.000 -0.000 29.623 34.141 36.382 34.790 33.690 35.156 34.479 34.100 33.900 33.600 36.678 34.644 35.112 33.428 34.406 33.837 38.557 36.198 33.731 32.832 0.000 0.000 0.000 0.000 
0.000 0.000 0.000 0.000 -0.000 0.000 34.462 36.158 32.306 35.068 33.218 32.564 34.937 34.555 34.530 34.552 34.568 34.438 33.911 30.964 34.734 33.541 35.341 36.839 35.286 0.000 0.000 0.000 0.000 
0.000 0.000 0.000 0.000 0.000 -0.000 33.146 34.431 34.874 33.711 33.499 35.609 32.199 35.232 35.652 35.882 34.874 34.438 35.694 35.684 38.333 32.425 35.018 32.871 36.613 0.000 0.000 0.000 0.000 
0.000 0.000 0.000 0.000 0.000 34.036 36.261 36.505 34.629 34.664 36.631 35.124 32.432 34.271 34.730 35.995 32.436 41.337 35.407 34.481 33.999 34.666 32.918 33.456 37.089 6.917 0.000 0.000 0.000 
0.000 0.000 0.000 0.000 0.000 36.922 34.690 34.182 33.510 34.664 35.419 32.716 33.452 42.497 45.050 40.123 40.481 41.622 33.680 34.481 35.550 36.495 36.273 32.637 35.195 31.868 0.000 0.000 0.000 
0.000 0.000 0.000 0.000 0.000 -0.000 34.480 32.884 31.440 34.725 35.538 42.569 40.533 38.074 38.873 40.878 40.995 40.107 42.449 33.074 35.550 36.495 36.163 35.973 33.873 0.000 0.000 0.000 0.000 
0.000 0.000 0.000 0.000 0.000 0.000 33.792 31.604 33.493 34.908 33.733 42.569 40.674 41.967 40.440 39.352 44.281 41.623 37.272 41.010 33.694 35.589 37.719 37.389 37.266 0.000 0.000 0.000 0.000 
0.000 0.000 0.000 0.000 0.000 0.000 34.297 31.431 33.149 33.319 34.131 40.221 40.674 41.967 39.453 42.405 40.103 42.080 40.613 42.718 34.834 35.671 33.606 34.862 37.266 0.000 -0.000 0.000 0.000 
0.000 0.000 0.000 0.000 0.000 0.000 35.192 32.731 34.397 33.431 42.364 39.790 40.127 41.826 39.453 42.405 37.760 43.612 44.228 41.658 36.775 34.487 32.963 38.622 33.650 0.000 -0.000 0.000 0.000 
0.000 0.000 0.000 0.000 0.000 0.000 -0.000 30.878 35.198 33.921 41.548 40.718 37.105 41.039 40.735 41.716 37.760 43.612 44.228 40.918 42.986 36.675 30.954 0.000 0.000 -0.000 0.000 0.000 0.000 
0.000 0.000 0.000 0.000 0.000 0.000 -0.000 30.878 35.198 33.126 30.170 40.308 44.606 44.738 40.842 41.437 43.835 41.345 43.873 42.282 34.344 36.675 34.940 0.000 0.000 -0.000 0.000 0.000 0.000 
0.000 0.000 0.000 0.000 0.000 0.000 0.000 29.040 34.419 33.126 33.179 37.443 41.069 42.817 41.033 42.382 41.929 41.183 41.685 42.138 37.390 33.224 34.940 0.000 0.000 -0.000 0.000 0.000 0.000 
0.000 0.000 0.000 0.000 0.000 0.000 0.000 0.000 0.000 0.000 31.865 38.703 41.069 42.817 41.033 42.382 41.050 42.063 40.009 41.633 31.817 34.482 33.124 0.000 0.000 0.000 0.000 0.000 0.000 
0.000 0.000 0.000 0.000 0.000 0.000 0.000 -0.000 0.000 -0.000 31.717 33.348 41.681 38.308 42.067 44.657 41.050 0.000 0.000 0.000 -0.000 0.000 -0.000 0.000 -0.000 0.000 0.000 -0.000 0.000 
0.000 0.000 0.000 0.000 0.000 0.000 0.000 -0.000 0.000 0.000 27.922 0.000 -0.000 0.000 0.000 0.000 0.000 -0.000 0.000 -0.000 -0.000 0.000 -0.000 0.000 -0.000 0.000 -0.000 0.000 0.000 
0.000 0.000 0.000 0.000 0.000 0.000 0.000 -0.000 0.000 0.000 0.000 0.000 -0.000 0.000 0.000 0.000 0.000 0.000 0.000 0.000 -0.000 0.000 0.000 0.000 0.000 0.000 -0.000 0.000 0.000 
0.000 0.000 0.000 0.000 0.000 0.000 0.000 0.000 -0.000 0.000 0.000 0.000 0.000 0.000 0.000 0.000 0.000 0.000 0.000 0.000 -0.000 0.000 0.000 -0.000 -0.000 0.000 -0.000 0.000 0.000 
0.000 0.000 0.000 0.000 0.000 0.000 0.000 0.000 -0.000 0.000 0.000 0.000 0.000 0.000 0.000 0.000 0.000 -0.000 0.000 0.000 0.000 0.000 0.000 -0.000 -0.000 0.000 -0.000 0.000 0.000 
0.000 0.000 0.000 0.000 0.000 0.000 0.000 0.000 0.000 0.000 0.000 0.000 0.000 0.000 0.000 0.000 0.000 0.000 0.000 0.000 0.000 0.000 0.000 0.000 0.000 0.000 0.000 0.000 0.000 
0.000 0.000 0.000 0.000 0.000 0.000 0.000 0.000 -0.000 0.000 -0.000 0.000 0.000 0.000 0.000 0.000 -0.000 0.000 0.000 0.000 0.000 0.000 0.000 0.000 0.000 0.000 0.000 0.000 -0.000 
0.000 0.000 0.000 0.000 0.000 0.000 0.000 0.000 -0.000 0.000 -0.000 0.000 0.000 -0.000 0.000 0.000 0.000 0.000 -0.000 0.000 -0.000 -0.000 0.000 -0.000 0.000 -0.000 0.000 0.000 -0.000 
0.000 0.000 0.000 0.000 0.000 0.000 0.000 0.000 -0.000 0.000 0.000 0.000 0.000 -0.000 0.000 0.000 0.000 0.000 -0.000 0.000 -0.000 -0.000 0.000 -0.000 0.000 -0.000 0.000 -0.000 0.000 
0.000 0.000 0.000 0.000 0.000 0.000 0.000 0.000 -0.000 0.000 0.000 0.000 0.000 0.000 0.000 0.000 0.000 0.000 0.000 0.000 0.000 -0.000 0.000 0.000 0.000 0.000 0.000 0.000 0.000 
0.000 0.000 0.000 0.000 0.000 0.000 0.000 0.000 0.000 -0.000 0.000 0.000 0.000 0.000 0.000 0.000 0.000 0.000 0.000 0.000 0.000 0.000 0.000 0.000 0.000 0.000 0.000 0.000 0.000 
0.000 0.000 0.000 0.000 0.000 0.000 0.000 0.000 0.000 0.000 0.000 0.000 0.000 0.000 0.000 0.000 0.000 0.000 0.000 0.000 0.000 0.000 0.000 0.000 0.000 0.000 0.000 0.000 0.000 
