# Vol_scan Display Grid (processed)
# Grid size: 30 x 31
# Format: reflectivity
# Ref point: (-36000.000000, 164000.000000)
# Grid res: 1000.000000 meters
0.000 0.000 0.000 0.000 0.000 0.000 0.000 0.000 0.000 0.000 0.000 0.000 0.000 0.000 0.000 0.000 0.000 0.000 0.000 0.000 0.000 0.000 0.000 0.000 0.000 0.000 0.000 0.000 0.000 0.000 0.000 
0.000 0.000 0.000 0.000 0.000 0.000 0.000 0.000 0.000 0.000 0.000 0.000 0.000 0.000 0.000 0.000 -0.000 0.000 0.000 0.000 0.000 0.000 0.000 0.000 0.000 0.000 0.000 0.000 0.000 0.000 0.000 
0.000 0.000 0.000 0.000 0.000 0.000 0.000 0.000 0.000 0.000 0.000 0.000 0.000 0.000 0.000 -0.000 0.000 0.000 0.000 0.000 0.000 0.000 0.000 0.000 0.000 0.000 0.000 0.000 0.000 0.000 0.000 
0.000 0.000 0.000 0.000 0.000 0.000 0.000 0.000 0.000 0.000 0.000 0.000 0.000 -0.000 0.000 -0.000 0.000 -0.000 0.000 0.000 0.000 0.000 0.000 0.000 0.000 0.000 0.000 0.000 0.000 0.000 0.000 
0.000 0.000 0.000 0.000 0.000 0.000 0.000 0.000 0.000 0.000 0.000 0.000 0.000 -0.000 0.000 0.000 0.000 0.000 -0.000 0.000 0.000 0.000 0.000 0.000 0.000 0.000 0.000 0.000 0.000 0.000 0.000 
0.000 0.000 0.000 0.000 0.000 0.000 0.000 0.000 0.000 -0.000 0.000 0.000 24.883 26.428 24.101 27.504 27.410 25.686 27.653 24.717 23.322 0.000 0.000 0.000 0.000 0.000 0.000 0.000 0.000 0.000 0.000 
0.000 0.000 0.000 0.000 0.000 0.000 0.000 0.000 0.000 0.000 -0.000 22.136 27.138 27.987 26.644 28.858 28.590 28.025 27.531 28.145 29.747 25.847 27.385 0.000 0.000 0.000 0.000 0.000 0.000 0.000 0.000 
0.000 0.000 0.000 0.000 0.000 0.000 0.000 0.000 0.000 0.000 24.638 27.770 27.973 28.300 28.928 29.162 29.844 26.385 26.647 27.495 26.741 26.333 27.521 27.335 0.000 0.000 0.000 0.000 0.000 0.000 0.000 
0.000 0.000 0.000 0.000 0.000 0.000 0.000 0.000 17.717 29.247 28.779 28.768 27.918 28.399 29.123 28.644 27.398 27.405 26.177 28.589 29.461 27.116 26.054 27.408 22.962 -0.000 0.000 0.000 0.000 0.000 0.000 
0.000 0.000 0.000 0.000 0.000 0.000 0.000 0.000 25.788 26.920 27.451 29.402 30.268 31.330 29.350 27.712 27.073 27.944 25.723 27.587 25.982 28.434 28.803 28.272 27.668 -0.000 -0.000 0.000 0.000 0.000 0.000 
0.000 0.000 0.000 -0.000 0.000 0.000 0.000 6.734 26.707 28.873 29.598 27.478 29.053 29.140 27.543 29.552 28.622 26.563 27.234 27.934 29.300 26.930 27.452 26.989 28.382 25.469 0.000 0.000 0.000 0.000 0.000 
0.000 0.000 0.000 0.000 -0.000 0.000 0.000 24.369 26.631 28.531 26.148 28.205 27.718 26.821 28.436 28.264 27.856 29.772 28.191 29.739 29.170 26.815 27.814 28.030 28.311 27.401 0.000 0.000 0.000 0.000 0.000 
0.000 0.000 0.000 0.000 0.000 0.000 0.000 28.450 27.959 26.981 28.006 28.240 28.343 28.971 27.809 28.062 28.530 27.462 28.359 27.559 29.037 28.753 28.049 26.420 27.761 28.221 27.002 -0.000 0.000 0.000 0.000 
0.000 0.000 0.000 0.000 0.000 0.000 0.001 27.703 28.624 28.053 26.309 28.117 26.648 27.738 29.067 27.907 27.986 28.294 28.397 29.087 28.000 29.337 28.013 28.813 27.874 29.434 29.218 0.000 0.000 0.000 0.000 
0.000 0.000 0.000 -0.000 0.000 0.000 26.496 27.819 28.760 27.111 26.295 29.059 29.799 27.494 27.638 27.241 28.145 28.426 26.822 28.292 27.119 27.246 27.349 27.118 28.240 28.570 28.839 0.000 0.000 0.000 0.000 
0.000 0.000 0.000 0.000 -0.000 0.000 25.348 29.497 27.904 26.847 27.318 28.543 27.139 29.670 27.440 28.866 27.861 27.858 28.588 28.876 29.172 27.845 28.845 26.733 27.187 28.019 27.472 -0.000 0.000 0.000 0.000 
0.000 0.000 0.000 -0.000 0.000 0.000 0.001 28.937 27.564 29.334 25.995 26.893 26.113 27.959 28.784 26.507 27.569 26.827 28.454 27.993 28.002 28.432 29.071 29.829 28.064 28.679 28.373 0.000 0.000 0.000 0.000 
0.000 0.000 0.000 -0.000 -0.000 0.000 0.000 26.898 27.985 28.599 27.844 27.608 27.520 28.164 28.541 27.553 28.757 29.563 27.774 26.952 28.734 30.339 27.291 27.824 28.410 27.762 -0.000 0.000 0.000 0.000 0.000 
0.000 0.000 0.000 0.000 -0.000 0.000 0.000 25.496 28.773 27.725 27.134 28.622 27.302 28.802 28.163 27.319 27.705 27.645 29.759 26.376 27.026 28.078 27.154 28.011 27.151 27.690 0.000 0.000 0.000 0.000 0.000 
0.000 0.000 0.000 0.000 0.000 0.000 0.000 0.002 29.384 27.972 28.557 27.573 26.951 27.809 26.016 27.714 27.814 28.711 28.471 27.508 29.346 27.415 27.811 29.501 25.716 26.574 0.000 0.000 0.000 0.000 0.000 
0.000 0.000 0.000 0.000 0.000 0.000 0.000 0.000 23.456 28.413 27.737 27.645 28.723 29.072 29.081 29.567 26.971 27.253 26.671 28.696 28.002 27.603 27.967 27.806 27.144 0.000 0.000 0.000 0.000 0.000 0.000 
0.000 0.000 0.000 0.000 0.000 0.000 0.000 6.000 0.004 26.784 27.975 27.381 30.796 27.891 28.946 28.231 28.030 28.535 26.821 26.948 27.230 28.314 28.178 27.770 0.000 0.000 0.000 0.000 0.000 0.000 0.000 
0.000 0.000 0.000 0.000 0.000 0.000 0.000 0.000 7.510 0.010 27.192 28.908 26.335 28.537 28.685 27.905 25.757 26.457 27.716 28.346 29.429 27.367 27.090 16.939 0.000 0.000 0.000 0.000 0.000 0.000 0.000 
0.000 0.000 0.000 0.000 0.000 0.000 0.000 0.000 0.000 8.230 6.492 26.951 29.863 27.619 28.503 29.464 27.694 28.674 28.592 27.990 29.016 26.696 0.000 0.000 -0.000 0.000 0.000 0.000 0.000 0.000 0.000 
0.000 0.000 0.000 0.000 0.000 0.000 0.000 0.000 0.000 0.000 4.600 5.530 23.926 29.208 25.672 23.210 26.794 27.672 27.669 24.592 18.483 0.000 0.000 0.000 0.000 0.000 0.000 0.000 0.000 0.000 0.000 
0.000 0.000 0.000 0.000 0.000 0.000 0.000 0.000 0.000 0.000 0.000 0.000 4.040 0.028 0.003 0.004 15.567 0.000 0.000 0.000 0.000 0.000 0.000 -0.000 0.000 0.000 0.000 0.000 0.000 0.000 0.000 
0.000 0.000 0.000 0.000 0.000 0.000 0.000 0.000 0.000 0.000 0.000 0.000 0.000 0.000 0.000 0.000 0.000 0.000 0.000 0.000 0.000 -0.000 0.000 0.000 0.000 0.000 0.000 0.000 0.000 0.000 0.000 
0.000 0.000 0.000 0.000 0.000 0.000 0.000 0.000 0.000 0.000 0.000 0.000 0.000 0.000 0.000 0.000 0.000 0.000 0.000 0.000 0.000 0.000 -0.000 0.000 0.000 0.000 0.000 0.000 0.000 0.000 0.000 
0.000 0.000 0.000 0.000 0.000 0.000 0.000 0.000 0.000 0.000 0.000 0.000 0.000 0.000 0.000 0.000 0.000 0.000 0.000 0.000 0.000 -0.000 0.000 0.000 0.000 0.000 0.000 0.000 0.000 0.000 0.000 
0.000 0.000 0.000 0.000 0.000 0.000 0.000 0.000 0.000 0.000 0.000 0.000 0.000 0.000 0.000 0.000 0.000 0.000 0.000 0.000 0.000 0.000 0.000 0.000 0.000 0.000 0.000 0.000 0.000 0.000 0.000 
