# Vol_scan Display Grid (processed)
# Grid size: 41 x 27
# Format: reflectivity
# Ref point: (-46000.000000, 166000.000000)
# Grid res: 1000.000000 meters
0.000 0.000 0.000 0.000 0.000 0.000 0.000 0.000 0.000 0.000 0.000 0.000 0.000 0.000 0.000 0.000 0.000 0.000 0.000 0.000 -0.000 0.000 0.000 0.000 0.000 0.000 0.000 
0.000 0.000 0.000 0.000 0.000 0.000 0.000 0.000 0.000 0.000 0.000 0.000 0.000 0.000 0.000 -0.000 -0.000 0.000 0.000 0.000 0.000 0.000 0.000 0.000 0.000 0.000 0.000 
0.000 0.000 0.000 0.000 0.000 0.000 0.000 0.000 0.000 0.000 0.000 0.000 0.000 0.000 0.000 0.000 0.000 0.000 0.000 -0.000 -0.000 0.000 0.000 0.000 0.000 0.000 0.000 
0.000 0.000 0.000 0.000 0.000 0.000 0.000 0.000 0.000 0.000 0.000 0.000 0.000 -0.000 0.000 0.000 0.000 0.000 0.000 0.000 0.000 -0.000 0.000 0.000 0.000 0.000 0.000 
0.000 0.000 0.000 0.000 0.000 0.000 0.000 0.000 0.000 0.000 0.000 0.000 -0.000 0.000 0.000 0.000 0.000 0.000 0.000 -0.000 0.000 -0.000 0.000 0.000 0.000 0.000 0.000 
0.000 0.000 0.000 0.000 -0.000 0.000 -0.000 0.000 0.000 -0.000 0.000 0.000 0.000 0.000 -0.000 0.000 -0.000 -0.000 0.000 0.000 0.000 0.000 0.000 0.000 0.000 0.000 0.000 
0.000 0.000 0.000 0.000 -0.000 0.000 0.000 0.000 0.000 -0.000 0.000 0.000 0.000 0.000 0.000 0.000 0.000 -0.000 0.000 0.000 0.000 -0.000 0.000 0.000 0.000 0.000 0.000 
0.000 0.000 0.000 -0.000 0.000 -0.000 0.000 0.000 0.000 0.000 0.000 0.000 0.000 0.000 -0.000 0.000 0.000 0.000 0.000 0.000 -0.000 -0.000 0.000 0.000 0.000 0.000 0.000 
0.000 0.000 0.000 0.000 0.000 0.000 0.000 0.000 0.000 0.000 0.000 0.000 0.000 35.865 29.616 31.539 16.335 0.000 0.000 0.000 0.000 0.000 -0.000 0.000 0.000 0.000 0.000 
0.000 0.000 0.000 0.000 0.000 -0.000 0.000 -0.000 0.000 30.677 33.850 34.100 36.632 35.865 29.616 33.019 29.556 0.000 -0.000 0.000 -0.000 0.000 -0.000 0.000 0.000 0.000 0.000 
0.000 0.000 0.000 0.000 0.000 -0.000 0.000 0.000 0.000 28.874 27.194 33.919 34.547 32.691 32.253 33.019 29.556 0.000 -0.000 0.000 26.092 0.000 0.000 0.000 0.000 0.000 0.000 
0.000 0.000 0.000 0.000 0.000 -0.000 0.000 0.000 0.000 31.663 30.287 32.096 35.492 35.023 34.271 34.474 36.551 31.398 34.815 34.450 26.092 0.003 -0.000 0.000 0.000 0.000 0.000 
0.000 0.000 0.000 0.000 -0.000 0.000 -0.000 0.000 0.000 31.797 34.798 33.455 34.700 34.545 33.562 33.316 35.553 34.716 36.579 33.218 36.043 0.003 -0.000 0.000 0.000 0.000 0.000 
0.000 0.000 0.000 0.000 0.000 29.431 35.980 33.736 34.062 34.178 34.455 33.455 34.700 34.545 33.562 35.450 32.959 36.110 33.373 36.098 34.284 24.042 36.951 0.007 0.000 0.000 0.000 
0.000 0.000 0.000 0.000 0.000 0.000 34.143 32.435 33.582 34.980 33.703 35.726 33.681 32.881 34.263 35.450 36.271 34.344 34.733 36.648 37.326 35.698 34.381 22.144 0.000 0.000 0.000 
0.000 0.000 0.000 0.000 0.000 0.000 34.143 32.435 33.124 35.152 33.306 32.981 33.449 33.951 36.366 35.557 35.063 34.342 36.015 36.648 37.326 35.698 34.381 22.144 0.000 0.000 0.000 
0.000 0.000 0.000 0.000 0.000 33.044 35.085 33.385 35.805 33.919 33.306 32.981 33.449 32.882 33.648 34.350 36.231 33.733 35.951 33.961 32.213 34.480 35.465 34.017 0.000 0.000 0.000 
0.000 0.000 0.000 0.000 0.000 34.645 34.258 33.951 33.012 33.875 33.782 32.742 33.804 32.882 33.648 34.350 36.231 33.733 33.832 35.785 33.945 35.072 36.158 33.438 0.000 0.000 0.000 
0.000 0.000 0.000 0.000 0.000 34.645 34.258 33.951 34.947 35.123 31.429 35.679 34.069 32.250 38.810 38.073 33.439 34.841 33.267 32.911 33.945 35.072 36.158 33.438 0.000 0.000 0.000 
0.000 0.000 0.000 0.000 0.000 36.432 34.721 35.225 34.181 32.753 33.789 35.679 34.069 32.250 38.810 38.073 32.687 33.320 35.649 33.654 34.334 34.611 35.459 35.980 32.631 0.000 0.000 
0.000 0.000 0.000 0.000 0.000 33.919 34.388 36.074 32.994 34.839 34.960 35.596 35.737 36.537 34.686 35.229 32.687 33.320 35.649 34.086 33.026 33.585 34.533 34.274 0.000 0.000 0.000 
0.000 0.000 0.000 0.000 0.000 33.919 34.388 36.074 32.994 34.839 34.960 35.596 34.850 37.143 35.747 35.173 36.905 35.835 35.629 33.820 34.523 33.464 34.432 33.935 0.000 0.000 0.000 
0.000 0.000 0.000 0.000 0.000 33.032 33.394 34.897 33.348 38.350 33.878 34.732 34.850 37.143 35.747 35.173 36.905 35.835 35.629 33.820 34.523 33.464 34.432 33.935 0.000 0.000 0.000 
0.000 0.000 0.000 0.000 0.000 33.032 33.394 34.897 33.348 38.350 36.932 36.172 35.586 36.612 36.083 33.838 33.698 36.651 37.579 35.823 36.394 35.757 29.835 0.000 0.000 0.000 0.000 
0.000 0.000 0.000 0.000 0.000 31.822 34.973 34.459 34.975 35.568 36.932 36.172 35.586 36.612 39.564 37.316 33.440 34.060 34.722 34.214 35.309 33.294 29.835 0.000 0.000 0.000 0.000 
0.000 0.000 0.000 0.000 0.000 31.822 -0.000 34.693 34.952 31.671 36.227 34.517 33.155 34.817 35.954 38.093 35.706 36.395 36.906 35.270 31.827 34.143 34.432 -0.000 -0.000 0.000 0.000 
0.000 0.000 0.000 0.000 0.000 0.000 0.000 31.112 31.555 34.904 36.227 34.517 33.155 34.817 35.954 38.093 35.706 36.395 36.906 35.270 31.827 34.143 34.432 -0.000 -0.000 0.000 0.000 
0.000 0.000 0.000 0.000 0.000 0.000 0.000 31.112 31.555 34.904 36.227 34.517 33.155 34.817 35.954 37.352 36.166 33.161 34.082 0.000 0.000 0.000 0.000 0.000 0.000 -0.000 0.000 
0.000 0.000 0.000 0.000 0.000 0.000 0.000 0.000 -0.000 0.000 -0.000 30.501 33.482 34.433 34.944 37.352 36.166 33.161 34.082 0.000 0.000 0.000 0.000 0.000 0.000 -0.000 0.000 
0.000 0.000 0.000 0.000 0.000 0.000 0.000 0.000 -0.000 0.000 -0.000 30.501 33.482 34.433 34.944 37.352 36.166 33.161 34.082 0.000 0.000 0.000 0.000 0.000 0.000 -0.000 0.000 
0.000 0.000 0.000 0.000 0.000 0.000 0.000 0.000 -0.000 0.000 0.000 26.395 31.345 35.105 37.926 35.441 33.920 0.000 -0.000 0.000 -0.000 -0.000 0.000 -0.000 0.000 -0.000 0.000 
0.000 0.000 0.000 0.000 0.000 0.000 0.000 0.000 -0.000 0.000 0.000 0.000 0.000 -0.000 0.000 0.000 0.000 0.000 -0.000 0.000 -0.000 -0.000 0.000 -0.000 0.000 -0.000 0.000 
0.000 0.000 0.000 0.000 0.000 0.000 0.000 0.000 -0.000 0.000 0.000 0.000 0.000 -0.000 0.000 0.000 0.000 0.000 -0.000 0.000 -0.000 -0.000 0.000 -0.000 0.000 -0.000 0.000 
0.000 0.000 0.000 0.000 0.000 0.000 0.000 -0.000 0.000 -0.000 0.000 0.000 0.000 0.000 0.000 0.000 0.000 0.000 0.000 0.000 0.000 -0.000 0.000 0.000 0.000 0.000 0.000 
0.000 0.000 0.000 0.000 0.000 0.000 0.000 -0.000 0.000 -0.000 0.000 0.000 0.000 0.000 0.000 0.000 0.000 0.000 0.000 0.000 0.000 -0.000 0.000 0.000 0.000 0.000 0.000 
0.000 0.000 0.000 0.000 0.000 0.000 0.000 -0.000 0.000 -0.000 0.000 0.000 0.000 0.000 0.000 0.000 0.000 0.000 0.000 0.000 0.000 -0.000 0.000 0.000 0.000 0.000 0.000 
0.000 0.000 0.000 0.000 0.000 0.000 0.000 -0.000 0.000 -0.000 0.000 0.000 0.000 0.000 0.000 0.000 0.000 0.000 0.000 0.000 0.000 -0.000 0.000 0.000 0.000 0.000 0.000 
0.000 0.000 0.000 0.000 0.000 0.000 0.000 0.000 0.000 -0.000 0.000 -0.000 -0.000 0.000 0.000 0.000 -0.000 0.000 0.000 -0.000 0.000 0.000 0.000 0.000 0.000 0.000 0.000 
0.000 0.000 0.000 0.000 0.000 0.000 0.000 0.000 0.000 -0.000 0.000 -0.000 -0.000 0.000 0.000 0.000 -0.000 0.000 0.000 -0.000 0.000 0.000 0.000 0.000 0.000 0.000 0.000 
0.000 0.000 0.000 0.000 0.000 0.000 0.000 0.000 0.000 -0.000 0.000 -0.000 -0.000 0.000 0.000 0.000 -0.000 0.000 0.000 -0.000 0.000 0.000 0.000 0.000 0.000 0.000 0.000 
0.000 0.000 0.000 0.000 0.000 0.000 0.000 0.000 0.000 0.000 0.000 0.000 0.000 0.000 0.000 0.000 0.000 0.000 0.000 0.000 0.000 0.000 0.000 0.000 0.000 0.000 0.000 
