# Vol_scan Display Grid (processed)
# Grid size: 29 x 30
# Format: reflectivity
# Ref point: (-89000.000000, 164000.000000)
# Grid res: 1000.000000 meters
0.000 0.000 0.000 0.000 0.000 0.000 0.000 0.000 0.000 0.000 0.000 0.000 0.000 0.000 0.000 0.000 0.000 0.000 0.000 0.000 -0.000 0.000 0.000 0.000 0.000 0.000 0.000 0.000 0.000 0.000 
0.000 0.000 0.000 0.000 0.000 0.000 0.000 0.000 0.000 0.000 0.000 0.000 0.000 0.000 0.000 0.000 0.000 -0.000 0.000 -0.000 0.000 -0.000 0.000 0.000 0.000 0.000 0.000 0.000 0.000 0.000 
0.000 0.000 0.000 0.000 0.000 0.000 0.000 0.000 0.000 0.000 0.000 0.000 0.000 0.000 0.000 0.000 0.000 0.000 0.000 0.000 -0.000 0.000 0.000 -0.000 0.000 0.000 0.000 0.000 0.000 0.000 
0.000 0.000 0.000 0.000 0.000 0.000 0.000 0.000 0.000 0.000 0.000 6.430 6.020 0.004 0.000 0.000 0.002 0.000 0.000 0.000 0.000 0.000 0.000 -0.000 0.000 0.000 0.000 0.000 0.000 0.000 
0.000 0.000 0.000 0.000 0.000 0.000 0.000 0.000 0.000 4.650 5.380 0.006 0.075 0.891 0.688 0.923 5.528 4.156 5.916 0.000 0.000 0.000 -0.000 -0.000 0.000 0.000 0.000 0.000 0.000 0.000 
0.000 0.000 0.000 0.000 0.000 0.000 0.000 0.000 6.360 5.260 7.048 19.728 25.941 23.561 22.201 25.203 27.393 26.981 22.423 26.496 13.871 0.000 -0.000 0.000 0.000 0.000 0.000 0.000 0.000 0.000 
0.000 0.000 0.000 0.000 0.000 0.000 0.000 4.550 4.820 8.245 30.794 25.856 28.264 27.975 27.716 24.474 27.326 27.158 26.339 28.817 26.967 23.157 0.001 0.000 0.000 0.000 0.000 0.000 0.000 0.000 
0.000 0.000 0.000 0.000 0.000 0.000 7.550 0.008 0.073 26.448 28.643 26.707 27.680 27.211 27.360 25.695 28.075 28.050 28.387 26.640 27.860 26.919 22.712 17.113 0.000 0.000 0.000 0.000 0.000 0.000 
0.000 0.000 0.000 0.000 0.000 4.900 0.009 0.098 29.152 28.384 27.655 27.596 27.490 27.963 26.558 26.764 28.458 27.683 26.825 28.214 27.530 27.609 28.719 26.180 1.176 0.000 0.000 0.000 0.000 0.000 
0.000 0.000 0.000 0.000 0.000 0.003 0.064 0.844 29.068 26.726 26.936 28.852 26.378 27.718 25.964 26.406 27.372 27.215 28.627 26.791 27.659 28.249 29.328 31.016 22.408 0.000 0.000 0.000 0.000 0.000 
0.000 0.000 0.000 0.000 0.000 0.001 0.001 26.810 27.678 27.997 26.191 27.534 27.192 26.517 28.143 28.242 27.016 26.939 27.563 28.877 28.465 28.169 29.135 27.631 28.167 0.000 0.000 0.000 0.000 0.000 
0.000 0.000 0.000 0.000 0.001 0.000 5.517 25.628 27.095 26.117 28.070 28.114 28.215 26.629 26.997 27.733 28.860 28.675 29.709 28.937 27.590 28.717 28.646 27.917 27.499 25.671 0.000 0.000 0.000 0.000 
0.000 0.000 0.000 -0.000 0.000 0.002 4.754 25.204 26.664 28.325 29.140 28.977 27.524 25.575 27.259 27.795 29.307 28.146 27.516 29.769 28.285 27.922 28.305 28.259 25.889 27.398 -0.000 0.000 0.000 0.000 
0.000 0.000 0.000 0.000 0.000 0.000 23.690 26.947 27.190 28.496 28.121 28.101 28.309 27.840 28.135 27.335 30.487 28.247 28.911 28.566 28.477 27.170 26.793 27.672 28.654 28.544 0.000 -0.000 0.000 0.000 
0.000 0.000 -0.000 -0.000 0.000 0.000 27.586 28.361 28.395 28.683 26.654 28.125 27.858 27.448 26.739 28.210 28.283 27.066 28.166 29.667 28.475 28.327 28.600 27.490 29.928 27.041 0.000 0.000 0.000 0.000 
0.000 -0.000 -0.000 0.000 -0.000 0.000 28.803 27.767 27.070 26.778 27.960 27.349 27.281 27.420 29.079 29.426 25.653 29.723 27.763 30.611 26.897 27.729 27.375 27.361 27.120 27.761 0.000 -0.000 0.000 0.000 
0.000 -0.000 0.000 -0.000 0.000 0.000 27.309 27.508 28.457 25.692 28.521 27.464 27.410 28.068 29.818 28.023 29.355 26.505 29.381 27.337 28.482 28.687 27.517 27.242 28.530 28.806 0.000 0.000 -0.000 0.000 
0.000 0.000 0.000 0.000 -0.000 0.000 22.664 28.267 28.425 25.355 28.271 28.768 27.974 27.240 29.168 28.647 28.116 27.369 26.567 28.609 27.430 27.493 26.914 27.521 28.364 28.102 0.000 0.000 0.000 0.000 
0.000 0.000 0.000 0.000 0.000 0.000 0.000 27.447 26.123 27.873 27.792 27.862 28.764 27.789 28.385 28.474 26.984 28.724 27.461 28.812 27.714 27.684 28.028 28.312 27.772 24.990 -0.000 0.000 -0.000 0.000 
0.000 0.000 0.000 0.000 -0.000 0.000 0.000 27.273 27.475 29.288 28.593 28.574 29.118 28.240 26.942 28.742 26.727 28.131 29.064 28.410 28.016 27.418 27.722 27.875 27.410 0.000 0.000 0.000 0.000 0.000 
0.000 0.000 0.000 0.000 0.000 0.000 0.000 21.882 28.594 28.220 30.638 26.408 27.371 27.274 29.514 27.853 28.958 28.208 28.236 27.186 27.159 27.494 29.068 27.961 23.425 0.000 0.000 0.000 0.000 0.000 
0.000 0.000 0.000 0.000 0.000 0.000 0.000 0.000 22.676 29.062 28.663 28.382 27.922 27.268 27.633 28.349 28.180 29.439 26.748 27.931 28.004 26.802 27.605 25.734 0.000 0.000 0.000 0.000 0.000 0.000 
0.000 0.000 0.000 0.000 0.000 0.000 0.000 -0.000 -0.000 22.835 28.574 28.381 27.762 26.158 29.922 28.642 26.579 26.660 29.170 28.840 27.990 26.011 26.493 22.934 0.000 0.000 0.000 0.000 0.000 0.000 
0.000 0.000 0.000 0.000 0.000 0.000 0.000 0.000 0.000 0.000 25.314 26.172 27.454 28.285 27.471 26.373 26.571 28.878 29.436 29.120 26.825 24.556 0.000 0.000 0.000 0.000 0.000 0.000 0.000 0.000 
0.000 0.000 0.000 0.000 0.000 0.000 0.000 0.000 0.000 0.000 0.000 0.000 23.545 26.769 27.701 26.537 26.876 27.399 25.105 24.648 20.626 0.000 0.000 0.000 0.000 0.000 0.000 0.000 0.000 0.000 
0.000 0.000 0.000 0.000 0.000 0.000 0.000 0.000 0.000 0.000 0.000 0.000 -0.000 0.000 0.000 0.000 0.000 13.499 0.000 0.000 0.000 0.000 0.000 0.000 0.000 0.000 0.000 0.000 0.000 0.000 
0.000 0.000 0.000 0.000 0.000 0.000 0.000 0.000 0.000 0.000 0.000 0.000 0.000 0.000 0.000 0.000 -0.000 0.000 -0.000 0.000 0.000 0.000 0.000 0.000 0.000 0.000 0.000 0.000 0.000 0.000 
0.000 0.000 0.000 0.000 0.000 0.000 0.000 0.000 0.000 0.000 0.000 0.000 0.000 0.000 0.000 0.000 -0.000 -0.000 0.000 0.000 0.000 0.000 0.000 0.000 0.000 0.000 0.000 0.000 0.000 0.000 
0.000 0.000 0.000 0.000 0.000 0.000 0.000 0.000 0.000 0.000 0.000 0.000 0.000 0.000 0.000 0.000 0.000 0.000 0.000 0.000 0.000 0.000 0.000 0.000 0.000 0.000 0.000 0.000 0.000 0.000 
