# Vol_scan Display Grid (processed)
# Grid size: 30 x 30
# Format: reflectivity
# Ref point: (-38000.000000, 164000.000000)
# Grid res: 1000.000000 meters
0.000 0.000 0.000 0.000 0.000 0.000 0.000 0.000 0.000 0.000 0.000 0.000 0.000 0.000 0.000 0.000 0.000 -0.000 0.000 0.000 0.000 0.000 0.000 0.000 0.000 0.000 0.000 0.000 0.000 0.000 
0.000 0.000 0.000 0.000 0.000 0.000 0.000 0.000 0.000 0.000 0.000 0.000 0.000 0.000 0.000 0.000 0.000 0.000 0.000 0.000 0.000 0.000 0.000 0.000 0.000 0.000 0.000 0.000 0.000 0.000 
0.000 0.000 0.000 0.000 0.000 0.000 0.000 0.000 0.000 0.000 0.000 0.000 0.000 0.000 -0.000 0.000 0.000 -0.000 -0.000 0.000 0.000 0.000 0.000 0.000 0.000 0.000 0.000 0.000 0.000 0.000 
0.000 0.000 0.000 0.000 0.000 0.000 0.000 0.000 0.000 0.000 0.000 0.000 -0.000 -0.000 -0.000 0.000 0.000 -0.000 -0.000 0.000 0.000 0.000 0.000 0.000 0.000 0.000 0.000 0.000 0.000 0.000 
0.000 0.000 0.000 0.000 0.000 0.000 0.000 0.000 0.000 0.000 0.000 0.000 0.000 -0.000 22.688 23.470 24.078 24.439 23.163 16.376 0.000 0.000 0.000 0.000 0.000 0.000 0.000 0.000 0.000 0.000 
0.000 0.000 0.000 0.000 0.000 0.000 0.000 0.000 0.000 0.000 0.000 23.860 24.004 27.118 28.084 27.576 28.097 26.718 27.377 27.212 25.832 25.927 0.000 0.000 0.000 0.000 0.000 0.000 0.000 0.000 
0.000 0.000 0.000 0.000 0.000 0.000 0.000 0.000 0.000 -0.000 19.051 27.341 30.323 26.566 28.610 28.205 28.527 27.611 28.647 28.588 26.346 29.250 27.398 0.000 0.000 0.000 0.000 0.000 0.000 0.000 
0.000 0.000 0.000 0.000 0.000 0.000 -0.000 0.000 0.004 25.379 27.116 27.436 28.826 28.083 25.539 29.744 27.401 28.030 27.548 29.117 27.858 28.060 27.666 25.481 -0.000 0.000 0.000 0.000 0.000 0.000 
0.000 0.000 0.000 0.000 0.000 -0.000 -0.000 -0.000 17.452 28.872 29.870 28.145 30.071 29.066 26.672 28.985 29.467 27.628 28.555 27.747 26.931 28.214 27.959 27.867 22.543 -0.000 0.000 0.000 0.000 0.000 
0.000 0.000 0.000 -0.000 0.000 -0.000 -0.000 0.000 25.903 26.153 30.550 28.651 28.892 27.394 27.007 26.840 27.788 28.153 29.010 27.568 26.975 26.531 28.262 27.884 27.552 21.257 -0.000 -0.000 -0.000 0.000 
0.000 0.000 0.000 0.000 0.000 0.000 0.000 26.182 26.989 26.990 28.555 27.848 27.632 28.045 28.581 28.560 28.408 28.295 27.316 26.351 28.902 27.576 28.044 27.531 27.614 29.017 0.000 0.000 -0.000 0.000 
0.000 -0.000 0.000 -0.000 0.000 0.000 0.004 28.448 25.440 28.165 27.446 26.613 28.427 29.374 27.030 29.030 27.124 28.583 27.972 28.420 27.947 27.080 28.404 28.311 28.142 27.284 0.000 0.000 -0.000 0.000 
0.000 0.000 0.000 -0.000 -0.000 0.000 0.002 28.952 28.498 26.147 27.763 28.864 28.931 27.187 28.367 27.832 26.808 27.495 27.914 28.184 27.708 26.119 27.774 29.596 27.209 27.642 23.120 0.000 -0.000 0.000 
0.000 0.000 0.000 0.000 0.000 0.000 0.039 27.237 25.880 26.531 28.047 27.649 27.067 26.581 29.256 28.940 27.943 28.117 27.724 26.490 27.714 27.311 27.957 27.266 28.123 26.754 23.764 0.000 0.000 0.000 
0.000 0.000 0.000 0.000 -0.000 0.000 0.028 28.610 27.221 27.609 27.828 26.649 28.543 28.526 26.860 28.001 28.807 28.135 25.974 29.182 28.388 27.087 25.455 28.264 29.529 26.535 28.110 -0.000 0.000 0.000 
0.000 0.000 0.000 0.000 0.000 0.000 0.004 28.121 27.606 27.616 27.375 27.545 28.608 27.274 29.237 28.203 28.727 28.137 27.739 27.990 27.259 27.370 27.508 27.810 28.731 27.920 28.930 0.000 0.000 0.000 
0.000 0.000 -0.000 0.000 0.000 0.000 4.272 26.948 29.201 27.013 28.113 26.951 28.978 28.518 28.070 28.742 28.784 26.907 27.855 29.310 28.552 27.346 31.526 27.550 28.565 28.855 20.953 0.000 0.000 0.000 
0.000 0.000 0.000 0.000 0.000 0.000 0.002 26.234 28.839 27.180 27.152 27.762 27.401 26.780 26.998 27.432 28.236 28.398 28.445 28.164 28.456 27.425 27.971 28.141 27.936 28.302 24.474 0.000 0.000 0.000 
0.000 0.000 0.000 0.000 -0.000 0.001 0.000 21.648 27.781 28.345 25.982 29.469 27.013 27.431 29.312 28.183 26.571 27.279 27.553 29.197 29.027 28.703 28.837 28.505 30.024 26.302 0.000 0.000 0.000 0.000 
0.000 0.000 0.000 0.000 0.000 0.034 0.004 0.003 29.149 28.785 27.643 27.900 28.130 27.453 27.790 28.138 27.255 27.359 27.131 26.448 28.892 28.454 27.117 28.236 28.519 26.008 0.000 0.000 0.000 0.000 
0.000 0.000 0.000 0.000 0.000 0.000 0.026 0.015 26.295 27.666 27.203 29.837 26.345 29.458 27.618 28.999 26.786 28.279 27.201 28.262 27.071 28.529 26.188 27.501 27.551 0.000 0.000 0.000 0.000 0.000 
0.000 0.000 0.000 0.000 0.000 0.000 4.570 0.020 0.027 29.497 31.100 26.889 27.363 28.476 26.771 27.049 29.112 26.421 25.609 27.097 26.903 26.937 26.239 27.211 -0.000 0.000 0.000 0.000 0.000 0.000 
0.000 0.000 0.000 0.000 0.000 0.000 0.000 9.030 5.920 3.410 27.079 29.898 26.522 28.297 27.641 29.855 29.015 24.609 30.956 26.084 25.557 27.775 24.434 0.000 -0.000 0.000 0.000 0.000 0.000 0.000 
0.000 0.000 0.000 0.000 0.000 0.000 0.000 0.000 3.020 5.270 6.364 26.446 25.567 26.216 27.718 29.593 27.890 26.274 26.830 27.519 25.165 23.403 0.000 -0.000 0.000 0.000 0.000 0.000 0.000 0.000 
0.000 0.000 0.000 0.000 0.000 0.000 0.000 0.000 0.000 0.000 6.910 4.629 0.057 0.003 22.375 22.527 26.587 25.456 25.931 23.654 0.000 0.000 0.000 -0.000 0.000 0.000 0.000 0.000 0.000 0.000 
0.000 0.000 0.000 0.000 0.000 0.000 0.000 0.000 0.000 0.000 0.000 7.800 0.038 5.459 0.001 0.000 0.000 0.000 0.000 0.000 0.000 0.000 0.000 0.000 0.000 0.000 0.000 0.000 0.000 0.000 
0.000 0.000 0.000 0.000 0.000 0.000 0.000 0.000 0.000 0.000 0.000 0.000 0.000 7.010 0.031 0.042 0.000 0.000 0.000 0.000 0.000 -0.000 0.000 0.000 0.000 0.000 0.000 0.000 0.000 0.000 
0.000 0.000 0.000 0.000 0.000 0.000 0.000 0.000 0.000 0.000 0.000 0.000 0.000 0.000 0.000 0.000 -0.000 0.000 0.000 0.000 -0.000 0.000 -0.000 0.000 0.000 0.000 0.000 0.000 0.000 0.000 
0.000 0.000 0.000 0.000 0.000 0.000 0.000 0.000 0.000 0.000 0.000 0.000 0.000 0.000 0.000 0.000 0.000 0.000 0.000 0.000 0.000 0.000 0.000 0.000 0.000 0.000 0.000 0.000 0.000 0.000 
0.000 0.000 0.000 0.000 0.000 0.000 0.000 0.000 0.000 0.000 0.000 0.000 0.000 0.000 0.000 0.000 0.000 0.000 0.000 0.000 0.000 0.000 0.000 0.000 0.000 0.000 0.000 0.000 0.000 0.000 
