# Vol_scan Display Grid (processed)
# Grid size: 41 x 26
# Format: reflectivity
# Ref point: (-43000.000000, 166000.000000)
# Grid res: 1000.000000 meters
0.000 0.000 0.000 0.000 0.000 0.000 0.000 0.000 0.000 0.000 0.000 0.000 0.000 0.000 0.000 0.000 0.000 0.000 0.000 0.000 0.000 0.000 0.000 0.000 0.000 0.000 
0.000 0.000 0.000 0.000 0.000 0.000 0.000 0.000 0.000 0.000 0.000 0.000 0.000 0.000 0.000 0.000 0.000 0.000 0.000 0.000 0.000 0.000 0.000 0.000 0.000 0.000 
0.000 0.000 0.000 0.000 0.000 0.000 0.000 0.000 0.000 0.000 0.000 0.000 0.000 0.000 0.000 0.000 -0.000 0.000 0.000 0.000 -0.000 0.000 0.000 0.000 0.000 0.000 
0.000 0.000 0.000 0.000 0.000 0.000 0.000 0.000 0.000 -0.000 0.000 0.000 0.000 0.000 0.000 0.000 0.000 0.000 0.000 0.000 -0.000 0.000 0.000 0.000 0.000 0.000 
0.000 0.000 0.000 0.000 0.000 0.000 0.000 0.000 0.000 0.000 0.000 0.000 0.000 0.000 0.000 0.000 0.000 -0.000 0.000 0.000 -0.000 -0.000 0.000 0.000 0.000 0.000 
0.000 0.000 0.000 0.000 0.000 0.000 0.000 0.000 0.000 0.000 0.000 0.000 0.000 -0.000 0.000 0.000 0.000 0.000 0.000 0.000 0.000 0.000 0.000 0.000 0.000 0.000 
0.000 0.000 0.000 0.000 -0.000 0.000 0.000 0.000 0.000 0.000 0.000 0.000 0.000 -0.000 0.000 -0.000 0.000 -0.000 -0.000 0.000 -0.000 0.000 0.000 0.000 0.000 0.000 
0.000 0.000 0.000 0.000 0.000 -0.000 0.000 0.000 0.000 0.000 -0.000 0.000 0.000 0.000 0.000 -0.000 0.000 -0.000 -0.000 0.000 0.000 0.000 0.000 0.000 0.000 0.000 
0.000 0.000 0.000 0.000 0.000 -0.000 0.000 0.000 0.000 0.000 0.000 0.000 0.000 0.000 0.000 24.481 0.000 0.000 -0.000 0.000 0.000 -0.000 -0.000 0.000 0.000 0.000 
0.000 0.000 0.000 0.000 -0.000 0.000 -0.000 0.000 0.000 21.355 31.305 26.724 30.647 27.399 27.931 23.339 -0.000 0.000 0.000 0.000 0.000 -0.000 -0.000 0.000 0.000 0.000 
0.000 0.000 0.000 0.000 0.000 0.000 0.000 0.000 0.000 0.000 31.183 26.724 30.647 27.399 27.931 30.454 0.000 0.000 0.000 0.000 0.000 0.000 0.000 0.000 0.000 0.000 
0.000 0.000 0.000 0.000 0.000 0.000 -0.000 0.000 -0.000 0.000 30.559 31.537 32.943 26.650 30.346 30.454 33.410 34.220 33.315 33.598 28.585 0.000 0.000 0.000 0.000 0.000 
0.000 0.000 0.000 0.000 0.000 0.000 -0.000 0.000 0.000 0.000 34.844 34.708 33.782 32.177 34.865 32.768 34.400 34.977 33.164 33.598 28.585 0.000 0.000 0.000 0.000 0.000 
0.000 0.000 0.000 0.000 0.000 0.000 35.951 34.714 32.875 34.256 34.844 34.708 33.782 32.999 35.020 36.393 35.055 33.695 32.112 33.300 33.034 0.002 0.000 0.000 0.000 0.000 
0.000 0.000 0.000 0.000 0.000 -0.000 34.841 35.274 36.093 34.410 37.345 33.595 33.671 32.999 35.020 36.393 35.055 33.695 31.995 34.181 35.856 33.512 35.314 0.004 0.000 0.000 
0.000 0.000 0.000 0.000 0.000 -0.000 34.841 35.274 33.699 35.888 34.754 34.163 34.060 32.448 34.341 33.866 34.512 36.483 32.456 35.481 35.856 33.512 35.314 0.004 0.000 0.000 
0.000 0.000 0.000 0.000 0.000 35.227 35.043 34.108 36.688 34.459 30.745 34.163 34.060 32.448 34.341 33.866 32.768 33.358 35.892 34.257 34.727 33.842 35.553 31.835 0.000 0.000 
0.000 0.000 0.000 0.000 0.000 33.530 35.382 36.020 33.734 33.664 34.369 32.577 33.553 36.852 36.966 32.134 32.768 33.358 35.892 34.788 34.633 32.791 34.437 35.485 0.000 0.000 
0.000 0.000 0.000 0.000 0.000 33.530 35.382 36.020 33.734 33.664 34.369 32.577 32.555 36.688 33.757 36.082 32.752 36.694 32.655 33.627 34.664 34.756 33.687 37.012 0.000 0.000 
0.000 0.000 0.000 0.000 0.000 35.084 33.264 33.815 35.234 34.295 35.450 33.959 32.555 36.688 33.757 36.082 32.752 36.694 32.655 33.627 34.664 34.756 33.687 37.012 0.000 0.000 
0.000 0.000 0.000 0.000 33.877 35.084 33.264 33.815 35.234 34.295 31.638 37.015 31.687 30.648 33.439 34.340 35.015 32.994 32.682 37.607 37.575 34.115 35.102 34.186 0.001 0.000 
0.000 0.000 0.000 0.000 0.000 34.329 33.668 33.172 36.407 35.705 31.638 37.015 31.687 30.648 35.433 36.143 34.533 38.712 33.969 34.309 33.262 32.634 35.102 34.186 0.001 0.000 
0.000 0.000 0.000 0.000 0.000 34.329 35.984 35.157 35.064 35.484 35.971 36.393 33.819 34.238 35.941 35.066 34.906 35.003 34.439 33.963 36.119 34.529 35.843 34.698 33.543 0.000 
0.000 0.000 0.000 0.000 0.000 36.751 33.205 36.029 33.937 34.368 35.971 36.393 33.819 34.238 35.941 35.066 34.906 35.003 34.439 33.963 36.119 34.529 35.843 34.698 33.543 0.000 
0.000 0.000 0.000 0.000 0.000 36.751 33.205 36.029 33.937 34.368 35.971 36.393 33.819 34.238 35.941 36.193 37.298 33.718 36.629 34.225 36.631 31.921 36.680 0.000 0.000 0.000 
0.000 0.000 0.000 0.000 0.000 30.427 0.000 34.418 34.491 33.242 33.384 35.587 36.871 33.298 35.727 36.193 37.298 33.718 36.629 34.225 36.631 31.921 36.680 0.000 0.000 0.000 
0.000 0.000 0.000 0.000 0.000 0.000 0.000 34.418 34.491 33.242 33.384 35.587 36.871 33.298 35.727 36.193 37.298 33.718 36.629 34.225 36.631 31.921 36.680 0.000 0.000 0.000 
0.000 0.000 0.000 0.000 0.000 0.000 0.000 35.517 33.109 34.848 38.844 36.580 35.883 35.259 31.903 34.625 34.165 35.201 35.042 34.356 -0.000 -0.000 0.000 -0.000 0.000 0.000 
0.000 0.000 0.000 0.000 0.000 0.000 0.000 0.000 -0.000 0.000 31.420 31.659 35.067 36.225 34.503 34.756 35.890 35.201 35.042 34.356 -0.000 -0.000 0.000 -0.000 0.000 0.000 
0.000 0.000 0.000 0.000 0.000 0.000 0.000 0.000 -0.000 0.000 31.420 31.659 35.067 36.225 34.503 34.756 35.890 35.201 35.042 34.356 -0.000 -0.000 0.000 -0.000 0.000 0.000 
0.000 0.000 0.000 0.000 0.000 0.000 0.000 -0.000 0.000 -0.000 24.817 30.776 32.495 36.439 35.451 35.845 32.998 34.125 34.594 33.425 0.000 -0.000 0.000 0.000 0.000 0.000 
0.000 0.000 0.000 0.000 0.000 0.000 0.000 -0.000 0.000 -0.000 0.000 0.000 0.000 0.000 0.000 0.000 0.000 0.000 0.000 0.000 0.000 -0.000 0.000 0.000 0.000 0.000 
0.000 0.000 0.000 0.000 0.000 0.000 0.000 -0.000 0.000 -0.000 0.000 0.000 0.000 0.000 0.000 0.000 0.000 0.000 0.000 0.000 0.000 -0.000 0.000 0.000 0.000 0.000 
0.000 0.000 0.000 0.000 0.000 0.000 0.000 -0.000 0.000 -0.000 0.000 0.000 0.000 0.000 0.000 0.000 0.000 0.000 0.000 0.000 0.000 -0.000 0.000 0.000 0.000 0.000 
0.000 0.000 0.000 0.000 0.000 0.000 0.000 0.000 0.000 0.000 0.000 0.000 0.000 0.000 0.000 0.000 0.000 0.000 -0.000 0.000 0.000 0.000 0.000 0.000 -0.000 -0.000 
0.000 0.000 0.000 0.000 0.000 0.000 0.000 0.000 0.000 0.000 0.000 0.000 0.000 0.000 0.000 0.000 0.000 0.000 -0.000 0.000 0.000 0.000 0.000 0.000 -0.000 -0.000 
0.000 0.000 0.000 0.000 0.000 0.000 0.000 0.000 0.000 0.000 0.000 0.000 0.000 0.000 0.000 0.000 0.000 0.000 -0.000 0.000 0.000 0.000 0.000 0.000 -0.000 -0.000 
0.000 0.000 0.000 0.000 0.000 0.000 0.000 0.000 0.000 0.000 0.000 0.000 0.000 0.000 0.000 0.000 0.000 0.000 -0.000 0.000 0.000 0.000 0.000 0.000 -0.000 -0.000 
0.000 0.000 0.000 0.000 0.000 0.000 0.000 0.000 0.000 0.000 0.000 0.000 0.000 0.000 0.000 0.000 0.000 0.000 -0.000 0.000 0.000 0.000 0.000 0.000 -0.000 -0.000 
0.000 0.000 0.000 0.000 0.000 0.000 0.000 0.000 0.000 0.000 0.000 0.000 0.000 0.000 0.000 0.000 0.000 0.000 -0.000 0.000 0.000 0.000 0.000 0.000 -0.000 -0.000 
0.000 0.000 0.000 0.000 0.000 0.000 0.000 0.000 0.000 0.000 0.000 0.000 0.000 0.000 0.000 0.000 0.000 0.000 0.000 0.000 0.000 0.000 0.000 0.000 0.000 0.000 
