# Vol_scan Display Grid (processed)
# Grid size: 30 x 29
# Format: reflectivity
# Ref point: (-41000.000000, 165000.000000)
# Grid res: 1000.000000 meters
0.000 0.000 0.000 0.000 0.000 0.000 0.000 0.000 0.000 0.000 0.000 0.000 0.000 0.000 0.000 0.000 0.000 0.000 0.000 0.000 0.000 0.000 0.000 0.000 0.000 0.000 0.000 0.000 0.000 
0.000 0.000 0.000 0.000 0.000 0.000 0.000 0.000 0.000 0.000 0.000 0.000 0.000 0.000 0.000 0.000 0.000 -0.000 0.000 0.000 0.000 0.000 0.000 0.000 0.000 0.000 0.000 0.000 0.000 
0.000 0.000 0.000 0.000 0.000 0.000 0.000 0.000 0.000 0.000 0.000 0.000 0.000 0.000 -0.000 0.000 0.000 0.000 0.000 0.000 0.000 0.000 0.000 0.000 0.000 0.000 0.000 0.000 0.000 
0.000 0.000 0.000 0.000 0.000 0.000 0.000 0.000 0.000 0.000 0.000 -0.000 0.000 0.000 0.000 0.000 10.747 -0.000 0.000 0.000 0.000 0.000 0.000 0.000 0.000 0.000 0.000 0.000 0.000 
0.000 0.000 0.000 0.000 0.000 0.000 0.000 0.000 0.000 -0.000 0.000 23.628 22.498 26.514 28.477 28.831 27.465 25.931 24.202 23.648 0.000 0.000 0.000 0.000 0.000 0.000 0.000 0.000 0.000 
0.000 0.000 0.000 0.000 0.000 0.000 0.000 0.000 0.000 8.315 22.896 28.632 28.357 27.273 27.374 27.776 26.627 27.637 28.190 28.883 26.531 0.000 0.000 0.000 0.000 0.000 0.000 0.000 0.000 
0.000 0.000 0.000 0.000 0.000 -0.000 0.000 -0.000 22.794 23.226 27.996 26.755 27.704 29.034 28.028 27.465 26.282 26.746 28.314 27.078 28.134 29.401 28.180 0.000 0.000 0.000 0.000 0.000 0.000 
0.000 0.000 0.000 0.000 -0.000 0.000 0.000 0.071 28.217 26.436 29.284 27.557 27.990 27.051 28.126 27.849 26.841 29.351 28.037 29.367 27.557 27.781 28.452 28.101 0.000 0.000 0.000 0.000 0.000 
0.000 0.000 0.000 0.000 0.000 0.000 0.001 28.898 28.608 27.877 29.405 27.585 28.353 28.528 27.837 27.749 27.100 27.518 27.110 26.124 27.588 28.656 29.199 28.501 0.000 0.000 0.000 0.000 0.000 
-0.000 0.000 0.000 -0.000 0.000 0.000 7.348 29.541 29.522 26.719 27.168 27.786 27.722 27.379 28.362 27.430 27.563 28.557 28.490 29.928 27.400 28.540 27.900 28.792 26.317 -0.000 -0.000 0.000 0.000 
-0.000 0.000 0.000 0.000 0.000 0.003 28.257 27.138 27.480 28.492 27.455 26.659 25.540 28.287 29.398 27.731 25.614 28.776 29.331 29.061 29.019 28.522 27.566 26.866 28.019 0.000 0.000 0.000 0.000 
0.000 0.000 -0.000 -0.000 0.000 0.005 28.814 27.310 28.419 29.836 28.285 26.523 27.525 30.173 29.336 27.342 27.024 27.461 28.791 28.023 29.572 27.637 27.815 27.029 28.350 0.000 0.000 -0.000 0.000 
0.000 0.000 0.000 -0.000 0.000 0.004 27.542 28.097 28.788 28.811 28.192 29.378 28.731 27.960 27.050 27.267 26.453 29.360 28.390 29.945 29.039 28.110 28.307 27.195 28.796 27.487 0.000 0.000 0.000 
0.000 -0.000 0.000 -0.000 0.000 13.158 27.052 27.876 27.672 27.809 28.638 27.515 25.854 27.576 27.475 27.011 26.870 28.106 30.898 28.121 27.285 26.493 28.407 29.101 29.284 28.571 0.000 0.000 0.000 
0.000 0.000 0.000 0.000 0.000 8.714 27.579 26.443 27.429 28.031 26.217 29.220 27.911 35.879 35.126 36.192 36.136 31.926 32.164 28.861 27.500 29.148 27.704 27.411 27.738 29.744 0.000 0.000 0.000 
0.000 0.000 0.000 0.000 0.000 0.053 27.545 27.952 26.630 28.857 27.715 26.419 38.725 35.608 37.965 36.025 36.415 36.447 36.972 36.302 27.370 26.658 27.202 26.605 27.129 22.644 0.000 0.000 0.000 
0.000 0.000 0.000 0.000 0.000 0.016 27.941 27.611 26.160 27.367 27.002 36.216 34.946 36.813 36.617 37.980 36.622 36.723 37.639 37.451 27.550 28.083 26.621 29.259 26.757 0.000 0.000 0.000 0.000 
0.000 0.000 0.000 0.000 0.003 0.000 28.061 29.142 28.181 27.219 25.701 35.769 34.316 36.153 36.740 36.032 39.002 38.423 35.775 36.438 27.597 26.665 28.061 27.649 29.088 0.000 0.000 0.000 0.000 
0.000 0.000 0.000 0.000 0.035 0.078 0.017 27.627 29.091 26.826 29.678 35.462 37.820 38.906 36.968 35.851 38.331 38.127 37.209 36.291 36.368 27.701 26.839 28.302 26.747 0.000 0.000 0.000 0.000 
0.000 0.000 0.000 0.000 5.940 0.059 0.041 25.646 26.556 26.760 27.900 34.872 37.097 35.875 35.493 35.826 36.218 37.372 36.978 35.717 37.117 27.542 30.544 25.955 0.000 0.000 0.000 0.000 0.000 
0.000 0.000 0.000 0.000 0.000 4.920 5.624 7.492 28.496 28.074 27.815 36.097 38.629 38.453 35.143 35.030 37.837 37.942 37.331 33.096 35.861 28.869 28.055 22.601 0.000 0.000 0.000 0.000 0.000 
0.000 0.000 0.000 0.000 0.000 0.000 6.990 2.719 6.009 28.207 26.991 32.398 36.562 36.993 37.136 36.875 36.220 37.824 37.417 38.205 28.383 29.869 23.840 0.000 0.000 0.000 0.000 0.000 0.000 
0.000 0.000 0.000 0.000 0.000 0.000 6.300 6.100 7.497 4.461 28.652 26.749 33.801 36.088 34.603 37.144 35.798 36.156 37.650 30.990 26.117 19.926 0.000 -0.000 0.000 0.000 0.000 0.000 0.000 
0.000 0.000 0.000 0.000 0.000 0.000 0.000 0.000 4.430 5.702 6.053 0.005 22.431 33.409 35.688 35.903 31.673 32.031 24.020 21.945 0.001 0.000 0.000 0.000 0.000 0.000 0.000 0.000 0.000 
0.000 0.000 0.000 0.000 0.000 0.000 0.000 0.000 0.000 6.230 6.070 5.045 0.001 0.000 0.029 20.792 0.000 0.000 0.000 0.000 0.000 -0.000 0.000 0.000 0.000 0.000 0.000 0.000 0.000 
0.000 0.000 0.000 0.000 0.000 0.000 0.000 0.000 0.000 0.000 0.000 4.590 0.028 0.002 0.000 0.000 0.000 0.000 0.000 0.000 0.000 -0.000 0.000 0.000 0.000 0.000 0.000 0.000 0.000 
0.000 0.000 0.000 0.000 0.000 0.000 0.000 0.000 0.000 0.000 0.000 0.000 0.000 0.000 0.000 -0.000 -0.000 0.000 0.000 0.000 0.000 0.000 0.000 0.000 0.000 0.000 0.000 0.000 0.000 
0.000 0.000 0.000 0.000 0.000 0.000 0.000 0.000 0.000 0.000 0.000 0.000 0.000 0.000 0.000 0.000 -0.000 0.000 -0.000 0.000 0.000 0.000 0.000 0.000 0.000 0.000 0.000 0.000 0.000 
0.000 0.000 0.000 0.000 0.000 0.000 0.000 0.000 0.000 0.000 0.000 0.000 0.000 0.000 0.000 0.000 0.000 0.000 -0.000 0.000 0.000 0.000 0.000 0.000 0.000 0.000 0.000 0.000 0.000 
0.000 0.000 0.000 0.000 0.000 0.000 0.000 0.000 0.000 0.000 0.000 0.000 0.000 0.000 0.000 0.000 0.000 0.000 0.000 0.000 0.000 0.000 0.000 0.000 0.000 0.000 0.000 0.000 0.000 
