# Vol_scan Display Grid (processed)
# Grid size: 30 x 29
# Format: reflectivity
# Ref point: (-39000.000000, 165000.000000)
# Grid res: 1000.000000 meters
0.000 0.000 0.000 0.000 0.000 0.000 0.000 0.000 0.000 0.000 0.000 0.000 0.000 0.000 0.000 0.000 0.000 0.000 0.000 0.000 0.000 0.000 0.000 0.000 0.000 0.000 0.000 0.000 0.000 
0.000 0.000 0.000 0.000 0.000 0.000 0.000 0.000 0.000 0.000 0.000 0.000 0.000 0.000 0.000 -0.000 0.000 0.000 0.000 0.000 0.000 0.000 0.000 0.000 0.000 0.000 0.000 0.000 0.000 
0.000 0.000 0.000 0.000 0.000 0.000 0.000 0.000 0.000 0.000 0.000 0.000 0.000 0.000 -0.000 0.000 0.000 -0.000 0.000 0.000 0.000 0.000 0.000 0.000 0.000 0.000 0.000 0.000 0.000 
0.000 0.000 0.000 0.000 0.000 0.000 0.000 0.000 0.000 0.000 0.000 0.000 0.000 0.000 0.000 0.000 0.000 0.000 0.000 0.000 0.000 0.000 0.000 0.000 0.000 0.000 0.000 0.000 0.000 
0.000 0.000 0.000 0.000 0.000 0.000 0.000 0.000 0.000 0.000 0.000 7.742 24.035 24.270 24.489 22.820 24.233 21.603 24.902 0.000 0.000 0.000 0.000 0.000 0.000 0.000 0.000 0.000 0.000 
0.000 0.000 0.000 0.000 0.000 0.000 0.000 0.000 0.000 0.000 18.060 23.649 27.660 27.892 25.858 27.446 27.307 29.264 28.214 27.906 22.593 0.000 0.000 0.000 0.000 0.000 0.000 0.000 0.000 
0.000 0.000 0.000 0.000 0.000 0.000 0.000 0.000 3.672 25.319 26.935 28.046 28.391 27.151 27.214 26.716 28.173 29.524 28.207 27.106 26.998 25.637 0.000 0.000 0.000 0.000 0.000 0.000 0.000 
0.000 0.000 0.000 0.000 0.000 0.000 -0.000 0.000 24.623 28.408 26.663 26.191 26.655 27.904 27.340 28.372 28.176 26.890 29.947 29.650 28.678 27.772 28.982 0.000 0.000 0.000 0.000 0.000 0.000 
0.000 0.000 0.000 0.000 0.000 -0.000 0.000 25.727 28.433 27.869 27.540 29.160 26.936 26.456 27.933 27.795 27.161 27.561 27.877 26.183 28.180 27.833 27.870 29.828 0.000 0.000 0.000 0.000 0.000 
0.000 0.000 0.000 -0.000 -0.000 0.000 0.002 28.042 29.792 27.051 27.716 29.378 28.020 26.263 28.405 28.300 26.969 28.453 29.728 27.672 29.227 27.433 27.181 27.536 23.914 0.000 0.000 0.000 0.000 
0.000 -0.000 0.000 0.000 -0.000 0.000 11.673 27.689 27.719 29.354 27.764 29.426 30.329 26.531 26.621 27.120 27.233 28.219 27.000 27.276 27.388 28.276 27.819 28.619 27.764 -0.000 0.000 0.000 0.000 
0.000 0.000 0.000 0.000 0.000 0.001 27.718 27.512 28.377 27.913 28.072 28.638 28.470 28.122 27.681 26.338 28.843 27.570 28.541 27.543 27.490 26.745 28.338 29.574 26.641 0.000 0.000 -0.000 0.000 
0.000 0.000 -0.000 0.000 0.000 11.095 27.664 27.172 29.805 28.647 27.644 30.156 30.209 29.521 28.407 26.819 27.201 26.508 28.440 28.222 27.563 28.389 27.784 27.903 26.718 21.074 0.000 -0.000 0.000 
0.000 0.000 -0.000 -0.000 0.000 8.172 26.095 27.502 28.012 28.088 29.218 27.356 27.992 27.584 28.846 29.034 27.790 28.036 28.845 28.401 26.796 27.979 28.040 26.370 27.275 26.140 -0.000 0.000 0.000 
-0.000 -0.000 0.000 0.000 0.000 5.144 26.781 27.984 27.541 29.391 26.437 27.343 28.662 29.975 28.739 27.855 28.990 28.588 28.079 27.898 28.196 28.578 27.210 27.218 28.980 26.295 0.000 0.000 0.000 
0.000 -0.000 0.000 -0.000 0.000 0.017 27.961 28.357 28.230 27.962 28.603 28.603 29.816 28.576 27.753 29.700 29.694 29.338 28.680 27.988 27.613 27.374 25.792 27.726 28.149 28.440 -0.000 0.000 0.000 
0.000 0.000 0.000 0.000 0.000 0.000 27.332 27.378 27.890 26.881 27.342 28.860 29.349 28.405 29.120 28.043 28.300 28.175 29.416 29.476 31.122 27.234 28.498 26.760 28.108 24.646 0.000 0.000 0.000 
0.000 0.000 -0.000 0.000 0.000 0.003 28.123 28.391 27.651 27.332 27.664 26.617 26.760 29.395 30.264 29.310 28.883 29.994 30.347 30.187 28.632 27.675 27.563 27.994 28.595 0.000 0.000 0.000 0.000 
0.000 0.000 0.000 0.000 0.002 0.000 4.903 28.372 27.778 28.276 27.907 29.240 27.725 29.537 28.698 27.891 27.520 28.383 29.804 27.580 29.551 29.888 28.337 29.193 25.731 0.000 0.000 0.000 0.000 
0.000 0.000 0.000 0.000 0.051 0.001 0.003 26.762 27.502 27.638 27.543 29.977 30.168 30.324 29.585 28.207 28.551 28.295 29.864 29.136 29.089 29.431 26.044 29.222 24.775 0.000 0.000 0.000 0.000 
0.000 0.000 0.000 0.000 0.000 0.033 0.057 6.252 27.716 29.124 26.545 28.599 28.682 26.928 29.552 29.423 28.038 29.942 30.560 29.280 28.366 28.949 28.137 27.521 0.000 0.000 0.000 0.000 0.000 
0.000 0.000 0.000 0.000 0.000 5.450 0.039 8.176 30.311 28.470 27.082 29.403 31.032 28.192 27.612 29.061 29.377 29.110 30.882 28.732 28.286 29.146 27.792 0.000 0.000 0.000 0.000 0.000 0.000 
0.000 0.000 0.000 0.000 0.000 0.000 7.580 0.062 7.732 27.840 27.630 27.715 31.670 28.857 29.635 29.289 28.154 28.666 29.251 27.395 27.329 20.614 0.000 0.000 0.000 0.000 0.000 0.000 0.000 
0.000 0.000 0.000 0.000 0.000 0.000 0.000 6.380 4.090 7.159 8.297 27.766 28.364 28.593 29.558 29.865 30.771 28.781 27.193 24.176 0.000 0.000 0.000 0.000 0.000 0.000 0.000 0.000 0.000 
0.000 0.000 0.000 0.000 0.000 0.000 0.000 0.000 5.220 1.020 5.759 0.082 0.002 24.868 18.231 25.933 25.394 22.165 0.000 0.001 0.000 -0.000 -0.000 0.000 0.000 0.000 0.000 0.000 0.000 
0.000 0.000 0.000 0.000 0.000 0.000 0.000 0.000 0.000 0.000 5.000 0.062 0.031 0.001 0.000 0.000 0.000 0.000 0.000 0.000 0.000 0.000 -0.000 0.000 0.000 0.000 0.000 0.000 0.000 
0.000 0.000 0.000 0.000 0.000 0.000 0.000 0.000 0.000 0.000 0.000 0.000 0.000 0.000 0.023 0.000 0.000 0.000 0.000 -0.000 0.000 0.000 -0.000 0.000 0.000 0.000 0.000 0.000 0.000 
0.000 0.000 0.000 0.000 0.000 0.000 0.000 0.000 0.000 0.000 0.000 0.000 0.000 0.000 0.000 0.000 0.000 0.000 0.000 0.000 -0.000 0.000 0.000 0.000 0.000 0.000 0.000 0.000 0.000 
0.000 0.000 0.000 0.000 0.000 0.000 0.000 0.000 0.000 0.000 0.000 0.000 0.000 0.000 0.000 0.000 0.000 0.000 0.000 0.000 -0.000 -0.000 0.000 0.000 0.000 0.000 0.000 0.000 0.000 
0.000 0.000 0.000 0.000 0.000 0.000 0.000 0.000 0.000 0.000 0.000 0.000 0.000 0.000 0.000 0.000 0.000 0.000 0.000 0.000 0.000 0.000 0.000 0.000 0.000 0.000 0.000 0.000 0.000 
