# Vol_scan Display Grid (processed)
# Grid size: 42 x 29
# Format: reflectivity
# Ref point: (-53000.000000, 165000.000000)
# Grid res: 1000.000000 meters
0.000 0.000 0.000 0.000 0.000 0.000 0.000 0.000 0.000 0.000 0.000 0.000 0.000 0.000 0.000 0.000 0.000 0.000 0.000 0.000 0.000 0.000 0.000 0.000 0.000 0.000 0.000 0.000 0.000 
0.000 0.000 0.000 0.000 0.000 0.000 0.000 0.000 0.000 0.000 0.000 0.000 0.000 0.000 0.000 0.000 0.000 0.000 -0.000 -0.000 0.000 -0.000 0.000 0.000 0.000 0.000 0.000 0.000 0.000 
0.000 0.000 0.000 0.000 0.000 0.000 0.000 0.000 0.000 0.000 0.000 0.000 0.000 0.000 0.000 0.000 0.000 0.000 0.000 0.000 0.000 0.000 0.000 0.000 0.000 0.000 0.000 0.000 0.000 
0.000 0.000 0.000 0.000 0.000 0.000 0.000 0.000 0.000 0.000 0.000 -0.000 0.000 0.000 0.000 0.000 0.000 0.000 -0.000 0.000 -0.000 0.000 0.000 0.000 0.000 0.000 0.000 0.000 0.000 
0.000 0.000 0.000 0.000 0.000 0.000 0.000 0.000 0.000 0.000 0.000 0.000 0.000 -0.000 0.000 -0.000 -0.000 0.000 0.000 0.000 0.000 0.000 0.000 0.000 0.000 0.000 0.000 0.000 0.000 
0.000 0.000 0.000 -0.000 0.000 0.000 0.000 0.000 -0.000 0.000 0.000 0.000 0.000 0.000 0.000 0.000 -0.000 0.000 0.000 -0.000 -0.000 0.000 -0.000 0.000 0.000 0.000 0.000 0.000 0.000 
0.000 0.000 -0.000 0.000 -0.000 0.000 0.000 0.000 0.000 0.000 0.000 0.000 0.000 -0.000 0.000 0.000 0.000 0.000 0.000 0.000 0.000 0.000 0.000 0.000 0.000 0.000 0.000 0.000 0.000 
0.000 0.000 0.000 0.000 0.000 0.000 0.000 0.000 0.000 0.000 0.000 0.000 -0.000 0.000 0.000 0.000 0.000 -0.000 0.000 -0.000 0.000 -0.000 0.000 0.000 0.000 0.000 0.000 0.000 0.000 
0.000 0.000 0.000 0.000 -0.000 0.000 -0.000 0.000 0.000 -0.000 0.000 0.000 0.000 0.000 -0.000 0.000 33.075 28.889 0.003 0.000 0.000 0.000 0.000 0.000 0.000 0.000 0.000 0.000 0.000 
0.000 0.000 0.000 0.000 -0.000 0.000 0.000 0.000 0.000 0.000 0.000 0.000 34.186 33.477 32.344 33.596 33.004 27.917 30.384 0.000 -0.000 -0.000 0.000 -0.000 0.000 0.000 0.000 0.000 0.000 
0.000 0.000 0.000 -0.000 0.000 -0.000 0.000 0.000 30.412 35.541 36.000 35.930 34.991 36.478 33.700 34.846 32.109 27.917 30.221 0.000 0.000 0.000 0.002 0.000 0.000 0.000 0.000 0.000 0.000 
0.000 0.000 0.000 0.000 0.000 0.000 0.000 0.000 29.634 31.597 34.478 37.290 33.465 35.965 36.358 33.430 34.411 37.243 33.378 34.572 34.757 35.796 19.843 0.000 0.000 0.000 0.000 0.000 0.000 
0.000 0.000 0.000 0.000 0.000 -0.000 0.000 -0.000 30.129 31.597 33.565 34.523 36.732 35.217 32.861 32.858 33.100 32.564 34.525 34.572 34.547 35.483 27.411 0.000 0.000 0.000 0.000 0.000 0.000 
0.000 0.000 0.000 0.000 0.000 -0.000 0.000 0.000 0.000 35.162 33.899 33.875 33.684 36.268 34.908 33.670 34.954 33.392 34.766 33.964 34.547 35.483 28.808 0.000 6.124 0.000 0.000 0.000 0.000 
0.000 0.000 0.000 0.000 -0.000 0.000 31.845 34.652 36.044 35.041 33.154 33.875 34.890 32.626 34.715 34.348 34.405 34.198 33.564 34.051 35.571 34.681 36.637 34.394 30.042 0.000 0.000 0.000 0.000 
0.000 0.000 0.000 0.000 0.000 0.000 35.375 33.871 35.935 34.921 33.094 34.576 34.890 32.626 33.557 33.885 34.751 33.111 31.400 35.819 33.882 37.869 35.578 33.253 30.042 0.000 0.000 0.000 0.000 
0.000 0.000 0.000 0.000 0.000 0.000 30.515 34.498 36.302 33.760 32.614 34.302 32.383 34.046 33.557 33.885 35.615 33.646 33.518 34.983 34.091 36.145 37.719 36.265 32.494 0.000 0.000 0.000 0.000 
0.000 0.000 0.000 0.000 0.000 33.682 32.835 35.135 35.722 33.775 33.770 35.631 32.865 36.525 31.988 34.280 35.615 33.646 33.518 34.135 34.148 35.748 34.369 34.126 34.471 0.000 0.000 0.000 0.000 
0.000 0.000 0.000 0.000 0.000 36.175 32.835 35.135 35.722 35.401 34.050 33.690 35.523 35.012 34.530 34.049 45.003 45.044 34.228 34.521 35.160 35.748 36.439 36.698 36.400 5.674 0.000 0.000 0.000 
0.000 0.000 0.000 0.000 0.000 28.759 32.776 36.612 32.703 35.401 33.189 46.004 47.696 51.507 49.597 48.624 49.580 46.741 33.356 33.971 36.117 34.317 36.439 36.698 36.400 5.674 0.000 0.000 0.000 
0.000 0.000 0.000 0.000 0.000 35.593 33.121 35.441 34.892 35.901 33.864 37.016 47.696 51.507 49.597 48.624 47.768 46.045 35.668 34.476 37.550 34.240 36.242 36.100 37.580 0.000 0.000 0.000 0.000 
0.000 0.000 0.000 0.000 0.000 0.000 33.587 34.166 33.109 35.401 32.700 38.058 38.330 48.317 51.891 47.177 47.768 50.915 50.277 49.195 31.685 33.559 35.436 36.904 35.544 0.000 0.000 0.000 0.000 
0.000 0.000 0.000 0.000 0.000 0.000 33.587 34.166 33.109 34.651 33.609 50.848 47.841 48.430 48.544 47.765 47.482 50.543 44.111 50.477 31.685 33.559 35.436 36.904 35.544 0.000 0.000 0.000 0.000 
0.000 0.000 0.000 0.000 0.000 0.000 0.000 36.273 33.672 36.372 49.422 50.848 47.841 48.430 53.816 51.369 51.285 49.038 46.873 52.472 35.185 34.351 34.289 36.133 36.719 0.000 0.000 0.000 0.000 
0.000 0.000 0.000 0.000 0.000 0.000 -0.000 32.216 32.971 34.019 44.598 50.465 49.768 51.394 53.816 51.369 51.285 49.038 46.873 48.073 34.528 35.559 34.385 30.101 -0.000 0.000 -0.000 0.000 0.000 
0.000 0.000 0.000 0.000 0.000 0.000 -0.000 32.216 32.971 35.282 36.674 48.520 45.036 53.199 44.505 48.244 51.076 49.796 51.222 48.055 34.534 35.559 34.385 30.101 -0.000 0.000 -0.000 0.000 0.000 
0.000 0.000 0.000 0.000 0.000 0.000 0.000 0.000 0.000 29.884 36.075 53.294 45.036 53.199 44.505 48.244 51.076 48.965 48.241 49.375 44.466 35.009 31.395 31.649 0.000 0.000 0.000 0.000 0.000 
0.000 0.000 0.000 0.000 0.000 0.000 0.000 0.000 -0.000 30.509 35.128 46.247 49.809 49.027 53.180 48.821 48.073 48.965 48.241 49.375 0.000 0.000 0.000 0.000 0.000 0.000 0.000 0.000 0.000 
0.000 0.000 0.000 0.000 0.000 0.000 0.000 0.000 -0.000 30.509 35.128 46.247 49.809 -0.000 0.000 41.912 43.205 28.573 -0.000 0.000 -0.000 -0.000 0.000 -0.000 0.000 -0.000 0.000 0.000 0.000 
0.000 0.000 0.000 0.000 0.000 0.000 0.000 0.000 -0.000 0.000 0.000 0.000 0.000 -0.000 0.000 41.912 43.205 28.573 -0.000 0.000 -0.000 -0.000 0.000 -0.000 0.000 -0.000 0.000 0.000 0.000 
0.000 0.000 0.000 0.000 0.000 0.000 0.000 0.000 -0.000 0.000 0.000 0.000 0.000 0.000 0.000 28.507 45.231 24.610 0.000 0.000 0.000 -0.000 0.000 0.000 0.000 0.000 0.000 0.000 0.000 
0.000 0.000 0.000 0.000 0.000 0.000 0.000 -0.000 0.000 -0.000 0.000 0.000 0.000 0.000 0.000 0.000 0.000 0.000 0.000 0.000 0.000 -0.000 0.000 0.000 0.000 0.000 0.000 0.000 0.000 
0.000 0.000 0.000 0.000 0.000 0.000 0.000 -0.000 0.000 -0.000 0.000 0.000 0.000 0.000 0.000 0.000 0.000 0.000 -0.000 0.000 0.000 0.000 0.000 0.000 -0.000 -0.000 0.000 -0.000 0.000 
0.000 0.000 0.000 0.000 0.000 0.000 0.000 0.000 0.000 0.000 0.000 0.000 0.000 0.000 0.000 0.000 0.000 0.000 -0.000 0.000 0.000 0.000 0.000 0.000 -0.000 -0.000 0.000 -0.000 0.000 
0.000 0.000 0.000 0.000 0.000 0.000 0.000 0.000 0.000 0.000 0.000 0.000 0.000 0.000 0.000 0.000 0.000 -0.000 0.000 0.000 0.000 0.000 0.000 0.000 0.000 0.000 0.000 0.000 0.000 
0.000 0.000 0.000 0.000 0.000 0.000 0.000 0.000 0.000 -0.000 0.000 -0.000 0.000 0.000 0.000 0.000 0.000 -0.000 0.000 0.000 0.000 0.000 0.000 0.000 0.000 0.000 0.000 0.000 0.000 
0.000 0.000 0.000 0.000 0.000 0.000 0.000 0.000 0.000 -0.000 0.000 -0.000 0.000 0.000 0.000 0.000 0.000 -0.000 0.000 0.000 0.000 0.000 0.000 0.000 0.000 0.000 0.000 0.000 0.000 
0.000 0.000 0.000 0.000 0.000 0.000 0.000 0.000 0.000 -0.000 0.000 0.000 0.000 0.000 -0.000 0.000 0.000 0.000 0.000 0.000 0.000 0.000 0.000 0.000 0.000 0.000 0.000 0.000 0.000 
0.000 0.000 0.000 0.000 0.000 0.000 0.000 0.000 0.000 0.000 0.000 0.000 0.000 0.000 0.000 0.000 0.000 0.000 0.000 0.000 0.000 0.000 0.000 0.000 0.000 0.000 0.000 0.000 0.000 
0.000 0.000 0.000 0.000 0.000 0.000 0.000 0.000 0.000 0.000 0.000 0.000 0.000 0.000 0.000 0.000 0.000 0.000 0.000 0.000 0.000 0.000 0.000 0.000 0.000 0.000 0.000 0.000 0.000 
0.000 0.000 0.000 0.000 0.000 0.000 0.000 0.000 0.000 0.000 0.000 0.000 0.000 0.000 0.000 0.000 0.000 0.000 0.000 0.000 0.000 0.000 0.000 0.000 0.000 0.000 0.000 0.000 0.000 
0.000 0.000 0.000 0.000 0.000 0.000 0.000 0.000 0.000 0.000 0.000 0.000 0.000 0.000 0.000 0.000 0.000 0.000 0.000 0.000 0.000 0.000 0.000 0.000 0.000 0.000 0.000 0.000 0.000 
