# Vol_scan Display Grid (processed)
# Grid size: 30 x 30
# Format: reflectivity
# Ref point: (-30000.000000, 164000.000000)
# Grid res: 1000.000000 meters
0.000 0.000 0.000 0.000 0.000 0.000 0.000 0.000 0.000 0.000 0.000 0.000 0.000 0.000 0.000 0.000 0.000 0.000 0.000 0.000 0.000 0.000 0.000 0.000 0.000 0.000 0.000 0.000 0.000 0.000 
0.000 0.000 0.000 0.000 0.000 0.000 0.000 0.000 0.000 0.000 0.000 0.000 0.000 0.000 0.000 0.000 0.000 0.000 0.000 0.000 0.000 0.000 0.000 0.000 0.000 0.000 0.000 0.000 0.000 0.000 
0.000 0.000 0.000 0.000 0.000 0.000 0.000 0.000 0.000 0.000 0.000 0.000 0.000 0.000 -0.000 0.000 -0.000 0.000 0.000 0.000 0.000 0.000 0.000 0.000 0.000 0.000 0.000 0.000 0.000 0.000 
0.000 0.000 0.000 0.000 0.000 0.000 0.000 0.000 0.000 0.000 0.000 0.000 0.000 -0.000 0.000 -0.000 0.000 -0.000 0.000 0.000 0.000 0.000 0.000 0.000 0.000 0.000 0.000 0.000 0.000 0.000 
0.000 0.000 0.000 0.000 0.000 0.000 0.000 0.000 0.000 0.000 0.000 -0.000 -0.000 0.000 -0.000 0.000 22.160 0.000 0.000 0.000 0.000 0.000 0.000 0.000 0.000 0.000 0.000 0.000 0.000 0.000 
0.000 0.000 0.000 0.000 0.000 0.000 0.000 0.000 0.000 0.000 0.000 0.000 23.326 22.948 24.941 24.641 29.115 26.728 29.185 20.538 29.622 0.000 0.000 0.000 0.000 0.000 0.000 0.000 0.000 0.000 
0.000 0.000 0.000 0.000 0.000 0.000 0.000 0.000 0.000 -0.000 -0.000 25.289 29.162 28.509 28.089 29.362 28.963 27.861 27.552 27.318 28.502 26.718 26.564 0.000 0.000 0.000 0.000 0.000 0.000 0.000 
0.000 0.000 0.000 0.000 0.000 0.000 0.000 0.000 -0.000 0.000 28.624 27.013 27.156 28.752 27.898 28.093 29.326 28.995 30.115 28.092 29.086 26.649 27.518 23.938 0.000 0.000 0.000 0.000 0.000 0.000 
0.000 0.000 0.000 0.000 0.000 0.000 0.000 0.000 0.000 26.572 27.661 29.214 26.687 27.004 28.392 29.371 28.344 27.254 29.718 28.723 28.746 26.178 28.356 26.859 23.344 0.000 -0.000 0.000 0.000 0.000 
0.000 0.000 0.000 0.000 0.000 0.000 0.000 0.000 27.176 28.078 26.219 29.018 27.901 28.730 28.343 28.799 27.531 28.795 27.388 28.382 27.263 27.379 28.089 29.666 29.795 0.000 0.000 0.000 0.000 0.000 
0.000 0.000 0.000 0.000 -0.000 -0.000 0.000 0.000 26.431 26.479 27.400 28.378 26.796 29.995 27.560 26.904 27.749 26.987 28.603 29.070 27.616 29.498 27.367 27.191 27.704 27.638 0.000 -0.000 0.000 0.000 
0.000 0.000 0.000 -0.000 0.000 0.000 -0.000 17.814 29.341 27.207 28.959 28.216 26.570 28.147 27.361 28.680 27.056 27.071 26.572 26.547 27.289 26.900 26.948 27.930 28.491 29.785 -0.000 -0.000 0.000 0.000 
0.000 0.000 -0.000 0.000 0.000 0.000 0.000 27.507 30.258 29.108 26.673 27.617 27.480 26.402 28.344 26.366 28.362 28.754 26.375 28.464 27.473 27.030 28.576 27.389 29.106 28.753 25.908 0.000 0.000 0.000 
0.000 0.000 -0.000 -0.000 0.000 0.000 0.001 28.967 27.271 27.820 28.069 26.682 27.833 26.039 27.286 25.854 25.078 25.540 29.976 28.674 28.687 27.024 27.519 27.126 28.232 27.547 23.838 0.000 0.000 0.000 
0.000 0.000 0.000 -0.000 -0.000 -0.000 0.002 29.398 27.702 29.089 28.917 27.438 27.685 27.033 27.965 28.228 28.395 26.591 26.963 29.212 26.689 26.256 28.123 26.656 26.888 27.320 27.311 -0.000 0.000 0.000 
0.000 0.000 0.000 -0.000 0.000 0.000 10.226 28.534 28.796 27.069 28.919 28.694 27.707 26.314 27.370 29.087 25.479 28.209 28.050 26.700 27.660 27.227 27.059 28.662 28.512 28.444 22.899 -0.000 0.000 0.000 
0.000 0.000 0.000 -0.000 -0.000 0.000 12.730 28.369 27.946 27.485 29.457 29.417 28.098 27.897 26.856 26.665 27.019 28.635 27.366 26.888 28.225 28.542 26.813 28.012 26.850 29.679 29.443 0.000 0.000 0.000 
0.000 0.000 0.000 0.000 -0.000 0.000 0.000 28.976 25.785 26.429 27.401 27.487 29.069 29.365 28.644 27.650 27.777 28.572 27.253 26.630 27.995 28.419 27.786 30.395 27.221 27.767 28.222 0.000 0.000 0.000 
0.000 0.000 0.000 0.000 0.000 -0.000 0.000 23.900 27.648 28.856 29.334 29.013 28.433 26.815 28.453 27.169 29.479 27.778 28.498 26.758 27.844 28.168 29.158 26.609 28.811 26.908 0.000 0.000 0.000 0.000 
0.000 0.000 0.000 0.000 0.000 0.000 0.000 2.452 27.434 27.298 26.676 27.967 26.811 26.685 27.987 24.984 26.812 30.561 29.369 28.523 28.954 27.413 27.177 27.822 29.133 22.536 0.000 0.000 0.000 0.000 
0.000 0.000 0.000 0.000 0.000 0.000 0.000 0.001 28.464 27.192 26.709 25.967 28.495 27.990 28.127 27.612 27.519 28.087 27.936 27.729 29.220 27.839 28.257 25.827 27.229 16.895 -0.000 0.000 0.000 0.000 
0.000 0.000 0.000 0.000 0.000 0.000 0.000 0.073 0.003 26.198 27.792 27.920 27.265 26.370 26.277 28.537 26.903 29.501 27.974 27.472 28.050 27.170 28.340 28.942 24.788 0.000 0.000 0.000 0.000 0.000 
0.000 0.000 0.000 0.000 0.000 0.000 0.000 0.000 0.033 0.002 25.408 28.379 29.036 28.958 28.489 28.484 30.762 25.640 27.322 28.062 27.922 29.011 27.147 24.620 0.000 0.000 0.000 0.000 0.000 0.000 
0.000 0.000 0.000 0.000 0.000 0.000 0.000 0.000 0.000 6.260 6.609 27.054 27.866 27.635 28.977 28.247 27.563 27.064 26.267 28.853 28.142 28.193 24.190 -0.000 -0.000 0.000 0.000 0.000 0.000 0.000 
0.000 0.000 0.000 0.000 0.000 0.000 0.000 0.000 0.000 0.000 9.170 4.830 5.318 28.408 22.766 29.197 28.652 26.823 26.308 25.385 0.000 0.000 -0.000 0.000 0.000 -0.000 0.000 0.000 0.000 0.000 
0.000 0.000 0.000 0.000 0.000 0.000 0.000 0.000 0.000 0.000 0.000 7.700 9.280 7.630 0.006 0.001 0.001 0.001 0.000 0.000 0.000 -0.000 0.000 0.000 0.000 0.000 0.000 0.000 0.000 0.000 
0.000 0.000 0.000 0.000 0.000 0.000 0.000 0.000 0.000 0.000 0.000 0.000 0.000 0.000 2.930 4.730 0.007 0.000 -0.000 -0.000 0.000 0.000 0.000 0.000 0.000 0.000 0.000 0.000 0.000 0.000 
0.000 0.000 0.000 0.000 0.000 0.000 0.000 0.000 0.000 0.000 0.000 0.000 0.000 0.000 0.000 0.000 0.000 0.000 0.000 0.000 0.000 -0.000 -0.000 0.000 0.000 0.000 0.000 0.000 0.000 0.000 
0.000 0.000 0.000 0.000 0.000 0.000 0.000 0.000 0.000 0.000 0.000 0.000 0.000 0.000 0.000 0.000 0.000 0.000 0.000 0.000 0.000 0.000 0.000 -0.000 0.000 0.000 0.000 0.000 0.000 0.000 
0.000 0.000 0.000 0.000 0.000 0.000 0.000 0.000 0.000 0.000 0.000 0.000 0.000 0.000 0.000 0.000 0.000 0.000 0.000 0.000 0.000 0.000 0.000 0.000 0.000 0.000 0.000 0.000 0.000 0.000 
