# Vol_scan Display Grid (processed)
# Grid size: 43 x 29
# Format: reflectivity
# Ref point: (-60000.000000, 165000.000000)
# Grid res: 1000.000000 meters
0.000 0.000 0.000 0.000 0.000 0.000 0.000 0.000 0.000 0.000 0.000 0.000 0.000 0.000 0.000 0.000 0.000 0.000 0.000 0.000 0.000 0.000 0.000 0.000 0.000 0.000 0.000 0.000 0.000 
0.000 0.000 0.000 0.000 0.000 0.000 0.000 0.000 0.000 0.000 0.000 0.000 0.000 0.000 0.000 0.000 0.000 0.000 0.000 -0.000 0.000 0.000 0.000 0.000 0.000 0.000 0.000 0.000 0.000 
0.000 0.000 0.000 0.000 0.000 0.000 0.000 0.000 0.000 0.000 0.000 0.000 0.000 0.000 0.000 0.000 -0.000 -0.000 0.000 0.000 0.000 0.000 0.000 0.000 0.000 0.000 0.000 0.000 0.000 
0.000 0.000 0.000 0.000 0.000 0.000 0.000 0.000 0.000 0.000 0.000 0.000 0.000 0.000 0.000 0.000 0.000 0.000 -0.000 0.000 0.000 0.000 0.000 0.000 0.000 0.000 0.000 0.000 0.000 
0.000 0.000 0.000 0.000 0.000 0.000 0.000 0.000 0.000 -0.000 0.000 -0.000 0.000 -0.000 -0.000 0.000 0.000 0.000 0.000 0.000 -0.000 0.000 0.000 0.000 0.000 0.000 0.000 0.000 0.000 
0.000 0.000 0.000 0.000 0.000 0.000 -0.000 0.000 0.000 0.000 0.000 0.000 0.000 0.000 -0.000 0.000 0.000 -0.000 -0.000 0.000 -0.000 0.000 0.000 0.000 0.000 0.000 0.000 0.000 0.000 
0.000 0.000 0.000 0.000 0.000 0.000 0.000 0.000 0.000 0.000 0.000 -0.000 0.000 0.000 0.000 0.000 0.000 0.000 0.000 0.000 0.000 0.000 0.000 0.000 0.000 0.000 0.000 0.000 0.000 
0.000 0.000 0.000 0.000 0.000 0.000 0.000 0.000 0.000 0.000 -0.000 0.000 0.000 0.000 -0.000 -0.000 0.000 -0.000 0.000 0.000 0.000 -0.000 0.000 0.000 0.000 0.000 0.000 0.000 0.000 
0.000 0.000 -0.000 0.000 -0.000 0.000 0.000 -0.000 0.000 0.000 0.000 0.000 0.000 0.000 0.000 -0.000 0.000 0.000 -0.000 -0.000 0.000 -0.000 0.000 0.000 0.000 0.000 0.000 0.000 0.000 
0.000 0.000 -0.000 0.000 0.000 0.000 0.000 0.000 0.000 0.000 0.000 0.000 -0.000 35.504 32.047 25.802 32.012 0.000 0.000 0.000 0.000 0.000 0.000 0.000 0.000 0.000 0.000 0.000 0.000 
0.000 0.000 0.000 -0.000 0.000 0.000 0.000 0.000 0.000 0.000 35.821 33.736 32.334 34.129 33.472 28.123 33.329 0.004 0.000 0.000 -0.000 0.000 0.000 0.000 0.000 0.000 0.000 0.000 0.000 
0.000 0.000 0.000 0.000 0.000 -0.000 0.000 0.000 24.153 28.946 33.028 34.317 34.820 35.116 32.632 29.839 28.427 20.259 36.502 36.033 32.380 18.915 0.000 0.000 0.000 0.000 0.000 0.000 0.000 
0.000 0.000 0.000 -0.000 0.000 0.000 0.000 0.000 -0.000 29.331 28.766 32.456 33.280 32.803 33.295 34.017 34.653 34.836 33.143 33.958 37.170 32.389 0.000 0.000 0.000 0.000 0.000 0.000 0.000 
0.000 0.000 0.000 0.000 -0.000 0.000 0.000 0.000 0.000 30.445 28.596 36.075 34.185 34.495 34.240 37.618 35.224 34.780 34.150 36.005 33.172 32.204 0.000 0.000 0.000 0.000 0.000 0.000 0.000 
0.000 0.000 0.000 0.000 0.000 0.000 0.000 32.987 34.826 36.113 33.878 34.674 35.345 32.947 33.550 35.241 33.394 36.196 36.273 32.657 32.868 36.664 35.386 30.078 0.000 0.000 0.000 0.000 0.000 
0.000 0.000 0.000 0.000 -0.000 0.000 33.859 35.538 33.251 33.759 34.154 32.407 36.004 34.121 34.333 36.110 36.160 34.200 32.752 31.794 36.627 34.726 32.828 34.134 0.000 0.000 0.000 0.000 0.000 
0.000 0.000 0.000 0.000 -0.000 0.000 35.320 33.675 33.960 34.441 35.991 36.772 34.388 34.623 37.617 35.036 35.060 34.731 33.800 34.762 34.222 35.183 30.490 35.025 0.006 0.000 0.000 0.000 0.000 
0.000 0.000 0.000 0.000 0.000 -0.000 28.716 32.664 34.943 34.705 35.164 32.900 36.623 34.352 35.395 33.351 35.012 34.731 33.911 34.057 33.675 36.941 35.891 35.248 35.527 0.000 0.000 0.000 0.000 
0.000 0.000 0.000 0.000 0.000 34.624 32.456 32.816 33.967 33.981 34.862 35.951 37.866 36.311 33.997 35.266 33.444 34.158 34.252 35.503 35.442 34.564 36.529 34.433 35.116 0.000 0.000 0.000 0.000 
0.000 0.000 0.000 0.000 0.000 32.386 32.963 34.421 33.977 33.981 32.879 35.410 34.072 37.321 42.753 41.124 37.463 36.098 34.183 35.503 34.564 31.932 36.353 35.652 34.446 6.420 0.000 0.000 0.000 
0.000 0.000 0.000 0.000 0.000 -0.000 33.644 33.487 33.384 36.416 35.544 34.682 36.004 40.032 41.385 40.872 41.571 35.217 34.981 35.101 34.564 31.932 35.216 35.057 33.901 -0.000 0.000 0.000 0.000 
0.000 0.000 0.000 0.000 0.000 35.624 33.084 35.321 35.170 33.947 33.233 34.682 38.280 42.934 41.048 37.688 37.692 34.632 35.912 41.656 35.373 36.039 36.525 35.444 35.340 0.000 0.000 0.000 0.000 
0.000 0.000 0.000 0.000 0.000 0.000 33.558 36.155 34.444 33.244 34.634 34.135 38.280 42.934 43.240 41.612 42.693 43.849 42.444 39.060 32.632 37.981 37.045 36.852 35.340 0.000 0.000 0.000 0.000 
0.000 0.000 0.000 0.000 0.000 0.000 33.409 35.966 36.067 34.700 43.709 45.211 44.684 43.056 43.240 41.612 43.211 42.278 41.585 40.684 35.076 35.795 34.358 37.081 34.167 32.131 0.000 0.000 0.000 
0.000 0.000 0.000 0.000 0.000 0.000 26.835 33.610 34.341 36.333 40.386 46.796 43.896 43.452 42.944 42.966 43.211 42.278 41.585 43.576 33.933 31.583 33.776 34.738 0.000 -0.000 0.000 0.000 0.000 
0.000 0.000 0.000 0.000 0.000 0.000 26.835 33.610 34.341 36.677 34.479 41.895 45.066 43.881 39.891 42.448 45.074 41.895 44.493 40.069 33.589 31.583 35.071 34.727 0.000 -0.000 0.000 0.000 0.000 
0.000 0.000 0.000 0.000 0.000 0.000 0.000 32.268 32.879 36.677 36.755 44.320 44.005 41.921 42.727 41.445 41.769 42.257 44.291 42.935 39.477 33.108 35.071 34.727 0.000 -0.000 0.000 0.000 0.000 
0.000 0.000 0.000 0.000 0.000 0.000 0.000 0.000 0.000 31.024 35.760 45.126 44.005 41.921 42.727 41.445 42.097 42.408 43.755 41.223 41.042 35.447 37.032 0.000 0.000 0.000 0.000 0.000 0.000 
0.000 0.000 0.000 0.000 0.000 0.000 0.000 -0.000 0.000 33.954 34.552 41.656 45.207 42.382 40.957 40.836 42.097 45.048 31.135 30.469 -0.000 0.000 -0.000 0.000 -0.000 0.000 0.000 0.000 0.000 
0.000 0.000 0.000 0.000 0.000 0.000 0.000 -0.000 0.000 31.664 34.267 0.000 -0.000 0.000 38.780 41.113 42.712 38.752 32.743 31.833 -0.000 0.000 -0.000 0.000 -0.000 0.000 -0.000 0.000 0.000 
0.000 0.000 0.000 0.000 0.000 0.000 0.000 -0.000 0.000 0.000 0.000 0.000 -0.000 0.000 43.048 43.140 44.807 41.827 31.221 32.067 -0.000 0.000 0.000 0.000 0.000 0.000 -0.000 0.000 0.000 
0.000 0.000 0.000 0.000 0.000 0.000 0.000 0.000 -0.000 0.000 0.000 0.000 0.000 0.000 43.048 43.140 44.807 41.827 31.221 0.000 -0.000 0.000 0.000 -0.000 -0.000 0.000 -0.000 0.000 0.000 
0.000 0.000 0.000 0.000 0.000 0.000 0.000 0.000 -0.000 0.000 0.000 0.000 0.000 0.000 0.000 0.000 0.000 -0.000 0.000 0.000 0.000 0.000 0.000 -0.000 -0.000 0.000 -0.000 0.000 0.000 
0.000 0.000 0.000 0.000 0.000 0.000 0.000 0.000 0.000 0.000 0.000 0.000 0.000 0.000 0.000 0.000 0.000 0.000 0.000 0.000 0.000 0.000 0.000 0.000 0.000 0.000 0.000 0.000 0.000 
0.000 0.000 0.000 0.000 0.000 0.000 0.000 0.000 -0.000 0.000 -0.000 0.000 0.000 0.000 0.000 0.000 -0.000 0.000 0.000 0.000 0.000 0.000 0.000 0.000 0.000 0.000 0.000 0.000 0.000 
0.000 0.000 0.000 0.000 0.000 0.000 0.000 0.000 -0.000 0.000 -0.000 0.000 0.000 -0.000 0.000 0.000 0.000 0.000 -0.000 0.000 -0.000 -0.000 0.000 -0.000 0.000 -0.000 0.000 0.000 0.000 
0.000 0.000 0.000 0.000 0.000 0.000 0.000 0.000 -0.000 0.000 0.000 0.000 0.000 -0.000 0.000 0.000 0.000 0.000 -0.000 0.000 -0.000 -0.000 0.000 -0.000 0.000 -0.000 0.000 -0.000 0.000 
0.000 0.000 0.000 0.000 0.000 0.000 0.000 0.000 -0.000 0.000 0.000 0.000 0.000 0.000 0.000 0.000 0.000 0.000 0.000 0.000 0.000 -0.000 0.000 0.000 0.000 0.000 0.000 0.000 0.000 
0.000 0.000 0.000 0.000 0.000 0.000 0.000 0.000 0.000 -0.000 0.000 0.000 0.000 0.000 0.000 0.000 0.000 0.000 0.000 0.000 0.000 0.000 0.000 0.000 0.000 0.000 0.000 0.000 0.000 
0.000 0.000 0.000 0.000 0.000 0.000 0.000 0.000 0.000 0.000 0.000 0.000 0.000 0.000 -0.000 0.000 0.000 0.000 0.000 0.000 0.000 0.000 0.000 0.000 0.000 0.000 0.000 -0.000 0.000 
0.000 0.000 0.000 0.000 0.000 0.000 0.000 0.000 0.000 0.000 0.000 0.000 0.000 0.000 -0.000 0.000 0.000 0.000 0.000 0.000 0.000 0.000 0.000 0.000 0.000 0.000 0.000 0.000 0.000 
0.000 0.000 0.000 0.000 0.000 0.000 0.000 0.000 0.000 0.000 0.000 0.000 0.000 0.000 -0.000 0.000 0.000 0.000 0.000 0.000 0.000 0.000 0.000 0.000 0.000 0.000 0.000 0.000 0.000 
0.000 0.000 0.000 0.000 0.000 0.000 0.000 0.000 0.000 0.000 0.000 0.000 0.000 0.000 0.000 0.000 0.000 0.000 0.000 0.000 0.000 0.000 0.000 0.000 0.000 0.000 0.000 0.000 0.000 
