# Vol_scan Display Grid (processed)
# Grid size: 28 x 26
# Format: reflectivity
# Ref point: (-52000.000000, 168000.000000)
# Grid res: 1000.000000 meters
0.000 0.000 -0.000 -0.000 0.000 0.000 0.000 0.000 0.000 0.000 0.000 0.000 0.000 0.000 0.000 0.000 0.000 0.000 0.000 0.000 0.000 0.000 0.000 0.000 0.000 0.000 
0.000 0.000 -0.000 -0.000 0.000 -0.000 -0.000 0.000 -0.000 9.124 24.971 30.290 30.025 22.210 15.945 0.000 -0.000 0.000 0.000 0.000 0.000 0.000 0.000 0.000 0.000 0.000 
0.000 -0.000 0.000 -0.000 -0.000 -0.000 0.000 4.238 21.038 25.288 26.176 27.149 27.728 26.318 25.272 25.575 22.886 0.000 -0.000 0.000 0.000 0.000 0.000 0.000 0.000 0.000 
0.000 -0.000 0.000 -0.000 0.000 4.927 23.737 28.338 28.969 27.815 28.426 29.889 28.287 26.879 26.753 27.704 28.416 27.033 23.342 0.000 0.000 0.000 0.000 0.000 0.000 0.000 
0.000 -0.000 0.000 0.000 0.743 25.126 27.317 29.582 29.182 28.316 28.001 28.259 27.054 27.827 28.549 28.484 27.664 29.798 27.495 25.208 0.000 0.000 0.000 0.000 0.000 0.000 
0.000 0.000 0.000 0.000 22.454 27.453 26.351 26.665 27.685 27.324 25.661 29.341 28.540 28.516 27.231 28.251 29.780 28.932 28.295 28.889 24.282 0.000 0.000 0.000 0.000 0.000 
0.000 0.000 0.000 0.400 28.929 27.040 27.535 27.644 26.366 29.483 26.999 29.245 27.682 27.267 28.166 28.048 27.501 28.540 27.936 28.205 27.536 -0.000 0.000 0.000 0.000 0.000 
0.000 0.000 0.000 26.511 28.193 28.076 27.430 27.955 29.769 26.712 27.543 28.218 28.791 28.091 27.824 29.626 28.662 27.203 26.302 27.897 28.178 24.955 0.000 0.000 0.000 0.000 
0.000 0.000 0.148 28.098 27.780 28.669 28.673 27.046 27.158 27.652 28.926 28.756 27.950 28.910 30.382 28.088 27.656 28.509 27.103 27.491 27.798 28.045 0.000 0.000 0.000 0.000 
0.000 0.000 11.147 27.154 30.368 27.348 27.401 26.888 28.083 28.194 27.535 28.590 25.869 28.252 27.697 27.477 27.360 29.171 29.539 26.853 27.431 27.914 0.000 0.000 0.000 0.000 
0.000 0.000 8.883 27.696 28.074 28.613 27.331 28.380 27.847 26.642 27.582 27.762 28.818 29.088 29.794 27.301 26.823 28.568 27.786 30.018 28.156 28.948 21.521 0.000 0.000 0.000 
0.000 0.092 12.806 28.361 29.333 27.136 26.994 28.900 27.031 28.667 28.272 27.585 28.058 28.496 26.837 28.857 28.397 29.520 29.955 28.860 28.003 28.899 26.618 0.000 0.000 0.000 
0.000 6.839 13.052 28.089 26.973 27.311 29.957 27.258 30.316 27.561 27.815 26.801 28.001 28.644 26.433 26.262 27.820 27.603 28.197 27.046 29.165 28.545 25.990 -0.000 0.000 0.000 
0.000 0.075 16.835 29.115 27.351 28.674 26.927 29.100 27.807 26.173 28.686 28.630 26.582 28.315 26.928 28.179 26.895 28.136 27.628 28.664 27.700 27.805 13.749 0.000 0.000 0.000 
0.000 8.647 22.021 28.397 26.656 28.038 28.194 26.965 28.746 26.851 28.109 27.802 28.724 28.182 27.793 26.528 27.411 28.873 28.042 28.300 28.703 27.668 -0.000 0.000 0.000 0.000 
0.000 4.854 4.194 27.870 28.448 29.726 28.983 27.822 27.630 27.808 26.448 27.486 26.801 25.772 28.284 27.642 29.814 28.270 27.194 27.280 28.044 27.831 0.000 0.000 0.000 0.000 
0.000 3.010 2.396 23.198 28.263 29.225 28.509 31.482 26.764 26.576 27.795 27.758 27.606 26.101 26.347 27.340 27.393 28.032 28.609 27.872 28.046 26.278 0.000 0.000 0.000 0.000 
0.000 8.520 7.979 6.651 25.854 25.255 25.832 26.919 26.707 26.709 28.671 26.959 26.290 26.370 26.070 26.249 26.439 28.204 27.619 26.354 25.459 0.000 0.000 0.000 0.000 0.000 
0.000 6.780 0.060 6.162 23.230 26.416 28.092 27.629 26.159 26.748 27.568 26.915 26.381 28.336 28.779 26.933 26.333 28.341 27.626 26.427 0.000 0.000 0.000 0.000 0.000 0.000 
0.000 0.000 5.470 6.447 0.044 0.004 22.939 27.327 28.402 27.263 27.220 26.127 29.555 28.739 27.763 26.726 26.274 28.644 26.197 0.000 0.000 0.000 0.000 0.000 0.000 0.000 
0.000 0.000 0.000 5.780 5.819 0.005 0.001 23.568 28.340 27.910 27.218 27.659 27.109 27.758 26.215 27.618 26.727 25.509 0.000 0.000 0.000 0.000 0.000 0.000 0.000 0.000 
0.000 0.000 0.000 0.000 0.112 0.007 0.004 0.000 0.001 25.442 22.838 22.108 22.489 26.278 21.618 22.783 17.276 0.000 0.000 0.000 0.000 0.000 0.000 0.000 0.000 0.000 
0.000 0.000 0.000 0.000 0.000 0.000 0.006 0.000 0.000 0.000 0.000 0.000 0.095 0.001 0.000 0.000 0.000 0.000 0.000 0.000 0.000 0.000 0.000 0.000 0.000 0.000 
0.000 0.000 0.000 0.000 0.000 0.000 0.000 0.000 0.000 0.000 0.000 0.000 -0.000 0.000 0.000 -0.000 0.000 0.000 0.000 0.000 0.000 0.000 0.000 0.000 0.000 0.000 
0.000 0.000 0.000 0.000 0.000 0.000 0.000 0.000 0.000 0.000 0.000 0.000 0.000 -0.000 0.000 0.000 0.000 0.000 0.000 0.000 0.000 0.000 0.000 0.000 0.000 0.000 
0.000 0.000 0.000 0.000 0.000 0.000 0.000 -0.000 -0.000 0.000 0.000 0.000 0.000 0.000 0.000 0.000 0.000 0.000 0.000 0.000 0.000 0.000 0.000 0.000 0.000 0.000 
0.000 0.000 0.000 0.000 0.000 0.000 0.000 0.000 -0.000 -0.000 0.000 0.000 0.000 -0.000 0.000 0.000 0.000 0.000 0.000 0.000 0.000 0.000 0.000 0.000 0.000 0.000 
0.000 0.000 0.000 0.000 0.000 0.000 0.000 0.000 0.000 0.000 0.000 0.000 0.000 0.000 0.000 0.000 0.000 0.000 0.000 0.000 0.000 0.000 0.000 0.000 0.000 0.000 
