# Vol_scan Display Grid (processed)
# Grid size: 31 x 23
# Format: reflectivity
# Ref point: (-62000.000000, 170000.000000)
# Grid res: 1000.000000 meters
0.000 0.000 0.000 0.000 0.000 0.000 0.000 0.000 0.000 0.000 0.000 0.000 0.000 0.000 0.000 0.000 0.000 0.000 0.000 0.000 0.000 0.000 0.000 
0.000 0.000 0.000 0.000 0.000 0.000 0.000 0.000 0.000 0.000 0.000 0.000 0.000 0.000 0.000 0.000 0.000 0.000 0.000 0.000 0.000 0.000 0.000 
0.000 -0.000 0.000 -0.000 0.000 0.000 0.000 0.000 0.000 0.000 0.000 0.000 0.000 0.000 0.000 0.000 0.000 0.000 0.000 0.000 0.000 0.000 0.000 
0.000 0.000 0.000 0.000 -0.000 0.000 0.000 0.000 0.000 0.000 0.000 0.000 0.000 0.000 0.000 0.000 0.000 0.000 0.000 0.000 0.000 0.000 0.000 
0.000 0.000 0.000 0.000 0.000 0.000 8.316 11.276 25.232 23.025 27.105 26.879 28.378 0.000 0.000 0.000 0.000 0.000 0.000 0.000 0.000 0.000 0.000 
0.000 -0.000 0.000 0.000 6.648 24.736 24.774 30.501 27.960 25.544 27.223 28.283 27.973 27.391 30.284 0.000 0.000 0.000 0.000 0.000 0.000 0.000 0.000 
-0.000 0.000 0.000 11.690 25.233 29.534 26.933 27.991 29.049 27.449 27.786 28.566 28.279 27.990 28.582 28.327 28.349 0.000 0.000 0.000 0.000 0.000 0.000 
0.000 0.000 0.415 23.575 26.795 27.589 29.824 27.375 29.556 26.431 27.431 28.197 29.220 26.656 29.083 29.077 27.443 23.216 0.000 -0.000 0.000 0.000 0.000 
0.006 0.904 22.385 28.757 28.496 27.004 28.316 28.022 27.520 27.811 28.173 28.903 27.030 29.319 28.259 29.297 27.990 27.881 23.547 0.000 0.000 0.000 0.000 
0.000 20.737 27.313 26.806 25.847 27.358 27.393 29.254 28.337 28.185 28.106 28.088 27.699 27.710 27.621 27.560 27.627 27.370 28.226 0.000 0.000 0.000 0.000 
0.147 28.554 27.415 27.020 28.952 27.493 28.462 28.356 26.880 27.397 27.560 29.527 26.851 27.692 27.451 26.378 28.110 26.973 28.745 23.867 0.000 0.000 0.000 
10.560 29.220 27.462 27.592 27.287 27.883 28.801 27.734 27.601 28.330 27.404 28.879 27.543 26.912 27.258 28.015 27.174 27.340 28.817 29.113 0.000 0.000 0.000 
5.448 27.237 29.157 26.143 28.957 29.829 28.000 27.843 28.213 27.049 29.024 28.201 27.678 29.325 27.581 30.142 29.386 27.379 27.200 27.965 0.000 0.000 0.000 
9.601 27.643 28.446 28.074 27.767 26.858 28.455 27.616 25.667 28.998 29.286 29.443 29.705 28.459 28.079 28.252 27.479 27.325 27.041 28.811 0.000 0.000 0.000 
28.735 28.261 29.420 27.245 27.483 28.160 28.551 27.264 27.328 27.638 27.653 26.189 27.659 28.471 28.720 29.007 27.476 26.984 28.147 26.914 0.000 0.000 0.000 
29.040 27.543 27.496 28.282 28.527 27.075 27.545 28.082 26.059 25.160 24.706 24.881 24.582 26.935 28.875 26.305 28.355 27.148 28.725 28.365 0.000 0.000 0.000 
34.817 26.643 26.809 28.463 28.199 25.935 27.681 26.204 25.899 26.802 25.891 26.166 25.602 26.804 27.053 27.086 27.844 28.679 26.688 26.685 0.000 0.000 0.000 
18.809 27.878 27.419 28.226 28.688 27.537 28.857 24.974 26.495 25.989 26.334 25.622 24.966 27.180 26.423 26.999 27.734 27.557 29.008 27.580 0.000 0.000 0.000 
0.005 26.693 28.381 28.243 28.441 27.050 27.658 26.456 25.389 26.958 27.280 25.599 26.122 25.620 27.618 28.690 27.437 28.247 27.981 23.426 0.000 0.000 0.000 
8.550 2.589 28.084 27.842 29.408 28.807 26.266 27.410 25.468 26.026 26.341 27.438 27.788 25.973 27.354 26.950 28.538 29.047 27.813 -0.000 0.000 0.000 0.000 
6.040 0.002 23.906 27.304 26.921 27.748 26.834 28.546 27.352 27.006 26.646 26.559 27.119 26.993 24.329 26.502 30.746 27.505 29.354 0.000 0.000 0.000 0.000 
0.000 0.001 0.002 23.023 27.824 28.573 26.974 27.376 26.893 26.505 27.298 27.008 27.069 26.694 25.494 27.494 27.851 29.562 0.000 0.000 0.000 0.000 0.000 
0.000 0.002 0.000 0.003 23.553 27.113 28.382 27.662 26.575 25.123 25.121 26.326 25.968 25.640 26.502 28.172 25.350 0.000 0.000 0.000 0.000 0.000 0.000 
0.000 0.000 0.000 0.000 0.002 23.989 20.807 27.121 25.129 26.715 26.786 25.837 25.406 26.436 28.637 0.000 0.000 0.000 0.000 0.000 0.000 0.000 0.000 
0.000 -0.000 0.000 0.000 0.000 0.001 0.001 18.143 22.997 23.980 23.115 23.714 25.560 0.000 0.000 0.000 0.000 0.000 0.000 0.000 0.000 0.000 0.000 
0.000 0.000 0.000 -0.000 -0.000 0.000 0.000 0.000 0.000 0.000 0.000 -0.000 0.000 0.000 0.000 0.000 0.000 0.000 0.000 0.000 0.000 0.000 0.000 
0.000 0.000 -0.000 0.000 -0.000 0.000 -0.000 0.000 0.000 -0.000 0.000 0.000 0.000 0.000 0.000 0.000 0.000 0.000 0.000 0.000 0.000 0.000 0.000 
0.000 0.000 0.000 0.000 0.000 0.000 0.000 0.000 0.000 0.000 0.000 0.000 0.000 0.000 0.000 0.000 0.000 0.000 0.000 0.000 0.000 0.000 0.000 
0.000 0.000 0.000 -0.000 0.000 0.000 0.000 -0.000 0.000 0.000 0.000 0.000 0.000 0.000 0.000 0.000 0.000 0.000 0.000 0.000 0.000 0.000 0.000 
0.000 0.000 0.000 0.000 0.000 0.000 0.000 0.000 0.000 0.000 0.000 0.000 0.000 0.000 0.000 0.000 0.000 0.000 0.000 0.000 0.000 0.000 0.000 
0.000 0.000 0.000 0.000 0.000 0.000 0.000 0.000 0.000 0.000 0.000 0.000 0.000 0.000 0.000 0.000 0.000 0.000 0.000 0.000 0.000 0.000 0.000 
