# Vol_scan Display Grid (processed)
# Grid size: 29 x 25
# Format: reflectivity
# Ref point: (-53000.000000, 169000.000000)
# Grid res: 1000.000000 meters
0.000 -0.000 0.000 0.000 0.000 0.000 0.000 0.000 0.000 0.000 0.000 0.000 0.000 0.000 0.000 0.000 0.000 0.000 0.000 0.000 0.000 0.000 0.000 0.000 0.000 
-0.000 0.000 -0.000 0.000 -0.000 0.000 0.000 7.116 21.750 23.937 27.490 26.867 26.150 26.829 27.778 0.000 0.000 0.000 0.000 0.000 0.000 0.000 0.000 0.000 0.000 
-0.000 0.000 -0.000 -0.000 0.000 0.000 19.669 25.638 27.032 27.458 28.867 25.843 28.711 26.591 28.057 22.887 24.147 0.000 0.000 0.000 0.000 0.000 0.000 0.000 0.000 
-0.000 0.000 -0.000 0.000 3.231 25.612 28.081 27.589 28.444 26.724 28.199 27.791 27.025 27.908 27.289 27.637 26.736 24.119 -0.000 0.000 0.000 0.000 0.000 0.000 0.000 
-0.000 0.000 0.000 14.223 24.914 27.867 28.358 27.155 28.451 27.784 27.209 28.011 29.363 29.798 29.130 28.444 28.952 28.904 22.401 0.000 0.000 0.000 0.000 0.000 0.000 
-0.000 0.000 0.000 25.624 27.700 26.856 27.183 28.411 29.709 26.311 27.505 29.561 29.241 26.352 26.916 27.773 28.641 27.691 27.163 23.092 0.000 0.000 0.000 0.000 0.000 
0.000 0.000 6.687 28.130 27.448 27.461 28.155 29.502 26.702 26.855 28.333 28.443 27.807 27.163 26.242 28.858 26.799 27.836 27.987 26.774 0.000 0.000 0.000 0.000 0.000 
0.000 0.109 25.594 28.264 27.153 27.870 28.347 28.266 27.552 26.529 27.154 27.468 27.630 27.846 27.121 28.538 27.141 26.688 27.487 27.266 29.467 0.000 0.000 0.000 0.000 
0.000 0.153 28.368 27.641 28.411 28.222 27.498 28.898 29.060 27.203 27.293 29.235 29.870 27.418 28.174 27.352 27.865 27.965 27.769 29.010 28.395 0.000 0.000 0.000 0.000 
0.000 15.437 27.721 27.090 28.955 28.169 27.930 26.975 29.845 28.257 27.999 29.038 27.414 27.601 28.673 28.235 28.455 26.870 27.860 27.818 28.015 0.000 0.000 0.000 0.000 
0.003 13.124 27.155 27.071 28.355 29.095 27.065 29.007 28.902 27.098 29.104 28.562 27.448 28.163 28.213 28.549 27.636 27.725 27.751 28.092 27.780 24.465 0.000 0.000 0.000 
4.400 14.562 28.257 27.438 27.354 27.471 27.345 27.605 27.774 26.793 27.653 27.235 27.940 28.410 28.597 28.937 28.279 26.495 28.332 27.046 29.063 25.085 0.000 0.000 0.000 
6.462 13.212 26.055 27.436 29.226 28.181 26.267 29.038 29.709 26.417 28.055 27.294 27.302 26.736 26.549 28.838 27.439 27.149 28.066 27.481 27.501 24.032 0.000 0.000 0.000 
0.062 9.533 28.038 26.695 27.848 26.642 28.470 26.868 26.868 27.775 27.760 26.713 25.993 25.720 26.769 27.208 27.723 28.723 28.658 27.585 27.759 19.417 0.000 0.000 0.000 
9.292 25.104 27.482 25.465 27.250 28.298 27.096 26.787 27.294 27.247 27.321 26.921 26.177 26.096 28.184 25.799 28.566 29.418 28.140 29.405 27.548 0.000 0.000 0.000 0.000 
7.942 6.806 28.616 27.643 28.861 28.115 26.675 28.047 26.397 28.939 26.962 27.866 26.057 28.568 27.425 26.708 26.989 26.885 28.194 27.450 25.950 0.000 0.000 0.000 0.000 
6.170 4.652 11.772 29.446 27.591 26.721 27.472 27.039 26.156 26.982 28.080 25.439 28.974 26.913 26.681 26.585 26.697 27.450 27.429 27.252 23.033 0.000 0.000 0.000 0.000 
7.670 5.014 5.295 24.027 25.071 26.919 28.320 28.104 27.896 27.439 27.043 26.054 26.961 26.714 27.439 27.284 29.111 26.508 25.299 27.127 0.000 0.000 0.000 0.000 0.000 
3.760 4.290 4.681 0.025 25.345 28.600 27.410 26.530 27.588 27.036 27.252 26.528 27.997 27.314 26.319 27.432 28.328 29.094 26.791 0.000 0.000 0.000 0.000 0.000 0.000 
0.000 6.150 0.074 0.102 0.001 24.632 28.565 27.575 26.065 27.273 27.108 28.182 27.800 27.341 26.648 25.684 28.301 27.644 0.000 0.000 0.000 0.000 0.000 0.000 0.000 
0.000 0.000 3.940 0.029 0.011 0.002 17.205 24.333 27.206 25.569 26.881 28.032 26.081 27.492 29.242 28.913 26.448 0.000 0.000 0.000 0.000 0.000 0.000 0.000 0.000 
0.000 0.000 0.000 0.141 0.007 0.000 0.000 0.003 0.001 25.468 22.795 23.512 22.459 22.185 18.374 0.000 0.000 0.000 0.000 0.000 0.000 0.000 0.000 0.000 0.000 
0.000 0.000 0.000 0.000 0.000 0.000 0.000 0.000 0.000 0.000 0.000 0.001 0.001 0.000 0.000 0.000 0.000 0.000 0.000 0.000 0.000 0.000 0.000 0.000 0.000 
0.000 0.000 0.000 0.000 0.000 0.000 0.000 -0.000 0.000 0.000 -0.000 0.000 -0.000 0.000 0.000 0.000 0.000 0.000 0.000 0.000 0.000 0.000 0.000 0.000 0.000 
0.000 0.000 0.000 0.000 0.000 0.000 0.000 0.000 0.000 0.000 0.000 -0.000 0.000 0.000 0.000 0.000 0.000 0.000 0.000 0.000 0.000 0.000 0.000 0.000 0.000 
0.000 0.000 0.000 0.000 0.000 0.000 0.000 0.000 0.000 0.000 -0.000 0.000 0.000 0.000 0.000 0.000 0.000 0.000 0.000 0.000 0.000 0.000 0.000 0.000 0.000 
0.000 0.000 0.000 0.000 0.000 0.000 0.000 0.000 -0.000 0.000 -0.000 0.000 0.000 0.000 0.000 0.000 0.000 0.000 0.000 0.000 0.000 0.000 0.000 0.000 0.000 
0.000 0.000 0.000 0.000 0.000 0.000 0.000 0.000 0.000 0.000 0.000 0.000 0.000 0.000 0.000 0.000 0.000 0.000 0.000 0.000 0.000 0.000 0.000 0.000 0.000 
0.000 0.000 0.000 0.000 0.000 0.000 0.000 0.000 0.000 0.000 0.000 0.000 0.000 0.000 0.000 0.000 0.000 0.000 0.000 0.000 0.000 0.000 0.000 0.000 0.000 
