# Vol_scan Display Grid (processed)
# Grid size: 30 x 29
# Format: reflectivity
# Ref point: (-85000.000000, 165000.000000)
# Grid res: 1000.000000 meters
0.000 0.000 0.000 0.000 0.000 0.000 0.000 0.000 0.000 0.000 0.000 0.000 0.000 0.000 0.000 0.000 0.000 0.000 0.000 0.000 0.000 0.000 0.000 0.000 0.000 0.000 0.000 0.000 0.000 
0.000 0.000 0.000 0.000 0.000 0.000 0.000 0.000 0.000 0.000 0.000 0.000 0.000 0.000 0.000 0.000 0.000 0.000 0.000 0.000 0.000 0.000 0.000 0.000 0.000 0.000 0.000 0.000 0.000 
0.000 0.000 0.000 0.000 0.000 0.000 0.000 0.000 0.000 0.000 0.000 0.000 0.000 0.000 0.000 0.000 0.000 0.000 0.000 -0.000 0.000 0.000 0.000 0.000 0.000 0.000 0.000 0.000 0.000 
0.000 0.000 0.000 0.000 0.000 0.000 0.000 0.000 0.000 0.000 0.000 0.000 0.000 0.000 0.000 -0.000 0.000 -0.000 0.000 0.000 0.000 0.000 0.000 0.000 0.000 0.000 0.000 0.000 0.000 
0.000 0.000 0.000 0.000 0.000 0.000 0.000 0.000 0.000 0.000 0.000 0.008 0.000 0.000 0.002 0.000 0.000 0.000 0.000 0.000 0.000 0.000 0.000 0.000 0.000 0.000 0.000 0.000 0.000 
0.000 0.000 0.000 0.000 0.000 0.000 0.000 0.000 3.800 2.340 0.007 0.008 7.818 9.791 3.577 7.647 19.237 7.802 0.004 0.002 0.000 0.000 0.000 0.000 0.000 0.000 0.000 0.000 0.000 
0.000 0.000 0.000 0.000 0.000 0.000 0.000 4.850 6.740 5.131 10.018 25.725 20.686 26.861 27.932 29.455 28.682 25.830 26.740 10.907 2.921 -0.000 -0.000 0.000 0.000 0.000 0.000 0.000 0.000 
0.000 0.000 0.000 0.000 0.000 0.000 5.680 5.200 27.270 25.336 28.708 26.856 26.864 29.051 27.881 27.356 27.509 28.738 29.612 27.173 24.119 2.443 0.000 0.000 0.000 0.000 0.000 0.000 0.000 
0.000 0.000 0.000 0.000 0.000 8.860 6.240 27.210 28.619 28.947 28.684 27.318 26.954 26.824 28.942 27.798 28.281 29.770 28.196 28.314 27.946 28.674 8.495 0.000 0.000 0.000 0.000 0.000 0.000 
0.000 0.000 0.000 0.000 0.000 9.210 6.544 24.030 27.395 27.536 27.533 28.691 28.262 27.919 27.057 28.881 28.594 29.443 27.256 26.711 28.579 27.918 28.991 0.000 0.000 0.000 0.000 0.000 0.000 
0.000 0.000 0.000 0.000 7.300 0.229 15.218 26.978 28.363 27.987 28.006 28.461 28.109 29.889 27.677 28.334 28.006 26.604 29.309 28.215 27.555 28.123 27.079 24.946 0.000 0.000 0.000 0.000 0.000 
0.000 0.000 0.000 0.000 0.007 0.006 27.723 27.304 26.443 29.800 27.799 27.667 29.076 26.733 29.227 27.781 29.132 28.873 27.940 28.352 28.261 26.326 27.870 27.291 -0.000 0.000 0.000 0.000 0.000 
0.000 0.000 0.000 0.000 0.000 8.462 28.650 27.399 26.301 27.438 29.012 26.712 30.282 28.394 26.057 26.682 26.736 28.089 27.794 27.225 28.432 28.257 28.022 28.318 28.655 0.000 0.000 0.000 0.000 
0.000 0.000 0.000 0.001 0.001 23.369 25.958 26.799 26.916 27.483 31.307 28.288 29.044 30.260 27.629 27.426 27.869 27.759 28.045 27.874 28.217 27.727 27.144 28.320 29.064 0.000 0.000 0.000 0.000 
0.000 0.000 0.000 0.000 0.002 18.552 27.365 28.288 28.292 27.280 30.027 28.845 26.778 28.538 27.063 26.956 28.770 28.897 27.381 27.245 29.233 26.558 29.180 27.365 29.955 -0.000 0.000 0.000 0.000 
0.000 0.000 0.000 0.000 0.001 26.559 27.610 28.670 28.886 27.911 26.711 27.505 29.000 27.779 29.664 27.642 29.057 27.391 27.418 27.900 26.805 29.012 28.680 28.138 28.747 0.000 0.000 0.000 0.000 
0.000 0.000 0.000 0.000 0.000 28.558 27.978 27.860 28.589 30.194 27.977 28.341 26.449 27.920 26.231 26.509 28.592 27.505 26.481 27.952 28.369 27.996 27.803 27.864 28.397 0.000 0.000 0.000 0.000 
-0.000 0.000 0.000 -0.000 0.000 21.157 27.892 29.636 28.385 25.857 27.402 28.331 28.267 26.585 28.966 30.756 28.130 26.844 29.251 28.834 29.454 29.184 28.321 28.127 28.779 0.000 0.000 0.000 0.000 
-0.000 0.000 0.000 0.000 0.000 15.234 29.081 28.528 28.337 27.690 26.966 29.123 27.163 27.617 29.723 28.233 27.770 29.548 26.273 27.389 28.574 28.453 28.631 26.740 26.912 0.000 0.000 -0.000 0.000 
0.000 0.000 -0.000 0.000 0.000 0.525 28.275 29.102 27.337 28.244 29.246 28.484 26.624 28.870 28.418 28.520 28.975 27.576 28.027 28.799 27.574 28.749 27.784 28.545 25.069 0.000 0.000 0.000 0.000 
0.000 0.000 0.000 0.000 0.000 0.000 28.343 25.915 29.186 28.613 25.149 27.370 27.599 27.934 28.148 27.953 27.432 29.515 27.292 26.973 27.208 28.282 28.351 27.571 0.000 0.000 0.000 0.000 0.000 
0.000 0.000 0.000 0.000 0.000 0.000 0.000 27.719 29.280 26.808 27.301 27.670 27.935 27.069 28.591 29.064 27.493 29.691 27.955 28.896 28.959 28.986 28.554 23.949 0.000 0.000 0.000 0.000 0.000 
0.000 0.000 0.000 -0.000 0.000 0.000 -0.000 0.001 28.060 27.338 27.572 26.302 25.814 27.679 28.846 27.841 28.946 27.419 28.702 27.105 27.154 27.560 26.111 0.000 0.000 0.000 0.000 0.000 0.000 
0.000 0.000 0.000 0.000 0.000 0.000 0.000 0.000 -0.000 25.813 28.655 27.716 27.974 27.633 28.949 28.672 29.320 28.519 28.647 28.008 26.282 23.535 0.000 0.000 0.000 0.000 0.000 0.000 0.000 
0.000 0.000 0.000 0.000 0.000 0.000 0.000 0.000 -0.000 0.000 25.092 29.098 26.963 26.381 27.551 27.763 27.155 27.551 28.910 25.605 23.554 0.000 0.000 0.000 0.000 0.000 0.000 0.000 0.000 
0.000 0.000 0.000 0.000 0.000 0.000 0.000 0.000 0.000 0.000 0.000 18.758 23.227 24.654 26.854 24.626 23.121 23.494 23.058 15.748 0.000 0.000 0.000 0.000 0.000 0.000 0.000 0.000 0.000 
0.000 0.000 0.000 0.000 0.000 0.000 0.000 0.000 0.000 0.000 0.000 0.000 0.000 0.000 -0.000 0.000 0.000 0.000 0.000 0.000 0.000 0.000 0.000 0.000 0.000 0.000 0.000 0.000 0.000 
0.000 0.000 0.000 0.000 0.000 0.000 0.000 0.000 0.000 0.000 0.000 0.000 0.000 0.000 0.000 0.000 0.000 -0.000 -0.000 0.000 0.000 0.000 0.000 0.000 0.000 0.000 0.000 0.000 0.000 
0.000 0.000 0.000 0.000 0.000 0.000 0.000 0.000 0.000 0.000 0.000 0.000 0.000 0.000 0.000 0.000 0.000 0.000 0.000 0.000 0.000 0.000 0.000 0.000 0.000 0.000 0.000 0.000 0.000 
0.000 0.000 0.000 0.000 0.000 0.000 0.000 0.000 0.000 0.000 0.000 0.000 0.000 0.000 0.000 0.000 0.000 0.000 0.000 0.000 0.000 0.000 0.000 0.000 0.000 0.000 0.000 0.000 0.000 
