# Vol_scan Display Grid (processed)
# Grid size: 31 x 23
# Format: reflectivity
# Ref point: (-67000.000000, 170000.000000)
# Grid res: 1000.000000 meters
0.000 0.000 0.000 0.000 0.000 0.000 0.000 0.000 0.000 0.000 0.000 0.000 0.000 0.000 0.000 0.000 0.000 0.000 0.000 0.000 0.000 0.000 0.000 
0.000 0.000 0.000 0.000 -0.000 0.000 0.000 0.000 0.000 0.000 0.000 0.000 0.000 0.000 0.000 0.000 0.000 0.000 0.000 0.000 0.000 0.000 0.000 
0.000 0.000 0.000 0.000 0.000 0.000 0.000 0.000 0.000 0.000 0.000 0.000 0.000 0.000 0.000 0.000 0.000 0.000 0.000 0.000 0.000 0.000 0.000 
0.000 0.000 -0.000 -0.000 -0.000 0.000 -0.000 0.000 0.000 -0.000 -0.000 0.000 0.000 0.000 0.000 0.000 0.000 0.000 0.000 0.000 0.000 0.000 0.000 
0.000 0.000 0.000 -0.000 -0.000 0.000 0.000 -0.000 0.000 0.000 -0.000 0.000 0.000 0.000 0.000 0.000 0.000 0.000 0.000 0.000 0.000 0.000 0.000 
0.000 -0.000 -0.000 0.000 0.000 0.000 0.001 8.348 15.418 21.502 23.535 7.267 11.596 0.000 0.000 0.000 0.000 0.000 0.000 0.000 0.000 0.000 0.000 
0.000 0.000 0.000 0.000 0.988 10.285 23.482 25.103 28.401 27.966 28.810 27.784 27.507 28.952 28.157 0.000 0.000 0.000 0.000 0.000 0.000 0.000 0.000 
0.000 0.002 0.000 0.801 15.305 26.332 28.754 27.268 27.877 28.351 27.810 28.798 27.963 28.124 28.960 29.013 0.000 0.000 0.000 0.000 0.000 0.000 0.000 
0.000 0.003 0.322 25.857 26.472 27.476 28.769 27.482 27.253 26.797 27.329 28.102 29.727 27.189 27.213 26.121 26.896 25.986 0.000 0.000 0.000 0.000 0.000 
0.000 0.214 23.159 28.310 27.405 26.789 29.008 27.618 27.759 25.311 27.758 28.470 26.506 28.822 27.792 27.527 29.549 26.939 26.059 0.000 0.000 0.000 0.000 
0.000 8.076 26.403 29.034 27.826 28.100 27.969 29.533 27.508 27.421 29.675 28.329 28.315 27.522 28.702 28.632 28.491 27.691 29.793 0.000 0.000 0.000 0.000 
4.784 22.098 29.167 28.659 26.149 29.536 28.939 28.276 29.176 28.675 28.904 28.748 28.248 27.656 28.541 28.856 27.576 27.649 27.126 22.689 0.000 0.000 0.000 
5.062 28.498 27.553 28.637 26.989 28.620 29.098 28.022 28.150 28.576 28.410 27.747 28.254 28.141 28.717 27.668 27.968 28.144 28.284 27.668 0.000 0.000 0.000 
19.399 26.347 29.429 28.707 28.321 28.466 27.521 27.978 26.301 29.499 26.870 27.478 28.932 28.371 27.776 29.504 29.353 28.306 29.199 28.441 0.000 0.000 0.000 
29.974 29.958 27.640 28.540 28.158 27.609 26.846 28.123 28.629 27.130 28.023 29.259 27.870 26.383 27.370 26.456 27.723 27.882 27.519 28.139 0.000 0.000 0.000 
26.690 27.743 28.610 28.173 29.604 28.616 27.870 26.813 27.142 27.249 27.819 27.477 28.743 26.445 27.001 29.946 28.072 27.211 28.446 27.744 0.000 0.000 0.000 
24.031 28.013 27.750 26.974 27.862 28.421 26.769 28.599 28.246 26.501 26.937 25.143 28.173 27.382 28.399 27.941 27.251 27.596 27.073 28.606 0.000 0.000 0.000 
12.874 27.391 28.393 29.232 28.210 28.208 25.877 26.069 23.722 26.577 25.777 25.415 26.746 24.914 29.002 27.284 27.786 27.312 27.058 27.833 0.000 0.000 0.000 
6.950 26.878 28.679 27.591 27.043 27.563 27.290 26.790 25.492 25.040 26.667 25.164 26.257 24.770 25.545 27.228 27.827 27.666 27.695 28.228 0.000 0.000 0.000 
0.000 30.266 27.361 28.236 27.408 28.393 26.281 25.858 26.785 26.351 25.924 25.671 25.090 25.515 24.115 28.648 28.235 29.835 29.330 24.477 0.000 0.000 0.000 
0.000 23.993 26.403 27.256 27.892 27.287 26.051 25.849 26.623 25.195 24.883 25.553 24.058 26.405 25.744 28.519 29.139 28.636 27.795 16.776 0.000 0.000 0.000 
0.000 4.309 27.419 27.911 28.917 28.275 25.302 24.242 25.742 26.279 28.214 24.057 27.660 26.223 25.663 27.845 27.511 27.506 24.774 0.000 0.000 0.000 0.000 
0.000 0.000 13.094 28.152 27.627 27.329 25.824 26.308 24.880 25.971 25.183 25.696 25.048 26.201 27.042 27.139 28.156 24.739 0.000 0.000 0.000 0.000 0.000 
0.000 0.000 0.001 20.078 27.462 27.698 26.826 23.945 24.738 25.598 26.406 26.349 27.802 25.740 28.334 27.430 28.195 21.342 0.000 0.000 0.000 0.000 0.000 
0.000 -0.000 0.000 0.000 0.004 25.443 28.032 24.616 26.871 26.542 25.267 25.013 25.776 24.288 27.241 0.000 0.000 0.000 0.000 0.000 0.000 0.000 0.000 
0.000 0.000 0.000 0.000 0.000 0.001 18.094 26.223 24.351 26.586 25.469 26.004 24.557 0.000 0.000 0.000 0.000 0.000 0.000 0.000 0.000 0.000 0.000 
0.000 0.000 0.000 0.000 -0.000 0.000 0.000 0.000 -0.000 0.000 0.000 0.000 0.000 0.000 0.000 0.000 0.000 0.000 0.000 0.000 0.000 0.000 0.000 
0.000 -0.000 0.000 -0.000 0.000 0.000 0.000 0.000 0.000 0.000 0.000 0.000 0.000 0.000 0.000 0.000 0.000 0.000 0.000 0.000 0.000 0.000 0.000 
0.000 0.000 0.000 0.000 0.000 0.000 0.000 0.000 0.000 0.000 0.000 0.000 0.000 0.000 0.000 0.000 0.000 0.000 0.000 0.000 0.000 0.000 0.000 
0.000 0.000 0.000 -0.000 -0.000 0.000 0.000 0.000 0.000 0.000 0.000 0.000 0.000 0.000 0.000 0.000 0.000 0.000 0.000 0.000 0.000 0.000 0.000 
0.000 0.000 0.000 0.000 0.000 0.000 0.000 0.000 0.000 0.000 0.000 0.000 0.000 0.000 0.000 0.000 0.000 0.000 0.000 0.000 0.000 0.000 0.000 
