# Vol_scan Display Grid (processed)
# Grid size: 30 x 30
# Format: reflectivity
# Ref point: (-32000.000000, 164000.000000)
# Grid res: 1000.000000 meters
0.000 0.000 0.000 0.000 0.000 0.000 0.000 0.000 0.000 0.000 0.000 0.000 0.000 0.000 0.000 0.000 0.000 0.000 0.000 0.000 0.000 0.000 0.000 0.000 0.000 0.000 0.000 0.000 0.000 0.000 
0.000 0.000 0.000 0.000 0.000 0.000 0.000 0.000 0.000 0.000 0.000 0.000 0.000 0.000 -0.000 -0.000 0.000 0.000 0.000 0.000 0.000 0.000 0.000 0.000 0.000 0.000 0.000 0.000 0.000 0.000 
0.000 0.000 0.000 0.000 0.000 0.000 0.000 0.000 0.000 0.000 0.000 0.000 0.000 -0.000 0.000 -0.000 0.000 0.000 0.000 0.000 0.000 0.000 0.000 0.000 0.000 0.000 0.000 0.000 0.000 0.000 
0.000 0.000 0.000 0.000 0.000 0.000 0.000 0.000 0.000 0.000 0.000 0.000 0.000 0.000 0.000 0.000 -0.000 -0.000 0.000 0.000 0.000 0.000 0.000 0.000 0.000 0.000 0.000 0.000 0.000 0.000 
0.000 0.000 0.000 0.000 0.000 0.000 0.000 0.000 0.000 0.000 0.000 0.000 -0.000 0.000 0.000 24.105 21.378 23.829 24.042 19.419 0.000 0.000 0.000 0.000 0.000 0.000 0.000 0.000 0.000 0.000 
0.000 0.000 0.000 0.000 0.000 0.000 0.000 0.000 0.000 0.000 0.000 -0.000 25.205 25.137 27.522 30.340 27.894 26.418 25.562 25.375 25.388 28.393 0.000 0.000 0.000 0.000 0.000 0.000 0.000 0.000 
0.000 0.000 0.000 0.000 0.000 0.000 0.000 0.000 -0.000 -0.000 10.906 22.894 26.814 27.956 27.770 27.454 27.732 28.827 28.182 27.719 28.304 28.273 26.981 0.000 0.000 0.000 0.000 0.000 0.000 0.000 
0.000 0.000 0.000 0.000 0.000 0.000 0.000 -0.000 0.000 6.661 27.103 28.536 27.713 27.819 29.692 28.652 27.402 27.245 28.552 27.400 27.086 28.811 29.671 22.138 -0.000 0.000 0.000 0.000 0.000 0.000 
0.000 0.000 0.000 0.000 0.000 0.000 0.000 0.000 0.003 27.612 29.460 27.730 28.272 29.771 27.952 28.971 29.488 27.828 29.407 29.416 28.391 27.505 28.453 27.185 22.509 0.000 -0.000 0.000 0.000 0.000 
0.000 0.000 0.000 0.000 -0.000 0.000 0.000 0.000 23.328 28.631 28.674 27.702 25.965 28.801 28.676 27.450 27.891 28.048 28.778 27.029 28.174 28.260 27.009 25.671 28.590 21.898 0.000 0.000 -0.000 0.000 
0.000 0.000 0.000 -0.000 0.000 0.000 0.000 0.001 27.688 28.171 24.993 27.333 28.572 26.702 26.258 26.412 26.986 28.617 28.507 27.665 28.004 29.492 27.487 28.644 27.665 27.550 0.000 0.000 0.000 0.000 
0.000 0.000 0.000 0.000 -0.000 0.000 0.001 22.620 26.811 28.153 28.493 27.035 28.033 26.461 28.084 28.079 27.533 28.029 26.987 30.405 27.862 28.535 27.422 28.670 27.591 25.828 20.437 -0.000 0.000 0.000 
0.000 0.000 -0.000 0.000 0.000 0.000 0.000 27.625 27.182 27.309 28.126 27.279 29.024 28.378 27.723 28.667 26.407 27.644 27.021 28.822 26.643 28.360 27.776 28.180 28.404 29.634 25.414 0.000 0.000 0.000 
0.000 0.000 -0.000 0.000 0.000 0.000 0.002 25.986 26.684 28.537 27.467 26.845 28.504 29.004 28.302 29.330 28.199 28.675 28.362 28.584 26.717 27.193 29.923 27.492 29.848 30.074 21.726 -0.000 0.000 0.000 
0.000 0.000 -0.000 0.000 0.000 0.000 0.004 28.879 27.672 27.987 30.058 29.117 27.586 27.156 25.331 29.126 26.907 26.820 27.052 28.027 27.844 29.233 27.547 26.181 29.466 27.517 27.744 0.000 0.000 0.000 
0.000 0.000 0.000 -0.000 0.000 0.000 0.002 27.698 26.445 27.020 28.970 28.722 28.380 26.472 27.076 28.111 27.671 27.214 26.290 26.349 26.899 28.523 28.866 28.524 27.588 27.113 25.435 0.000 0.000 0.000 
0.000 0.000 0.000 0.000 -0.000 -0.000 0.002 27.034 26.529 27.808 27.423 27.493 25.898 26.222 26.406 27.495 27.005 25.108 28.427 28.659 27.667 27.862 27.553 27.170 28.244 28.903 28.497 0.000 0.000 0.000 
0.000 0.000 0.000 0.000 0.000 0.000 0.002 28.727 26.269 29.314 28.017 27.081 29.061 29.121 26.951 27.590 28.346 28.599 27.912 28.257 28.194 27.176 28.028 28.873 27.590 27.807 0.000 0.000 0.000 0.000 
0.000 0.000 0.000 0.000 0.000 0.000 0.000 23.929 28.488 28.346 29.612 29.499 27.656 29.090 28.354 28.504 27.916 28.112 28.447 27.172 29.004 29.315 26.792 27.947 27.460 23.491 -0.000 0.000 0.000 0.000 
0.000 0.000 0.000 0.000 -0.000 -0.000 -0.000 0.001 29.258 27.829 28.433 28.254 27.184 30.348 27.059 26.400 27.825 28.045 26.408 28.140 28.732 26.627 28.843 28.630 27.842 24.209 0.000 0.000 0.000 0.000 
0.000 0.000 0.000 0.000 0.000 0.000 0.000 0.000 17.347 28.360 26.795 26.823 28.012 27.099 28.042 28.204 26.238 27.229 26.982 26.911 25.579 27.755 27.749 28.092 27.146 0.000 0.000 0.000 0.000 0.000 
0.000 0.000 0.000 0.000 0.000 0.000 0.000 3.250 0.008 26.810 27.588 30.337 26.192 27.435 29.101 28.048 27.781 26.455 27.728 29.470 27.574 26.279 26.785 27.084 24.940 -0.000 0.000 0.000 0.000 0.000 
0.000 0.000 0.000 0.000 0.000 0.000 0.000 0.000 6.600 4.618 29.075 29.440 28.288 27.037 27.210 28.029 25.630 27.224 28.990 28.136 26.751 28.022 29.281 24.172 0.000 -0.000 0.000 0.000 0.000 0.000 
0.000 0.000 0.000 0.000 0.000 0.000 0.000 0.000 0.000 8.170 3.670 27.633 26.735 26.585 28.698 26.364 29.113 28.019 28.137 25.750 28.748 22.982 0.000 0.000 -0.000 0.000 0.000 0.000 0.000 0.000 
0.000 0.000 0.000 0.000 0.000 0.000 0.000 0.000 0.000 0.000 0.000 6.070 8.710 0.002 27.328 23.053 23.912 25.197 24.596 25.720 0.000 0.000 0.000 0.000 0.000 0.000 0.000 0.000 0.000 0.000 
0.000 0.000 0.000 0.000 0.000 0.000 0.000 0.000 0.000 0.000 0.000 0.000 6.090 7.300 0.013 0.000 0.000 0.000 0.000 0.000 0.000 0.000 0.000 0.000 -0.000 0.000 0.000 0.000 0.000 0.000 
0.000 0.000 0.000 0.000 0.000 0.000 0.000 0.000 0.000 0.000 0.000 0.000 0.000 0.000 0.000 0.000 0.000 0.000 0.000 0.000 0.000 0.000 -0.000 0.000 0.000 0.000 0.000 0.000 0.000 0.000 
0.000 0.000 0.000 0.000 0.000 0.000 0.000 0.000 0.000 0.000 0.000 0.000 0.000 0.000 0.000 0.000 -0.000 0.000 0.000 0.000 0.000 0.000 0.000 0.000 0.000 0.000 0.000 0.000 0.000 0.000 
0.000 0.000 0.000 0.000 0.000 0.000 0.000 0.000 0.000 0.000 0.000 0.000 0.000 0.000 0.000 0.000 0.000 0.000 0.000 0.000 0.000 0.000 0.000 0.000 0.000 0.000 0.000 0.000 0.000 0.000 
0.000 0.000 0.000 0.000 0.000 0.000 0.000 0.000 0.000 0.000 0.000 0.000 0.000 0.000 0.000 0.000 0.000 0.000 0.000 0.000 0.000 0.000 0.000 0.000 0.000 0.000 0.000 0.000 0.000 0.000 
