# Vol_scan Display Grid (processed)
# Grid size: 31 x 22
# Format: reflectivity
# Ref point: (-65000.000000, 170000.000000)
# Grid res: 1000.000000 meters
0.000 0.000 0.000 0.000 0.000 0.000 0.000 0.000 0.000 0.000 0.000 0.000 0.000 0.000 0.000 0.000 0.000 0.000 0.000 0.000 0.000 0.000 
0.000 0.000 -0.000 0.000 -0.000 0.000 -0.000 0.000 0.000 0.000 0.000 0.000 0.000 0.000 0.000 0.000 0.000 0.000 0.000 0.000 0.000 0.000 
0.000 0.000 0.000 -0.000 -0.000 0.000 0.000 0.000 0.000 0.000 0.000 0.000 0.000 0.000 0.000 0.000 0.000 0.000 0.000 0.000 0.000 0.000 
0.000 -0.000 0.000 -0.000 0.000 -0.000 0.000 0.000 0.000 0.000 -0.000 0.000 0.000 0.000 0.000 0.000 0.000 0.000 0.000 0.000 0.000 0.000 
-0.000 0.000 0.000 0.000 0.000 0.000 0.000 12.031 5.692 10.864 14.505 7.324 -0.000 0.000 0.000 0.000 0.000 0.000 0.000 0.000 0.000 0.000 
-0.000 -0.000 0.000 0.000 0.000 6.917 22.104 24.438 25.394 28.819 27.066 29.137 24.130 27.050 0.000 0.000 0.000 0.000 0.000 0.000 0.000 0.000 
-0.000 0.000 0.000 0.000 9.790 25.218 27.846 27.612 27.273 27.894 27.740 27.583 27.174 27.542 27.639 29.299 0.000 0.000 0.000 0.000 0.000 0.000 
0.006 0.000 0.689 20.735 23.966 29.799 28.128 27.298 27.735 26.640 28.214 27.590 28.199 26.499 28.602 26.504 27.617 25.760 0.000 0.000 0.000 0.000 
0.012 0.000 10.122 27.841 26.185 27.862 27.974 26.904 27.122 28.644 28.245 29.030 27.111 27.113 27.682 28.186 27.763 28.851 0.000 0.000 0.000 0.000 
0.026 5.580 25.696 28.583 28.223 27.668 29.265 27.071 26.977 27.334 29.497 28.454 27.249 26.290 28.842 27.453 25.958 27.970 26.596 0.000 0.000 0.000 
0.085 26.599 28.273 26.856 26.035 28.527 28.958 28.824 28.343 29.932 29.197 27.555 26.334 27.624 29.129 27.034 28.259 28.533 27.577 0.000 0.000 0.000 
2.443 27.106 27.098 28.262 27.706 27.981 28.220 28.689 27.174 27.860 27.644 27.110 28.016 29.009 29.271 27.192 27.784 28.307 27.250 27.300 0.000 0.000 
18.731 27.144 26.461 27.513 28.508 28.009 26.461 28.014 30.864 28.070 28.859 29.964 28.079 28.421 30.117 26.878 28.282 27.676 27.009 27.873 0.000 0.000 
27.292 28.355 29.208 25.738 26.905 29.856 27.566 27.301 27.378 27.147 27.595 28.457 28.570 25.733 29.441 27.413 28.431 28.435 28.689 28.705 0.000 0.000 
24.378 29.974 28.509 26.215 27.864 27.169 26.979 27.618 28.148 28.070 29.424 28.031 27.770 26.932 27.499 28.585 30.098 27.164 28.123 27.125 0.000 0.000 
27.887 27.117 28.036 28.202 28.370 28.829 27.871 27.632 26.597 26.679 28.367 27.056 26.321 27.662 27.497 27.298 29.774 28.214 26.878 27.053 0.000 0.000 
15.665 26.465 26.739 28.152 26.754 28.939 26.957 27.303 23.620 24.554 24.758 23.738 26.360 26.961 28.276 27.959 28.713 26.126 27.049 27.654 0.000 0.000 
11.847 28.002 27.697 27.496 27.375 28.133 26.160 26.124 25.651 25.288 26.048 26.082 25.498 25.066 25.240 27.682 28.805 27.178 28.416 27.582 0.000 0.000 
13.770 26.790 27.064 30.042 29.100 28.382 27.470 26.166 25.555 24.222 25.453 26.155 26.619 25.339 25.185 27.670 28.820 27.030 27.861 26.865 0.000 0.000 
0.075 25.695 27.237 28.564 27.116 28.333 25.594 26.162 25.435 26.277 26.598 25.082 25.252 27.003 25.276 26.543 26.959 28.833 28.372 26.055 0.000 0.000 
0.006 2.073 28.450 27.088 28.042 24.911 26.818 25.854 27.844 25.317 25.897 25.713 26.423 25.231 26.810 27.133 28.466 29.777 27.219 0.000 -0.000 0.000 
0.001 0.000 16.617 27.110 29.199 28.893 25.764 26.091 26.414 26.307 24.929 25.209 24.665 26.411 26.241 28.061 27.154 28.259 18.729 0.000 0.000 0.000 
0.000 0.000 0.000 24.023 26.789 27.251 26.679 26.335 26.293 26.099 25.865 27.540 24.816 26.619 25.585 27.796 27.032 31.184 0.000 0.000 0.000 0.000 
0.000 0.000 0.000 0.001 0.004 30.080 25.964 26.157 27.369 25.759 25.072 25.952 25.302 25.839 25.837 31.751 0.000 0.000 0.000 0.000 0.000 0.000 
-0.000 0.000 0.000 0.000 0.000 0.021 24.352 23.328 24.580 26.535 25.561 25.321 26.703 26.192 0.000 0.000 0.000 0.000 0.000 0.000 0.000 0.000 
-0.000 -0.000 0.000 -0.000 0.000 0.000 0.000 0.001 0.030 13.425 14.051 23.075 0.000 0.000 0.000 0.000 0.000 0.000 0.000 0.000 0.000 0.000 
-0.000 0.000 0.000 0.000 0.000 -0.000 -0.000 0.000 -0.000 0.000 0.000 0.000 0.000 0.000 0.000 0.000 0.000 0.000 0.000 0.000 0.000 0.000 
0.000 -0.000 0.000 -0.000 0.000 0.000 -0.000 0.000 0.000 0.000 0.000 0.000 0.000 0.000 0.000 0.000 0.000 0.000 0.000 0.000 0.000 0.000 
0.000 0.000 0.000 0.000 -0.000 -0.000 0.000 0.000 0.000 0.000 0.000 0.000 0.000 0.000 0.000 0.000 0.000 0.000 0.000 0.000 0.000 0.000 
0.000 0.000 0.000 0.000 0.000 0.000 0.000 0.000 0.000 0.000 0.000 0.000 0.000 0.000 0.000 0.000 0.000 0.000 0.000 0.000 0.000 0.000 
0.000 0.000 0.000 0.000 0.000 0.000 0.000 0.000 0.000 0.000 0.000 0.000 0.000 0.000 0.000 0.000 0.000 0.000 0.000 0.000 0.000 0.000 
