# Vol_scan Display Grid (processed)
# Grid size: 28 x 26
# Format: reflectivity
# Ref point: (-76000.000000, 168000.000000)
# Grid res: 1000.000000 meters
0.000 0.000 0.000 0.000 0.000 0.000 0.000 0.000 0.000 0.000 0.000 0.000 -0.000 -0.000 0.000 0.000 0.000 0.000 0.000 0.000 0.000 0.000 0.000 0.000 0.000 0.000 
0.000 0.000 0.000 0.000 0.000 0.000 0.000 0.000 0.000 -0.000 0.000 0.000 0.000 0.000 0.000 0.000 0.000 0.000 0.000 0.000 0.000 0.000 0.000 0.000 0.000 0.000 
0.000 0.000 0.000 0.000 0.000 0.000 0.000 0.000 -0.000 -0.000 0.000 0.000 -0.000 0.000 0.000 0.000 0.000 0.000 0.000 0.000 0.000 0.000 0.000 0.000 0.000 0.000 
0.000 0.000 0.000 0.000 0.000 0.000 0.000 -0.000 -0.000 0.000 0.000 0.000 0.000 -0.000 -0.000 -0.000 0.000 0.000 0.000 0.000 0.000 0.000 0.000 0.000 0.000 0.000 
0.000 0.000 0.000 0.000 0.000 0.000 0.000 0.000 0.000 0.000 0.000 0.000 0.000 -0.000 0.000 0.000 0.000 0.000 0.000 0.000 0.000 0.000 0.000 0.000 0.000 0.000 
0.000 0.000 0.000 0.000 0.000 0.062 0.002 0.000 0.000 0.000 0.241 0.000 0.285 0.586 0.000 -0.000 -0.000 0.000 0.000 0.000 0.000 0.000 0.000 0.000 0.000 0.000 
0.000 0.000 0.000 0.000 0.173 0.054 0.002 0.045 5.949 11.409 22.287 25.387 23.011 25.335 18.498 17.409 0.000 0.000 0.000 0.000 0.000 0.000 0.000 0.000 0.000 0.000 
0.000 0.000 7.870 6.240 8.252 0.002 0.039 18.360 26.070 27.860 27.753 27.670 29.071 28.224 28.434 26.798 25.625 21.620 -0.000 0.000 0.000 0.000 0.000 0.000 0.000 0.000 
0.000 0.000 4.930 4.390 6.094 3.644 22.309 28.582 28.195 27.330 27.002 27.706 28.097 28.850 27.638 28.705 27.670 26.646 21.954 0.000 0.000 0.000 0.000 0.000 0.000 0.000 
0.000 7.190 3.727 6.447 9.963 25.520 26.734 28.481 27.058 28.779 26.698 28.465 26.709 26.955 26.898 27.232 27.451 27.243 27.975 24.038 0.000 0.000 0.000 0.000 0.000 0.000 
5.780 9.360 5.860 12.531 26.974 27.697 27.514 27.810 29.588 27.621 28.132 28.428 27.304 28.053 27.089 26.848 28.570 27.534 28.322 28.086 26.999 0.000 0.000 0.000 0.000 0.000 
7.040 7.402 3.136 31.309 28.370 28.054 26.759 27.176 27.208 27.816 27.073 28.162 26.052 27.679 27.438 29.866 26.889 27.519 27.920 28.667 28.876 0.000 0.000 0.000 0.000 0.000 
6.120 7.020 11.504 27.958 27.453 28.028 26.295 26.185 28.436 26.869 26.504 29.079 27.311 27.825 28.199 28.367 27.134 28.480 29.216 28.088 26.679 27.041 0.000 0.000 0.000 0.000 
0.050 6.019 9.841 28.601 27.689 28.445 28.290 28.658 26.567 28.805 27.112 26.931 28.406 29.000 27.964 28.444 30.673 27.492 27.766 27.796 27.979 28.729 0.000 0.000 0.000 0.000 
6.492 0.143 19.102 26.854 27.108 27.495 27.658 30.192 27.289 28.180 28.490 27.571 28.189 28.965 28.691 26.653 27.953 26.652 28.287 28.354 28.363 28.589 0.000 0.000 0.000 0.000 
6.631 0.012 28.936 31.139 27.696 28.246 27.132 28.671 29.507 27.191 27.026 28.848 27.998 27.696 27.904 26.266 26.108 26.068 27.167 29.225 26.358 28.442 -0.000 0.000 -0.000 0.000 
0.067 0.002 28.557 28.291 28.233 28.285 27.644 28.190 27.568 25.795 27.862 26.344 26.208 27.331 29.094 28.938 28.313 27.777 29.214 28.955 28.269 27.550 0.000 0.000 -0.000 0.000 
0.001 0.003 24.657 28.176 26.606 28.361 28.156 27.151 28.568 28.754 27.280 26.878 26.520 25.958 27.183 26.787 26.896 27.981 27.418 28.353 28.845 28.920 0.000 0.000 0.000 0.000 
0.000 0.000 11.763 27.861 28.299 27.305 27.191 26.838 27.435 27.170 24.462 27.443 27.687 27.687 26.628 26.439 28.626 28.931 30.010 27.040 27.812 27.872 -0.000 0.000 0.000 0.000 
0.000 0.000 10.156 28.917 28.829 28.869 28.834 29.058 26.580 27.574 26.447 26.988 26.353 28.021 27.221 26.348 27.755 27.779 28.064 26.623 27.448 28.546 0.000 0.000 0.000 0.000 
0.000 0.000 0.001 27.824 28.308 29.667 27.913 26.120 28.444 27.288 27.752 27.999 27.479 27.573 26.759 25.611 27.452 27.498 27.987 28.120 29.043 24.815 0.000 0.000 0.000 0.000 
-0.000 0.000 0.000 7.238 28.625 28.978 26.742 27.679 25.655 26.937 26.669 29.663 27.341 27.332 27.137 27.352 26.598 28.035 28.240 27.810 28.216 0.000 0.000 0.000 0.000 0.000 
-0.000 -0.000 0.000 0.000 27.580 27.176 27.783 27.574 26.304 27.906 27.075 26.925 26.482 28.087 27.217 27.409 28.027 28.265 27.519 28.068 24.035 0.000 0.000 0.000 0.000 0.000 
0.000 0.000 -0.000 0.000 0.004 26.363 29.287 27.189 27.571 26.363 26.647 27.154 25.501 24.877 28.348 26.217 27.192 28.434 25.114 23.276 0.000 0.000 0.000 0.000 0.000 0.000 
0.000 -0.000 0.000 -0.000 0.000 0.005 25.229 26.941 26.702 25.973 26.634 26.275 27.308 25.588 26.047 27.459 27.281 28.163 25.545 -0.000 0.000 0.000 0.000 0.000 0.000 0.000 
-0.000 0.000 0.000 -0.000 0.000 0.000 0.000 20.895 26.912 27.376 25.702 27.103 27.394 27.332 26.574 26.123 22.971 15.287 -0.000 0.000 0.000 0.000 0.000 0.000 0.000 0.000 
0.000 0.000 0.000 0.000 -0.000 -0.000 -0.000 0.000 0.000 28.066 25.340 27.370 27.133 26.398 25.704 20.608 -0.000 0.000 0.000 -0.000 0.000 0.000 0.000 0.000 0.000 0.000 
0.000 0.000 0.000 0.000 0.000 0.000 0.000 0.000 0.000 0.000 0.000 0.000 0.000 0.000 0.000 0.000 0.000 0.000 0.000 0.000 0.000 0.000 0.000 0.000 0.000 0.000 
