# Vol_scan Display Grid (processed)
# Grid size: 29 x 28
# Format: reflectivity
# Ref point: (-82000.000000, 166000.000000)
# Grid res: 1000.000000 meters
0.000 0.000 0.000 0.000 0.000 0.000 0.000 0.000 0.000 0.000 0.000 0.000 0.000 0.000 0.000 0.000 0.000 0.000 0.000 0.000 0.000 0.000 0.000 0.000 0.000 0.000 0.000 0.000 
0.000 0.000 0.000 0.000 0.000 0.000 0.000 0.000 0.000 0.000 0.000 0.000 -0.000 0.000 -0.000 -0.000 0.000 0.000 0.000 0.000 0.000 0.000 0.000 0.000 0.000 0.000 0.000 0.000 
0.000 0.000 0.000 0.000 0.000 0.000 0.000 0.000 0.000 0.000 0.000 0.000 0.000 0.000 0.000 0.000 0.000 0.000 0.000 0.000 0.000 0.000 0.000 0.000 0.000 0.000 0.000 0.000 
0.000 0.000 0.000 0.000 0.000 0.000 0.000 0.000 0.000 0.000 0.000 0.000 0.000 0.000 -0.000 -0.000 0.000 0.000 -0.000 0.000 0.000 0.000 0.000 0.000 0.000 0.000 0.000 0.000 
0.000 0.000 0.000 0.000 0.000 0.000 0.000 0.000 0.000 0.000 0.000 0.000 0.000 0.000 0.000 0.000 0.000 0.000 -0.000 -0.000 0.000 0.000 0.000 0.000 0.000 0.000 0.000 0.000 
0.000 0.000 0.000 0.000 0.000 0.000 0.000 0.000 0.000 0.017 0.000 0.003 0.003 0.002 0.003 0.031 0.000 0.000 0.000 0.000 0.000 0.000 0.000 0.000 0.000 0.000 0.000 0.000 
0.000 0.000 0.000 0.000 0.000 0.000 0.000 4.540 0.004 0.014 8.587 20.434 23.499 25.254 24.288 22.770 21.717 22.386 0.182 0.000 0.000 0.000 0.000 0.000 0.000 0.000 0.000 0.000 
0.000 0.000 0.000 0.000 0.000 0.000 4.110 4.886 20.047 22.044 22.752 28.690 28.386 29.017 28.371 29.149 28.818 28.931 23.045 6.742 0.000 0.000 0.000 0.000 0.000 0.000 0.000 0.000 
0.000 0.000 0.000 0.000 0.000 6.740 5.271 16.759 24.318 27.333 28.036 27.743 27.478 27.930 25.681 28.100 27.681 27.235 29.070 28.730 22.257 0.000 0.000 0.000 0.000 0.000 0.000 0.000 
0.000 0.000 0.000 0.000 5.160 3.650 23.973 26.619 26.708 27.565 28.687 27.453 29.654 28.911 29.500 30.215 28.811 26.460 28.325 26.813 26.720 24.195 0.000 0.000 0.000 0.000 0.000 0.000 
0.000 0.000 0.000 0.000 6.050 0.139 30.269 28.170 28.154 29.283 28.374 29.359 27.259 28.381 28.031 27.540 27.447 26.952 27.865 26.172 27.338 26.988 25.595 0.000 0.000 0.000 0.000 0.000 
0.000 0.000 0.000 5.280 0.074 19.687 27.428 29.213 31.588 29.090 30.133 28.945 28.548 28.465 26.769 28.016 26.543 29.109 28.669 27.588 28.303 27.059 28.422 -0.000 0.000 0.000 0.000 0.000 
0.000 0.000 0.000 0.012 0.030 27.068 27.364 28.419 25.927 27.355 27.708 27.747 28.292 28.031 28.272 25.407 26.751 28.044 28.011 28.003 28.552 29.587 27.228 20.279 0.000 0.000 0.000 0.000 
0.000 0.000 0.000 0.014 10.238 28.299 29.387 30.877 28.790 27.750 29.159 27.663 27.783 28.091 27.288 28.473 27.132 27.575 29.624 28.425 27.750 26.841 28.369 28.050 0.000 0.000 0.000 0.000 
0.000 0.000 0.014 0.001 20.978 29.648 29.677 28.636 28.831 27.887 27.235 26.891 28.761 27.769 28.550 28.179 27.496 27.681 27.073 27.341 30.223 28.763 30.600 28.807 0.000 0.000 0.000 0.000 
-0.000 0.000 0.001 0.001 28.336 28.260 28.623 28.737 27.295 29.244 28.983 27.607 28.824 29.614 27.440 28.988 26.852 29.061 28.643 27.776 27.705 28.383 29.146 27.856 0.000 -0.000 0.000 0.000 
0.000 0.000 0.000 0.001 28.445 28.373 27.457 28.350 28.043 27.601 28.259 28.298 28.231 27.896 28.844 28.745 28.361 28.124 28.522 26.653 29.123 26.975 28.215 27.101 0.000 0.000 0.000 0.000 
0.000 0.000 0.000 0.001 29.910 29.238 26.365 28.239 29.265 26.471 27.017 28.119 26.900 28.586 27.579 26.854 26.970 27.442 29.780 28.060 28.897 27.419 29.029 29.067 0.000 0.000 0.000 0.000 
-0.000 0.000 0.000 0.000 29.437 27.892 26.654 28.533 26.912 27.754 28.820 27.826 25.865 27.973 26.716 27.942 27.927 27.979 28.934 29.185 27.427 27.253 27.322 27.956 -0.000 0.000 0.000 0.000 
0.000 -0.000 0.000 0.000 4.488 27.528 27.568 27.714 27.517 27.080 28.339 26.615 27.986 28.614 27.155 28.507 28.792 27.776 28.054 27.225 27.137 27.353 28.729 27.244 0.000 -0.000 0.000 0.000 
0.000 0.000 0.000 0.000 0.001 26.732 27.967 29.012 28.998 27.814 27.161 30.517 26.751 30.302 27.308 28.454 25.635 26.777 27.992 26.502 27.980 27.375 27.487 23.482 0.000 0.000 0.000 0.000 
0.000 0.000 -0.000 -0.000 0.000 6.534 27.861 26.333 27.508 27.160 27.997 27.047 29.209 30.402 29.066 28.994 27.624 27.592 28.479 28.280 28.192 29.248 26.586 0.000 0.000 0.000 0.000 0.000 
-0.000 -0.000 0.000 -0.000 0.000 0.001 23.933 28.561 28.356 28.589 27.688 28.624 30.380 27.974 27.008 27.382 27.272 28.128 26.810 26.299 28.682 28.122 26.314 0.000 0.000 0.000 0.000 0.000 
-0.000 0.000 0.000 0.000 -0.000 0.000 0.000 26.444 26.599 27.950 28.314 28.432 28.122 27.135 27.162 27.591 27.465 26.386 29.376 28.693 27.758 28.163 0.000 0.000 0.000 0.000 0.000 0.000 
0.000 0.000 0.000 0.000 0.000 0.000 -0.000 -0.000 25.676 27.952 26.977 26.057 27.708 27.837 28.216 29.468 28.264 28.689 27.797 27.949 23.757 0.000 0.000 0.000 0.000 0.000 0.000 0.000 
0.000 0.000 0.000 0.000 0.000 0.000 -0.000 -0.000 0.000 26.419 26.389 27.708 27.204 28.722 27.961 28.756 29.095 24.948 23.219 18.553 0.000 0.000 0.000 0.000 0.000 0.000 0.000 0.000 
0.000 0.000 0.000 0.000 0.000 0.000 0.000 0.000 0.000 0.000 -0.000 19.702 24.891 28.545 24.345 24.340 20.264 0.000 0.000 0.000 0.000 0.000 0.000 0.000 0.000 0.000 0.000 0.000 
0.000 0.000 0.000 0.000 0.000 0.000 0.000 0.000 0.000 0.000 0.000 0.000 0.000 0.000 0.000 0.000 0.000 -0.000 0.000 -0.000 0.000 0.000 0.000 0.000 0.000 0.000 0.000 0.000 
0.000 0.000 0.000 0.000 0.000 0.000 0.000 0.000 0.000 0.000 0.000 0.000 0.000 0.000 0.000 0.000 0.000 0.000 0.000 0.000 0.000 0.000 0.000 0.000 0.000 0.000 0.000 0.000 
