# Vol_scan Display Grid (processed)
# Grid size: 28 x 26
# Format: reflectivity
# Ref point: (-75000.000000, 168000.000000)
# Grid res: 1000.000000 meters
0.000 0.000 0.000 0.000 0.000 0.000 0.000 0.000 0.000 0.000 0.000 0.000 0.000 0.000 0.000 0.000 0.000 0.000 0.000 0.000 0.000 0.000 0.000 0.000 0.000 0.000 
0.000 0.000 0.000 0.000 0.000 0.000 0.000 0.000 -0.000 -0.000 0.000 0.000 -0.000 -0.000 0.000 0.000 0.000 0.000 0.000 0.000 0.000 0.000 0.000 0.000 0.000 0.000 
0.000 0.000 0.000 0.000 0.000 0.000 0.000 -0.000 -0.000 0.000 0.000 0.000 0.000 0.000 -0.000 0.000 0.000 0.000 0.000 0.000 0.000 0.000 0.000 0.000 0.000 0.000 
0.000 0.000 0.000 0.000 0.000 0.000 0.000 0.000 0.000 0.000 0.000 0.000 0.000 -0.000 0.000 0.000 0.000 0.000 0.000 0.000 0.000 0.000 0.000 0.000 0.000 0.000 
0.000 0.000 0.000 0.000 0.000 0.000 0.000 0.000 0.000 0.000 0.000 0.000 -0.000 0.000 0.000 -0.000 0.000 0.000 0.000 0.000 0.000 0.000 0.000 0.000 0.000 0.000 
0.000 0.000 0.000 0.000 0.000 0.000 0.002 0.000 0.000 0.000 0.000 0.000 0.000 0.000 0.000 0.000 0.000 0.000 0.000 0.000 0.000 0.000 0.000 0.000 0.000 0.000 
0.000 0.000 0.000 0.000 0.102 0.005 0.000 0.000 0.140 3.867 25.496 18.310 25.978 18.880 23.420 11.156 2.492 0.000 0.000 0.000 0.000 0.000 0.000 0.000 0.000 0.000 
0.000 0.000 0.000 5.640 0.058 0.003 0.096 6.890 23.795 25.744 27.662 29.233 28.829 27.196 28.774 26.976 23.249 10.074 0.000 0.000 0.000 0.000 0.000 0.000 0.000 0.000 
0.000 0.000 7.890 0.064 0.017 0.106 22.336 28.230 26.691 28.399 29.264 27.893 27.206 28.345 28.172 27.462 28.035 28.766 21.416 0.000 0.000 0.000 0.000 0.000 0.000 0.000 
0.000 4.970 0.097 3.190 9.593 25.056 28.366 27.903 26.440 26.449 26.609 27.180 27.452 28.659 27.040 29.261 27.915 27.665 28.457 23.327 0.000 0.000 0.000 0.000 0.000 0.000 
0.000 5.230 5.627 14.536 22.149 27.927 27.090 29.084 27.103 27.283 27.691 26.887 28.824 29.331 27.861 26.968 26.861 28.089 28.397 27.496 20.552 0.000 0.000 0.000 0.000 0.000 
0.000 5.730 6.841 24.868 27.503 28.231 28.886 26.874 26.425 28.438 27.530 27.697 29.289 27.519 26.724 28.243 28.210 27.364 28.118 27.341 27.018 0.000 0.000 0.000 0.000 0.000 
0.000 5.922 13.757 28.436 27.998 28.738 25.886 26.351 27.874 26.564 27.466 27.465 29.418 27.890 29.277 28.596 28.743 26.438 28.667 29.088 28.383 23.230 0.000 0.000 0.000 0.000 
0.000 4.034 26.668 26.978 29.032 27.098 27.379 28.830 28.174 29.417 26.665 27.049 26.716 28.662 28.712 27.347 27.608 28.653 28.548 28.528 27.832 27.840 0.000 0.000 0.000 0.000 
0.000 0.282 27.293 27.709 27.411 28.567 27.562 28.254 30.341 27.711 28.257 29.900 29.375 26.639 29.208 28.163 28.239 28.050 27.648 28.170 26.839 27.408 -0.000 -0.000 0.000 0.000 
0.000 0.125 25.092 28.355 27.585 27.209 27.590 28.907 27.377 28.727 27.580 28.675 27.490 28.597 31.238 28.134 27.304 27.355 26.416 26.789 27.636 27.733 0.000 -0.000 0.000 0.000 
0.000 0.008 30.112 30.326 29.527 28.675 29.151 28.066 27.981 28.038 28.692 29.114 28.747 26.475 29.648 27.581 28.551 28.289 26.501 28.782 28.162 27.470 -0.000 0.000 -0.000 0.000 
0.000 0.002 26.151 27.747 27.884 28.613 26.611 27.332 27.681 28.149 26.664 26.649 27.488 27.149 28.824 28.318 28.300 28.570 28.609 27.399 27.598 27.050 0.000 -0.000 0.000 0.000 
0.000 0.000 24.359 28.114 25.649 26.972 26.571 27.296 28.135 25.819 27.451 26.057 27.213 28.302 25.747 26.492 29.277 28.528 30.617 28.471 27.354 27.653 0.000 0.000 0.000 0.000 
0.000 0.000 10.506 27.635 30.514 28.261 27.889 28.184 26.951 26.168 25.348 27.234 26.905 26.018 25.616 26.839 27.587 28.994 28.575 28.472 26.702 27.172 0.000 0.000 0.000 0.000 
0.000 0.000 0.001 28.853 28.242 28.187 29.729 27.443 27.858 25.588 27.402 27.470 27.014 28.195 26.880 24.531 27.029 25.591 27.770 27.465 28.044 26.128 0.000 0.000 0.000 0.000 
-0.000 0.000 0.000 18.937 27.083 27.743 29.116 26.031 27.220 26.272 24.515 25.957 26.645 26.209 26.550 25.823 26.237 29.197 28.352 27.631 26.082 0.000 0.000 0.000 0.000 0.000 
0.000 0.000 0.000 0.002 27.761 27.415 27.794 28.730 26.548 27.171 26.738 27.864 26.282 27.637 25.345 26.512 25.744 27.706 27.993 28.381 22.543 0.000 0.000 0.000 0.000 0.000 
0.000 -0.000 0.000 0.000 19.873 27.593 28.212 28.638 26.384 26.020 26.237 26.162 26.215 26.283 26.534 26.770 26.231 27.661 27.423 23.642 -0.000 0.000 0.000 0.000 0.000 0.000 
0.000 -0.000 0.000 -0.000 0.000 19.758 28.864 29.139 27.975 24.902 25.132 27.396 26.428 26.623 27.032 26.297 27.168 26.778 26.016 0.000 -0.000 0.000 0.000 0.000 0.000 0.000 
0.000 -0.000 0.000 -0.000 -0.000 0.000 0.092 24.593 28.437 27.746 26.719 26.149 27.453 24.573 26.819 27.915 26.202 24.740 -0.000 0.000 -0.000 0.000 0.000 0.000 0.000 0.000 
-0.000 0.000 0.000 -0.000 -0.000 0.000 -0.000 0.000 0.000 25.667 28.669 28.109 28.178 25.989 26.358 26.902 -0.000 -0.000 0.000 0.000 0.000 0.000 0.000 0.000 0.000 0.000 
0.000 0.000 -0.000 -0.000 0.000 0.000 0.000 0.000 0.000 0.000 0.000 0.000 0.000 0.000 0.000 0.000 0.000 0.000 0.000 0.000 0.000 0.000 0.000 0.000 0.000 0.000 
