# Vol_scan Display Grid (processed)
# Grid size: 30 x 29
# Format: reflectivity
# Ref point: (-44000.000000, 165000.000000)
# Grid res: 1000.000000 meters
0.000 0.000 0.000 0.000 0.000 0.000 0.000 0.000 0.000 0.000 0.000 0.000 0.000 0.000 0.000 0.000 0.000 0.000 0.000 0.000 0.000 0.000 0.000 0.000 0.000 0.000 0.000 0.000 0.000 
0.000 0.000 0.000 0.000 0.000 0.000 0.000 0.000 0.000 0.000 0.000 0.000 0.000 0.000 0.000 -0.000 -0.000 0.000 -0.000 0.000 0.000 0.000 0.000 0.000 0.000 0.000 0.000 0.000 0.000 
0.000 0.000 0.000 0.000 0.000 0.000 0.000 0.000 0.000 0.000 0.000 0.000 0.000 0.000 0.000 -0.000 0.000 -0.000 0.000 -0.000 0.000 0.000 0.000 0.000 0.000 0.000 0.000 0.000 0.000 
0.000 0.000 0.000 0.000 0.000 0.000 0.000 0.000 0.000 0.000 0.000 0.000 22.840 21.390 23.998 27.134 24.691 26.993 19.309 -0.000 0.000 0.000 0.000 0.000 0.000 0.000 0.000 0.000 0.000 
0.000 0.000 0.000 0.000 0.000 0.000 0.000 0.000 0.000 9.015 16.419 25.040 27.771 26.801 28.953 27.066 29.354 27.985 28.712 27.322 24.659 0.000 0.000 0.000 0.000 0.000 0.000 0.000 0.000 
0.000 0.000 0.000 0.000 0.000 0.000 0.000 0.000 9.570 21.830 27.094 26.770 27.875 27.496 27.640 27.297 27.382 27.153 27.634 27.727 29.173 26.791 0.000 0.000 0.000 0.000 0.000 0.000 0.000 
0.000 -0.000 0.000 -0.000 0.000 -0.000 0.000 5.651 24.648 27.838 28.763 27.380 27.504 29.521 26.723 29.086 27.709 28.647 29.179 28.557 25.838 26.513 27.401 0.000 0.000 0.000 0.000 0.000 0.000 
0.000 0.000 -0.000 0.000 0.000 0.000 0.047 23.721 26.032 29.050 27.831 26.955 27.204 26.337 28.538 29.014 30.621 29.025 29.282 28.258 27.480 26.492 27.313 23.682 0.000 0.000 0.000 0.000 0.000 
0.000 -0.000 -0.000 0.000 0.000 0.000 0.049 26.043 28.799 27.401 28.843 26.473 26.616 28.845 27.477 28.381 27.980 28.638 27.515 28.368 27.994 28.048 29.125 26.996 21.357 0.000 0.000 0.000 0.000 
0.000 -0.000 0.000 0.000 0.000 0.000 28.013 27.617 27.077 27.589 28.488 27.521 27.831 29.224 26.961 28.279 26.939 26.389 27.304 27.492 27.801 27.649 27.395 27.583 26.877 0.000 0.000 0.000 0.000 
0.000 -0.000 -0.000 0.000 0.000 8.838 28.408 28.629 27.675 29.123 28.047 27.849 27.685 27.993 28.966 28.539 28.698 26.308 27.925 27.701 28.374 26.948 26.181 27.839 28.132 0.000 -0.000 -0.000 0.000 
0.000 0.000 -0.000 0.000 0.000 9.572 27.220 28.213 26.993 29.149 26.997 28.119 27.019 28.260 27.128 27.417 27.551 27.697 27.698 25.978 27.969 27.330 28.113 29.192 28.140 20.099 -0.000 -0.000 0.000 
0.000 0.000 -0.000 -0.000 0.000 10.860 28.392 27.982 28.781 28.318 29.390 27.782 27.924 29.840 27.074 26.691 27.819 27.233 27.039 26.585 28.868 27.889 27.101 25.766 27.603 29.851 0.000 0.000 0.000 
0.000 0.000 0.000 0.000 0.000 13.559 27.913 28.586 31.046 28.407 28.903 26.423 29.826 26.662 46.351 46.115 44.788 46.306 28.053 29.320 28.961 28.215 24.950 27.558 26.649 25.353 0.000 0.000 0.000 
0.000 0.000 0.000 0.004 0.000 8.956 26.626 26.022 26.425 28.047 27.362 28.151 47.832 45.509 47.075 48.401 47.547 48.543 43.982 27.208 29.636 28.546 26.202 29.238 26.879 26.283 0.000 0.000 0.000 
0.000 0.000 0.000 0.000 0.000 0.120 26.495 27.337 26.976 28.144 28.886 44.480 47.308 47.194 47.593 50.055 48.467 47.081 47.136 47.067 27.284 28.125 27.204 27.811 27.682 18.584 0.000 0.000 0.000 
0.000 0.000 0.000 0.000 0.027 0.004 27.257 28.434 27.877 26.832 27.533 50.549 49.647 46.255 46.941 46.306 48.002 49.181 48.361 49.688 47.194 28.068 28.134 27.968 28.195 -0.000 0.000 0.000 0.000 
0.000 0.000 0.000 0.000 0.052 0.086 22.565 29.049 29.023 27.176 26.624 48.913 48.453 50.403 47.867 48.001 48.647 47.505 43.984 48.516 47.494 27.834 29.075 26.918 26.174 0.000 0.000 0.000 0.000 
0.000 0.000 0.000 0.000 0.000 0.085 0.477 27.865 27.317 28.715 28.197 49.181 49.293 47.241 46.115 52.465 46.678 47.518 47.510 47.734 48.291 27.957 27.523 27.082 0.000 0.000 0.000 0.000 0.000 
0.000 0.000 0.000 0.000 0.000 6.340 7.573 24.360 29.348 28.150 27.948 46.944 49.147 46.680 46.591 45.206 50.398 47.827 47.290 47.474 28.415 27.789 28.121 22.680 0.000 0.000 0.000 0.000 0.000 
0.000 0.000 0.000 0.000 0.000 5.460 5.060 5.219 26.270 27.920 25.208 46.502 46.543 48.448 48.275 47.984 48.889 47.479 48.345 49.094 28.276 26.796 23.210 0.000 0.000 0.000 0.000 0.000 0.000 
0.000 0.000 0.000 0.000 0.000 0.000 4.450 3.290 6.370 25.696 27.936 38.688 46.719 47.900 46.271 47.342 48.991 50.561 48.553 44.878 27.479 25.082 0.000 0.000 0.000 0.000 0.000 0.000 0.000 
0.000 0.000 0.000 0.000 0.000 0.000 0.000 7.610 5.570 4.926 0.228 25.167 46.507 46.759 47.873 47.827 47.393 47.518 46.346 23.985 23.851 0.000 0.000 0.000 0.000 0.000 0.000 0.000 0.000 
0.000 0.000 0.000 0.000 0.000 0.000 0.000 0.000 0.000 5.240 0.029 0.001 0.000 21.751 40.695 44.838 44.341 23.742 0.001 0.000 0.000 -0.000 -0.000 0.000 0.000 0.000 0.000 0.000 0.000 
0.000 0.000 0.000 0.000 0.000 0.000 0.000 0.000 0.000 0.000 0.000 0.058 0.003 0.000 0.000 0.000 0.000 0.000 0.000 0.000 0.000 0.000 0.000 0.000 0.000 0.000 0.000 0.000 0.000 
0.000 0.000 0.000 0.000 0.000 0.000 0.000 0.000 0.000 0.000 0.000 0.000 0.000 0.000 0.000 0.000 0.000 0.000 0.000 -0.000 -0.000 0.000 0.000 0.000 0.000 0.000 0.000 0.000 0.000 
0.000 0.000 0.000 0.000 0.000 0.000 0.000 0.000 0.000 0.000 0.000 0.000 0.000 0.000 0.000 0.000 0.000 -0.000 0.000 0.000 0.000 0.000 0.000 0.000 0.000 0.000 0.000 0.000 0.000 
0.000 0.000 0.000 0.000 0.000 0.000 0.000 0.000 0.000 0.000 0.000 0.000 0.000 0.000 0.000 0.000 0.000 -0.000 -0.000 0.000 0.000 0.000 0.000 0.000 0.000 0.000 0.000 0.000 0.000 
0.000 0.000 0.000 0.000 0.000 0.000 0.000 0.000 0.000 0.000 0.000 0.000 0.000 0.000 0.000 0.000 0.000 0.000 0.000 0.000 0.000 0.000 0.000 0.000 0.000 0.000 0.000 0.000 0.000 
0.000 0.000 0.000 0.000 0.000 0.000 0.000 0.000 0.000 0.000 0.000 0.000 0.000 0.000 0.000 0.000 0.000 0.000 0.000 0.000 0.000 0.000 0.000 0.000 0.000 0.000 0.000 0.000 0.000 
