# Vol_scan Display Grid (processed)
# Grid size: 40 x 25
# Format: reflectivity
# Ref point: (-39000.000000, 167000.000000)
# Grid res: 1000.000000 meters
0.000 0.000 0.000 0.000 0.000 0.000 0.000 0.000 0.000 0.000 0.000 0.000 0.000 0.000 0.000 0.000 0.000 0.000 -0.000 0.000 0.000 0.000 0.000 0.000 0.000 
0.000 0.000 0.000 0.000 0.000 0.000 0.000 0.000 0.000 0.000 0.000 0.000 -0.000 -0.000 0.000 0.000 0.000 0.000 -0.000 0.000 0.000 0.000 0.000 0.000 0.000 
0.000 0.000 0.000 0.000 0.000 0.000 0.000 0.000 0.000 0.000 0.000 0.000 -0.000 -0.000 0.000 -0.000 -0.000 0.000 0.000 0.000 0.000 0.000 0.000 0.000 0.000 
0.000 0.000 0.000 -0.000 -0.000 0.000 0.000 0.000 0.000 -0.000 0.000 0.000 0.000 0.000 0.000 -0.000 -0.000 0.000 0.000 0.000 0.000 0.000 0.000 0.000 0.000 
0.000 -0.000 -0.000 0.000 -0.000 0.000 0.000 0.000 0.000 0.000 -0.000 0.000 -0.000 0.000 0.000 0.000 0.000 -0.000 0.000 0.000 -0.000 0.000 0.000 0.000 0.000 
0.000 0.000 0.000 0.000 0.000 0.000 -0.000 0.000 0.000 0.000 0.000 0.000 0.000 0.000 -0.000 0.000 0.000 0.000 0.000 0.000 -0.000 0.000 0.000 0.000 0.000 
0.000 0.000 0.000 0.000 0.000 0.000 0.000 0.000 0.000 0.000 0.000 0.000 0.000 0.000 0.000 0.000 0.000 0.000 0.000 0.000 0.000 0.000 0.000 0.000 0.000 
0.000 0.000 0.000 0.000 0.000 -0.000 0.000 -0.000 0.000 0.000 0.000 0.000 0.000 -0.000 0.000 0.000 0.000 0.000 -0.000 0.000 -0.000 0.000 0.000 0.000 0.000 
0.000 0.000 0.000 0.000 0.000 -0.000 0.000 0.000 0.000 0.000 23.757 30.891 27.086 0.005 0.000 -0.000 0.000 -0.000 -0.000 0.000 -0.000 0.000 0.000 0.000 0.000 
0.000 0.000 0.000 0.000 0.000 -0.000 0.000 0.000 0.000 0.000 23.757 30.891 31.252 0.004 0.000 0.000 0.000 0.000 -0.000 0.000 0.000 0.000 0.000 0.000 0.000 
0.000 0.000 0.000 0.000 -0.000 0.000 -0.000 0.000 0.000 0.000 0.004 28.812 31.252 0.004 0.000 0.000 0.000 35.009 38.780 27.588 0.000 -0.000 0.000 0.000 0.000 
0.000 0.000 0.000 0.000 -0.000 0.000 -0.000 0.000 0.000 0.000 33.500 36.185 34.626 35.872 33.913 33.235 35.346 35.391 32.947 27.588 0.000 -0.000 0.000 0.000 0.000 
0.000 0.000 0.000 0.000 0.000 31.550 36.036 33.307 32.430 31.523 33.500 36.185 34.626 35.872 33.913 34.299 33.232 33.922 33.972 25.757 0.000 0.000 0.000 0.000 0.000 
0.000 0.000 0.000 0.000 0.000 26.691 35.270 33.094 33.137 34.273 34.900 34.378 32.845 35.696 33.727 34.299 33.232 33.922 34.750 35.364 34.240 35.461 0.000 0.000 0.000 
0.000 0.000 0.000 0.000 0.000 26.691 35.270 33.094 33.137 34.273 34.900 33.826 32.762 34.794 35.433 32.532 34.414 32.714 34.165 34.671 36.461 32.887 0.003 0.000 0.000 
0.000 0.000 0.000 0.000 32.657 34.467 33.385 32.582 33.759 34.119 34.580 33.826 32.762 34.794 35.433 32.532 34.414 32.714 34.165 34.671 36.461 32.887 0.003 0.000 0.000 
0.000 0.000 0.000 0.000 32.657 34.467 33.385 32.582 33.759 34.048 32.091 33.342 34.603 32.349 33.882 33.334 32.307 32.799 33.897 34.089 32.627 33.855 38.596 0.000 0.000 
0.000 0.000 0.000 0.000 33.308 36.885 33.285 33.628 33.224 34.048 32.091 33.342 34.603 32.847 35.018 33.975 33.223 32.818 34.913 34.425 35.067 33.855 38.596 0.000 0.000 
0.000 0.000 0.000 0.000 33.308 33.946 30.289 34.163 32.285 33.191 35.555 32.262 33.961 33.494 34.935 34.616 31.683 34.430 33.420 34.210 37.130 36.437 33.950 5.790 0.000 
0.000 0.000 0.000 29.091 33.936 33.273 34.709 34.564 33.482 33.191 35.555 32.262 33.961 33.494 34.935 34.616 31.683 34.430 33.420 34.210 37.130 36.437 33.950 5.790 0.000 
0.000 0.000 0.000 29.091 33.936 33.273 34.709 34.564 33.482 33.191 35.555 32.262 33.961 33.494 38.050 35.656 34.332 33.585 33.254 34.990 33.806 35.524 37.840 1.537 0.000 
0.000 0.000 0.000 0.000 35.069 34.073 31.793 33.286 34.788 36.564 34.140 36.083 35.164 36.555 38.050 35.656 34.332 33.585 33.254 34.990 33.806 35.524 37.840 1.537 0.000 
0.000 0.000 0.000 0.000 31.102 34.073 31.793 33.286 34.788 36.564 34.140 36.083 35.164 36.555 38.050 35.656 34.332 33.585 33.254 34.990 33.806 35.524 37.840 1.537 0.000 
0.000 0.000 0.000 0.000 33.153 34.537 34.566 34.906 34.413 35.905 36.876 34.131 34.836 34.445 38.796 33.824 35.793 35.415 35.722 34.308 35.324 36.467 1.265 0.000 0.000 
0.000 0.000 0.000 0.000 33.153 31.561 34.449 34.582 34.942 33.778 37.747 34.243 36.692 36.622 34.941 34.577 35.793 35.415 35.722 34.308 35.324 36.467 1.265 0.000 0.000 
0.000 0.000 0.000 0.000 0.000 31.561 34.449 34.582 34.942 33.778 37.747 34.243 36.692 36.622 34.941 34.577 35.793 35.415 35.722 34.308 35.324 36.467 1.265 0.000 0.000 
0.000 0.000 0.000 0.000 0.000 27.180 34.654 35.331 34.352 36.042 36.067 35.988 34.558 35.388 34.717 38.745 37.103 36.134 34.067 29.027 -0.000 0.000 0.000 0.000 0.000 
0.000 0.000 0.000 0.000 0.000 0.000 -0.000 0.000 34.898 28.827 35.152 34.639 33.653 35.263 33.090 35.244 36.743 33.558 30.320 29.027 -0.000 0.000 0.000 0.000 0.000 
0.000 0.000 0.000 0.000 0.000 0.000 -0.000 0.000 34.898 28.827 35.152 34.639 33.653 35.263 33.090 35.244 36.743 33.558 30.320 29.027 -0.000 0.000 0.000 0.000 0.000 
0.000 0.000 0.000 0.000 0.000 0.000 -0.000 0.000 34.898 28.827 35.152 34.639 33.653 35.263 33.090 35.244 36.743 33.558 30.320 29.027 -0.000 0.000 0.000 0.000 0.000 
0.000 0.000 0.000 0.000 0.000 0.000 0.000 0.000 0.000 0.000 0.000 0.000 0.000 0.000 0.000 0.000 0.000 -0.000 0.000 0.000 0.000 0.000 0.000 -0.000 0.000 
0.000 0.000 0.000 0.000 0.000 0.000 0.000 0.000 0.000 0.000 0.000 0.000 0.000 0.000 0.000 0.000 0.000 -0.000 0.000 0.000 0.000 0.000 0.000 -0.000 0.000 
0.000 0.000 0.000 0.000 0.000 0.000 0.000 0.000 0.000 0.000 0.000 0.000 0.000 0.000 0.000 0.000 0.000 -0.000 0.000 0.000 0.000 0.000 0.000 -0.000 0.000 
0.000 0.000 0.000 0.000 0.000 0.000 0.000 0.000 0.000 0.000 0.000 0.000 0.000 0.000 0.000 0.000 0.000 -0.000 0.000 0.000 0.000 0.000 0.000 -0.000 0.000 
0.000 0.000 0.000 0.000 0.000 0.000 0.000 0.000 0.000 0.000 0.000 0.000 0.000 0.000 0.000 0.000 0.000 -0.000 0.000 0.000 0.000 0.000 0.000 -0.000 0.000 
0.000 0.000 0.000 0.000 0.000 0.000 0.000 0.000 0.000 0.000 0.000 0.000 0.000 0.000 0.000 0.000 0.000 -0.000 0.000 0.000 0.000 0.000 0.000 -0.000 0.000 
0.000 0.000 0.000 0.000 0.000 0.000 0.000 0.000 0.000 0.000 0.000 0.000 0.000 0.000 0.000 0.000 0.000 -0.000 0.000 0.000 0.000 0.000 0.000 -0.000 0.000 
0.000 0.000 0.000 0.000 0.000 0.000 0.000 0.000 0.000 0.000 0.000 0.000 0.000 0.000 0.000 0.000 0.000 -0.000 0.000 0.000 0.000 0.000 0.000 -0.000 0.000 
0.000 0.000 0.000 0.000 0.000 0.000 0.000 0.000 0.000 0.000 0.000 0.000 0.000 0.000 0.000 0.000 0.000 -0.000 0.000 0.000 0.000 0.000 0.000 -0.000 0.000 
0.000 0.000 0.000 0.000 0.000 0.000 0.000 0.000 0.000 0.000 0.000 0.000 0.000 0.000 0.000 0.000 0.000 -0.000 0.000 0.000 0.000 0.000 0.000 -0.000 0.000 
