# Vol_scan Display Grid (processed)
# Grid size: 30 x 30
# Format: reflectivity
# Ref point: (-94000.000000, 164000.000000)
# Grid res: 1000.000000 meters
0.000 0.000 0.000 0.000 0.000 0.000 0.000 0.000 0.000 0.000 0.000 0.000 0.000 0.000 0.000 0.000 0.000 0.000 0.000 0.000 0.000 0.000 0.000 0.000 0.000 0.000 0.000 0.000 0.000 0.000 
0.000 0.000 0.000 0.000 0.000 0.000 0.000 0.000 0.000 0.000 0.000 0.000 0.000 0.000 0.000 0.000 0.000 0.000 0.000 0.000 0.000 -0.000 0.000 0.000 0.000 0.000 0.000 0.000 0.000 0.000 
0.000 0.000 0.000 0.000 0.000 0.000 0.000 0.000 0.000 0.000 0.000 0.000 0.000 0.000 0.000 0.000 0.000 0.000 0.000 0.000 0.000 0.000 0.000 0.000 0.000 0.000 0.000 0.000 0.000 0.000 
0.000 0.000 0.000 0.000 0.000 0.000 0.000 0.000 0.000 0.000 0.000 0.000 0.000 0.000 -0.000 0.000 0.000 0.000 0.000 0.000 0.000 0.000 -0.000 -0.000 -0.000 0.000 0.000 0.000 0.000 0.000 
0.000 0.000 0.000 0.000 0.000 0.000 0.000 0.000 0.000 0.000 0.000 0.000 5.258 0.042 0.302 0.095 0.299 0.271 0.446 0.001 0.000 -0.000 0.000 0.000 0.000 0.000 0.000 0.000 0.000 0.000 
0.000 0.000 0.000 0.000 0.000 0.000 0.000 0.000 0.000 0.000 2.921 20.114 14.601 25.460 24.704 26.413 27.110 27.336 23.697 19.321 0.440 0.001 -0.000 -0.000 -0.000 0.000 0.000 0.000 0.000 0.000 
0.000 0.000 0.000 0.000 0.000 0.000 0.000 0.000 0.000 7.929 36.840 24.980 29.045 28.682 27.263 29.245 29.018 28.008 28.779 27.872 25.187 23.835 2.993 0.000 0.000 0.000 0.000 0.000 0.000 0.000 
0.000 0.000 0.000 0.000 0.000 0.000 0.000 0.000 0.038 21.875 27.372 31.471 28.629 29.741 29.643 28.235 27.882 27.262 27.174 26.334 25.854 27.555 25.325 0.001 0.000 0.000 0.000 0.000 0.000 0.000 
0.000 0.000 0.000 0.000 0.000 0.000 0.000 0.050 27.481 29.033 30.610 28.879 28.917 28.504 26.942 27.621 27.810 30.172 28.514 28.014 28.820 27.823 28.001 20.786 0.000 0.000 0.000 0.000 0.000 0.000 
0.000 0.000 0.000 0.000 0.000 0.000 0.008 0.285 27.162 29.174 27.313 26.677 27.111 27.324 26.920 27.054 26.898 28.274 26.960 26.861 26.841 27.692 28.201 26.304 0.926 -0.000 0.000 0.000 0.000 0.000 
0.000 0.000 0.000 0.000 0.000 0.000 0.001 26.426 29.237 26.395 28.008 29.215 27.167 30.097 26.305 26.996 27.989 26.584 26.689 26.739 29.579 27.600 29.361 28.043 29.593 0.000 -0.000 0.000 0.000 0.000 
0.000 0.000 0.000 0.000 0.000 -0.000 0.275 28.219 28.783 26.785 26.974 27.612 28.372 27.108 27.304 26.576 28.847 25.819 26.804 28.056 28.948 29.286 26.361 27.912 28.131 23.280 -0.000 0.000 0.000 0.000 
0.000 0.000 0.000 0.000 -0.000 0.000 10.010 27.880 29.212 28.350 26.515 27.897 26.987 27.239 27.927 26.083 26.934 26.534 27.030 28.371 27.056 26.849 27.679 27.663 28.754 25.272 0.000 0.000 0.000 0.000 
0.000 0.000 0.000 0.000 0.000 0.001 23.092 26.808 27.502 27.843 27.105 28.927 25.930 26.176 27.393 27.424 27.961 28.647 28.401 28.336 28.548 29.959 27.420 27.458 28.626 27.082 -0.000 0.000 0.000 0.000 
0.000 0.000 0.000 0.000 0.000 0.000 26.487 27.352 26.732 25.159 26.618 27.951 27.939 27.368 25.721 29.913 27.204 25.632 28.308 28.492 28.106 27.427 27.950 26.604 30.385 28.040 0.000 -0.000 0.000 0.000 
0.000 0.000 -0.000 0.000 0.000 0.001 28.582 27.715 29.870 27.226 28.064 27.051 29.026 29.117 29.149 29.110 26.942 27.268 27.896 28.985 26.465 28.070 27.100 28.597 29.238 27.090 0.000 -0.000 0.000 0.000 
0.000 -0.000 0.000 -0.000 0.000 0.000 27.821 27.665 28.983 27.121 26.920 26.971 27.891 27.814 27.078 27.528 27.696 28.371 27.417 28.901 26.195 28.923 27.916 27.917 26.532 28.732 0.000 0.000 0.000 0.000 
0.000 0.000 0.000 0.000 0.000 0.000 0.004 28.026 27.602 27.027 27.486 26.271 27.619 27.462 27.596 27.472 28.635 27.990 29.637 26.991 30.048 28.408 28.115 27.661 26.741 27.745 -0.000 0.000 -0.000 0.000 
0.000 0.000 -0.000 0.000 0.000 0.000 0.000 28.210 28.554 27.587 27.679 27.453 27.177 27.296 27.239 30.381 29.317 29.154 26.870 27.947 28.836 28.511 28.468 27.057 28.549 22.246 0.000 -0.000 0.000 0.000 
0.000 0.000 0.000 0.000 0.000 0.000 0.000 27.556 26.742 27.121 28.357 27.920 27.460 26.164 28.864 28.096 28.558 28.217 27.874 27.126 27.247 26.865 27.311 28.632 26.907 -0.000 0.000 0.000 -0.000 0.000 
0.000 0.000 0.000 0.000 0.000 0.000 0.000 20.509 27.224 28.704 28.820 27.899 28.325 27.034 27.616 27.928 27.523 28.375 27.941 27.296 28.689 27.955 26.865 26.380 26.433 -0.000 0.000 0.000 0.000 0.000 
0.000 0.000 0.000 0.000 0.000 0.000 -0.000 0.000 25.382 28.171 26.582 28.712 26.358 28.868 28.594 28.469 27.426 29.339 26.888 27.654 28.341 27.219 27.050 28.670 0.000 -0.000 0.000 0.000 0.000 0.000 
0.000 0.000 0.000 0.000 0.000 0.000 0.000 0.000 -0.000 25.901 28.412 25.661 28.562 28.634 28.415 28.701 27.701 27.348 28.219 29.284 27.963 28.480 25.222 22.773 0.000 0.000 0.000 0.000 0.000 0.000 
0.000 0.000 0.000 0.000 0.000 0.000 0.000 0.000 0.000 0.000 22.290 28.734 29.456 28.905 27.069 28.762 28.016 29.791 28.465 28.100 28.162 25.670 20.443 0.000 0.000 0.000 0.000 0.000 0.000 0.000 
0.000 0.000 0.000 0.000 0.000 0.000 0.000 0.000 0.000 0.000 -0.000 0.000 25.413 29.010 28.267 25.220 28.277 26.371 27.247 23.979 26.395 0.000 0.000 0.000 0.000 0.000 0.000 0.000 0.000 0.000 
0.000 0.000 0.000 0.000 0.000 0.000 0.000 0.000 0.000 0.000 0.000 -0.000 0.000 -0.000 -0.000 22.973 19.969 22.520 -0.000 -0.000 0.000 0.000 0.000 0.000 0.000 0.000 0.000 0.000 0.000 0.000 
0.000 0.000 0.000 0.000 0.000 0.000 0.000 0.000 0.000 0.000 0.000 0.000 0.000 -0.000 0.000 0.000 0.000 -0.000 -0.000 0.000 0.000 0.000 0.000 0.000 0.000 0.000 0.000 0.000 0.000 0.000 
0.000 0.000 0.000 0.000 0.000 0.000 0.000 0.000 0.000 0.000 0.000 0.000 0.000 0.000 0.000 0.000 -0.000 -0.000 0.000 0.000 0.000 0.000 0.000 0.000 0.000 0.000 0.000 0.000 0.000 0.000 
0.000 0.000 0.000 0.000 0.000 0.000 0.000 0.000 0.000 0.000 0.000 0.000 0.000 0.000 0.000 0.000 0.000 0.000 0.000 0.000 0.000 0.000 0.000 0.000 0.000 0.000 0.000 0.000 0.000 0.000 
0.000 0.000 0.000 0.000 0.000 0.000 0.000 0.000 0.000 0.000 0.000 0.000 0.000 0.000 0.000 0.000 0.000 0.000 0.000 0.000 0.000 0.000 0.000 0.000 0.000 0.000 0.000 0.000 0.000 0.000 
