# Vol_scan Display Grid (processed)
# Grid size: 30 x 29
# Format: reflectivity
# Ref point: (-42000.000000, 165000.000000)
# Grid res: 1000.000000 meters
0.000 0.000 0.000 0.000 0.000 0.000 0.000 0.000 0.000 0.000 0.000 0.000 0.000 0.000 0.000 0.000 0.000 0.000 0.000 0.000 0.000 0.000 0.000 0.000 0.000 0.000 0.000 0.000 0.000 
0.000 0.000 0.000 0.000 0.000 0.000 0.000 0.000 0.000 0.000 0.000 0.000 0.000 0.000 0.000 0.000 0.000 0.000 0.000 0.000 0.000 0.000 0.000 0.000 0.000 0.000 0.000 0.000 0.000 
0.000 0.000 0.000 0.000 0.000 0.000 0.000 0.000 0.000 0.000 0.000 0.000 0.000 0.000 0.000 0.000 0.000 -0.000 0.000 -0.000 0.000 0.000 0.000 0.000 0.000 0.000 0.000 0.000 0.000 
0.000 0.000 0.000 0.000 0.000 0.000 0.000 0.000 0.000 0.000 0.000 0.000 0.000 0.000 21.023 21.077 24.313 23.645 0.000 -0.000 0.000 0.000 0.000 0.000 0.000 0.000 0.000 0.000 0.000 
0.000 0.000 0.000 0.000 0.000 0.000 0.000 0.000 0.000 0.000 0.000 23.970 25.742 28.266 28.123 27.579 26.663 28.000 26.982 22.627 0.000 0.000 0.000 0.000 0.000 0.000 0.000 0.000 0.000 
0.000 0.000 0.000 0.000 0.000 0.000 -0.000 0.000 0.000 19.964 27.510 28.805 27.532 27.743 29.211 28.219 28.436 26.967 28.711 30.148 27.456 29.265 0.000 0.000 0.000 0.000 0.000 0.000 0.000 
0.000 0.000 0.000 0.000 0.000 -0.000 -0.000 0.000 25.807 26.596 28.778 28.545 27.964 26.043 26.572 27.911 28.574 26.779 28.365 26.416 28.715 28.730 28.253 0.000 0.000 0.000 0.000 0.000 0.000 
0.000 0.000 0.000 0.000 0.000 0.000 0.000 23.626 27.365 26.970 28.433 27.271 28.239 28.693 28.046 28.212 28.290 28.350 28.485 28.923 27.505 29.490 28.280 22.615 0.000 0.000 0.000 0.000 0.000 
0.000 0.000 0.000 0.000 -0.000 0.000 0.000 26.721 28.326 27.998 27.292 27.051 27.419 27.557 27.159 29.755 27.521 26.168 27.931 27.170 28.558 28.436 26.717 27.626 -0.000 -0.000 0.000 0.000 0.000 
0.000 0.000 0.000 0.000 0.000 0.000 23.131 27.783 28.597 26.679 28.489 26.788 27.741 26.957 26.513 28.883 27.196 30.070 28.216 28.267 29.478 29.182 27.107 29.231 24.219 0.000 0.000 0.000 0.000 
0.000 0.000 0.000 -0.000 0.000 0.000 26.323 27.888 29.156 26.997 29.606 28.499 27.928 27.078 27.583 27.655 28.326 27.743 29.321 27.833 28.115 29.848 28.301 27.265 27.858 -0.000 0.000 -0.000 0.000 
0.000 0.000 0.000 0.000 0.000 8.051 29.613 29.409 27.742 26.988 25.823 26.137 27.740 27.956 27.842 26.710 28.468 28.329 26.937 27.264 27.673 29.494 26.344 25.950 27.311 0.000 0.000 0.000 0.000 
0.000 0.000 -0.000 -0.000 0.000 8.050 28.589 29.099 27.683 30.568 28.310 27.180 26.443 26.615 26.352 28.174 27.058 27.463 29.477 27.249 28.514 28.393 27.693 29.178 27.687 25.768 0.000 0.000 0.000 
0.000 0.000 0.000 -0.000 0.000 0.183 28.648 28.243 28.687 29.331 26.648 26.989 27.862 28.531 28.978 39.951 31.711 26.920 27.838 27.253 28.124 29.429 26.608 28.030 28.116 26.469 -0.000 0.000 0.000 
0.000 0.000 0.000 -0.000 0.000 12.956 26.961 29.209 25.994 26.242 28.596 27.954 25.710 35.548 40.314 38.253 38.669 43.334 38.715 27.946 28.675 28.877 27.191 29.243 28.026 27.683 0.000 0.000 0.000 
0.000 -0.000 0.000 0.000 0.000 0.110 26.904 26.541 28.876 27.803 29.170 27.217 37.762 41.131 39.946 40.545 40.584 39.754 42.438 37.303 29.445 27.764 27.580 26.259 29.041 24.558 0.000 0.000 0.000 
0.000 0.000 0.000 -0.000 0.000 0.002 27.602 27.648 26.468 26.578 26.950 36.679 39.632 41.997 38.318 38.999 40.571 40.694 39.943 39.774 27.764 26.706 27.984 29.154 26.441 0.000 0.000 0.000 0.000 
0.000 0.000 0.000 0.000 0.068 0.000 27.025 30.174 27.162 28.330 26.698 40.705 40.949 40.867 38.063 41.118 39.407 40.007 40.643 40.725 27.471 27.564 26.752 28.057 27.975 0.000 0.000 0.000 0.000 
0.000 0.000 0.000 0.000 0.035 0.080 0.057 27.534 28.149 27.900 36.352 41.578 40.352 42.196 42.019 40.772 41.081 43.161 41.209 41.482 28.399 27.592 29.730 27.349 0.000 0.000 0.000 0.000 0.000 
0.000 0.000 0.000 0.000 0.000 0.047 0.057 24.084 28.996 28.413 30.282 39.252 42.209 41.991 41.077 40.012 41.259 41.426 40.360 40.841 41.200 27.251 28.109 22.865 0.000 0.000 0.000 0.000 0.000 
0.000 0.000 0.000 0.000 0.000 6.510 0.051 12.980 26.845 28.362 27.328 40.934 40.035 41.212 38.703 40.832 40.237 40.257 43.345 41.844 38.033 28.181 23.601 23.045 0.000 0.000 0.000 0.000 0.000 
0.000 0.000 0.000 0.000 0.000 0.000 5.590 6.695 12.903 27.277 27.354 36.805 40.240 42.195 39.594 40.306 41.243 40.022 40.019 35.109 27.539 24.708 24.235 0.000 0.000 0.000 0.000 0.000 0.000 
0.000 0.000 0.000 0.000 0.000 0.000 0.000 6.020 6.309 12.119 26.352 24.560 37.015 41.014 40.113 39.639 40.155 40.370 40.864 35.684 24.080 18.996 0.000 0.000 0.000 0.000 0.000 0.000 0.000 
0.000 0.000 0.000 0.000 0.000 0.000 0.000 0.000 4.110 0.040 6.619 0.000 22.355 36.385 37.167 35.224 34.403 37.149 23.630 20.958 0.000 0.000 0.000 0.000 0.000 0.000 0.000 0.000 0.000 
0.000 0.000 0.000 0.000 0.000 0.000 0.000 0.000 0.000 6.170 6.570 0.043 0.056 0.000 0.000 0.360 0.001 0.001 0.000 0.000 0.000 -0.000 0.000 0.000 0.000 0.000 0.000 0.000 0.000 
0.000 0.000 0.000 0.000 0.000 0.000 0.000 0.000 0.000 0.000 0.000 0.000 0.000 0.003 0.000 0.000 0.000 0.000 0.000 -0.000 0.000 -0.000 0.000 0.000 0.000 0.000 0.000 0.000 0.000 
0.000 0.000 0.000 0.000 0.000 0.000 0.000 0.000 0.000 0.000 0.000 0.000 0.000 0.000 0.000 0.000 -0.000 0.000 0.000 0.000 0.000 0.000 0.000 0.000 0.000 0.000 0.000 0.000 0.000 
0.000 0.000 0.000 0.000 0.000 0.000 0.000 0.000 0.000 0.000 0.000 0.000 0.000 0.000 0.000 0.000 0.000 0.000 0.000 0.000 0.000 0.000 0.000 0.000 0.000 0.000 0.000 0.000 0.000 
0.000 0.000 0.000 0.000 0.000 0.000 0.000 0.000 0.000 0.000 0.000 0.000 0.000 0.000 0.000 -0.000 0.000 0.000 0.000 0.000 0.000 0.000 0.000 0.000 0.000 0.000 0.000 0.000 0.000 
0.000 0.000 0.000 0.000 0.000 0.000 0.000 0.000 0.000 0.000 0.000 0.000 0.000 0.000 0.000 0.000 0.000 0.000 0.000 0.000 0.000 0.000 0.000 0.000 0.000 0.000 0.000 0.000 0.000 
