# Vol_scan Display Grid (processed)
# Grid size: 30 x 24
# Format: reflectivity
# Ref point: (-57000.000000, 170000.000000)
# Grid res: 1000.000000 meters
0.000 0.000 0.000 0.000 0.000 0.000 0.000 0.000 0.000 0.000 0.000 0.000 0.000 0.000 0.000 0.000 0.000 0.000 0.000 0.000 0.000 0.000 0.000 0.000 
0.000 0.000 -0.000 0.000 0.000 0.000 0.000 0.000 0.000 0.000 0.000 0.000 0.000 0.000 0.000 0.000 0.000 0.000 0.000 0.000 0.000 0.000 0.000 0.000 
0.000 0.000 0.000 -0.000 -0.000 0.000 0.000 0.000 5.801 5.108 0.000 0.000 0.000 0.000 0.000 0.000 0.000 0.000 0.000 0.000 0.000 0.000 0.000 0.000 
0.000 -0.000 0.000 0.000 0.000 0.000 18.185 24.493 24.884 28.168 26.570 29.913 28.030 27.217 0.000 0.000 0.000 0.000 0.000 0.000 0.000 0.000 0.000 0.000 
-0.000 0.000 0.000 0.000 19.044 22.796 28.606 28.993 27.269 29.285 29.949 27.253 28.241 28.241 27.988 24.372 0.000 -0.000 0.000 0.000 0.000 0.000 0.000 0.000 
0.000 0.000 0.000 14.652 27.576 28.450 27.515 27.698 27.856 29.390 28.392 27.001 30.394 28.116 27.358 29.242 26.383 21.855 0.000 0.000 0.000 0.000 0.000 0.000 
0.000 0.000 12.964 28.311 27.364 26.537 28.284 26.543 27.684 27.762 27.586 27.400 27.583 27.122 28.039 27.400 26.692 27.086 0.000 0.000 0.000 0.000 0.000 0.000 
0.000 0.629 23.540 27.138 26.668 26.125 26.821 26.909 28.272 27.926 27.771 28.049 27.983 27.052 28.379 27.717 27.129 28.196 27.099 0.000 0.000 0.000 0.000 0.000 
0.001 13.169 27.017 27.307 28.067 28.669 27.696 28.560 27.035 27.533 27.839 27.451 27.144 26.477 27.521 26.640 26.557 27.601 27.277 22.805 0.000 0.000 0.000 0.000 
0.004 28.701 29.255 28.757 27.373 28.037 30.075 27.189 27.283 27.190 28.984 28.158 28.176 28.599 29.918 27.835 26.446 29.290 27.411 27.237 0.000 0.000 0.000 0.000 
13.867 26.376 26.745 28.043 27.038 29.143 26.740 26.767 27.781 28.718 27.298 28.444 27.001 26.903 27.609 28.305 26.943 27.200 27.911 28.901 0.000 0.000 0.000 0.000 
13.713 27.934 28.882 25.382 28.757 28.678 27.390 27.504 29.551 26.830 30.008 28.166 27.316 28.494 27.593 27.354 28.396 27.447 28.662 30.398 0.000 0.000 0.000 0.000 
14.274 30.086 27.507 28.030 26.474 28.136 28.283 27.051 27.902 28.210 28.283 29.306 25.681 26.961 28.188 28.257 27.646 27.447 29.110 29.358 0.000 0.000 0.000 0.000 
27.365 29.414 27.933 27.480 26.716 30.306 27.385 27.515 27.814 28.834 26.697 27.618 27.565 28.471 27.874 28.370 26.288 26.368 27.404 27.703 24.080 0.000 0.000 0.000 
12.107 26.865 28.281 27.162 27.351 26.842 28.701 28.022 26.479 24.782 28.113 26.868 27.188 28.558 27.859 27.835 27.885 26.737 27.928 25.960 22.621 0.000 0.000 0.000 
25.469 29.172 27.142 26.464 27.593 28.823 26.714 27.451 27.433 26.716 27.402 26.927 25.689 24.954 28.049 27.973 25.931 28.492 27.266 28.459 0.000 0.000 0.000 0.000 
4.824 27.925 28.191 27.232 27.103 26.332 27.667 29.506 27.104 26.411 25.512 27.161 25.759 26.250 26.474 27.059 28.208 28.213 26.949 30.791 0.000 0.000 0.000 0.000 
5.447 24.327 26.796 26.899 26.779 27.973 25.858 25.941 27.041 27.895 27.815 29.475 26.782 28.138 27.441 28.370 29.164 28.028 26.524 24.682 0.000 0.000 0.000 0.000 
6.581 23.237 26.295 28.421 28.035 29.479 26.807 26.531 27.275 26.256 26.816 27.569 25.573 24.660 25.926 27.406 27.580 27.511 27.077 0.000 0.000 0.000 0.000 0.000 
4.374 6.743 14.989 28.354 27.931 27.240 26.122 26.288 29.111 27.310 25.893 26.144 27.968 26.587 27.798 26.842 27.199 27.185 23.170 0.000 0.000 0.000 0.000 0.000 
0.086 0.076 0.004 23.226 27.406 27.573 25.029 27.771 28.418 29.242 27.438 25.258 26.412 26.592 26.501 27.387 27.153 25.090 0.000 0.000 0.000 0.000 0.000 0.000 
0.000 0.024 0.137 0.002 16.287 23.866 27.432 27.293 28.525 27.476 28.026 27.419 27.691 26.547 29.173 26.535 29.220 0.000 0.000 0.000 0.000 0.000 0.000 0.000 
0.000 0.000 0.006 0.000 0.000 0.002 18.122 24.942 22.466 27.235 26.029 27.867 27.723 25.801 22.384 0.000 0.000 0.000 0.000 0.000 0.000 0.000 0.000 0.000 
0.000 0.000 0.000 0.004 0.000 0.000 0.001 0.004 0.000 0.309 19.232 0.001 0.000 0.000 0.000 0.000 0.000 0.000 0.000 0.000 0.000 0.000 0.000 0.000 
0.000 0.000 0.000 -0.000 -0.000 0.000 0.000 0.000 0.000 0.000 -0.000 0.000 0.000 0.000 0.000 0.000 0.000 0.000 0.000 0.000 0.000 0.000 0.000 0.000 
0.000 0.000 0.000 0.000 0.000 0.000 0.000 -0.000 0.000 0.000 0.000 0.000 0.000 0.000 0.000 0.000 0.000 0.000 0.000 0.000 0.000 0.000 0.000 0.000 
0.000 0.000 0.000 0.000 0.000 -0.000 0.000 -0.000 -0.000 0.000 0.000 0.000 0.000 0.000 0.000 0.000 0.000 0.000 0.000 0.000 0.000 0.000 0.000 0.000 
0.000 0.000 0.000 0.000 0.000 0.000 0.000 0.000 0.000 0.000 0.000 0.000 0.000 0.000 0.000 0.000 0.000 0.000 0.000 0.000 0.000 0.000 0.000 0.000 
0.000 0.000 0.000 0.000 0.000 0.000 0.000 0.000 0.000 0.000 0.000 0.000 0.000 0.000 0.000 0.000 0.000 0.000 0.000 0.000 0.000 0.000 0.000 0.000 
0.000 0.000 0.000 0.000 0.000 0.000 0.000 0.000 0.000 0.000 0.000 0.000 0.000 0.000 0.000 0.000 0.000 0.000 0.000 0.000 0.000 0.000 0.000 0.000 
