# Vol_scan Display Grid (processed)
# Grid size: 31 x 22
# Format: reflectivity
# Ref point: (-68000.000000, 171000.000000)
# Grid res: 1000.000000 meters
0.000 0.000 0.000 0.000 0.000 -0.000 0.000 0.000 0.000 0.000 0.000 0.000 0.000 0.000 0.000 0.000 0.000 0.000 0.000 0.000 0.000 0.000 
0.000 0.000 -0.000 0.000 0.000 0.000 -0.000 -0.000 0.000 0.000 0.000 0.000 0.000 0.000 0.000 0.000 0.000 0.000 0.000 0.000 0.000 0.000 
0.000 0.000 -0.000 0.000 0.000 0.000 -0.000 0.000 0.000 0.000 0.000 0.000 0.000 0.000 0.000 0.000 0.000 0.000 0.000 0.000 0.000 0.000 
0.000 0.000 0.000 0.000 0.000 0.000 -0.000 -0.000 0.000 0.000 0.000 0.000 0.000 0.000 0.000 0.000 0.000 0.000 0.000 0.000 0.000 0.000 
0.000 -0.000 -0.000 -0.000 0.000 0.000 0.000 0.000 0.000 0.000 -0.000 0.000 0.000 0.000 0.000 0.000 0.000 0.000 0.000 0.000 0.000 0.000 
0.000 0.000 0.000 0.000 0.000 4.892 14.615 19.552 25.765 20.392 23.895 23.131 5.076 0.000 0.000 0.000 0.000 0.000 0.000 0.000 0.000 0.000 
-0.000 0.000 0.000 0.301 18.531 21.703 27.409 28.183 28.585 28.032 29.051 28.094 24.481 24.873 0.000 0.000 0.000 0.000 0.000 0.000 0.000 0.000 
0.010 0.000 0.192 25.560 27.620 27.824 26.024 27.123 26.089 27.380 27.358 28.288 28.401 26.166 28.423 0.000 0.000 0.000 0.000 0.000 0.000 0.000 
0.004 0.293 23.970 26.948 27.558 28.317 28.690 29.076 29.307 27.134 27.812 28.475 28.501 28.251 28.407 29.126 27.578 0.000 0.000 0.000 0.000 0.000 
0.841 25.992 26.127 28.997 26.907 27.455 27.816 28.831 26.930 28.791 27.799 28.076 27.302 27.111 27.001 28.281 27.836 25.228 0.000 0.000 0.000 0.000 
9.450 27.207 28.519 27.146 27.747 28.554 28.497 27.566 27.341 28.463 27.583 27.246 28.017 27.368 29.500 28.517 26.536 26.930 0.000 0.000 0.000 0.000 
24.734 29.535 28.267 27.261 28.366 26.855 29.247 28.669 28.762 27.938 27.909 28.207 27.567 27.695 30.045 27.408 27.683 28.972 20.985 0.000 0.000 0.000 
28.282 28.570 25.820 29.267 27.195 26.439 26.121 28.083 27.749 27.746 27.662 26.534 27.772 27.110 27.960 27.100 28.692 28.164 28.491 0.000 0.000 0.000 
29.770 26.901 26.614 27.264 27.870 29.427 25.190 27.972 26.974 27.173 27.407 27.166 27.785 26.619 27.453 28.544 26.651 26.665 28.945 0.000 0.000 0.000 
28.455 26.878 28.344 27.977 28.122 28.533 28.541 26.904 27.357 27.836 28.023 28.463 26.628 28.543 26.357 27.841 30.335 27.367 27.960 0.000 0.000 0.000 
27.608 27.609 26.353 27.654 28.469 28.962 28.428 26.610 28.312 26.979 26.875 28.608 27.634 28.884 26.662 27.063 28.739 28.072 27.923 0.000 0.000 0.000 
28.096 28.709 28.254 29.237 28.102 28.027 25.194 26.496 25.646 26.558 27.584 26.668 28.647 27.435 26.988 28.368 28.069 26.405 28.233 0.000 0.000 0.000 
28.589 28.713 27.008 27.485 27.142 28.168 26.313 23.312 26.001 26.044 24.775 25.950 26.251 26.765 28.203 26.782 28.594 26.533 28.768 0.000 0.000 0.000 
27.592 27.080 27.712 28.345 28.076 25.507 26.958 28.215 25.414 25.364 25.283 25.344 27.345 26.413 26.883 29.585 27.404 27.557 28.414 0.000 0.000 0.000 
27.560 29.971 26.293 27.760 26.196 27.082 25.523 25.015 24.945 25.701 25.714 26.344 25.093 25.874 26.901 28.309 28.611 27.071 24.158 0.000 0.000 0.000 
24.876 26.702 26.997 27.050 26.381 26.442 27.423 25.950 25.655 24.601 26.251 25.725 25.309 25.923 27.384 28.009 28.552 26.801 0.000 0.000 0.000 0.000 
0.002 25.369 28.075 28.038 25.029 27.563 26.615 25.184 28.105 25.566 26.962 27.049 26.296 27.369 28.572 29.038 26.655 20.945 0.000 0.000 0.000 0.000 
0.000 0.004 26.485 29.540 27.894 25.788 27.381 24.969 26.536 25.413 26.813 26.579 24.448 25.844 27.456 28.037 24.254 0.000 0.000 0.000 0.000 0.000 
0.000 0.000 0.003 27.967 27.501 26.639 26.570 25.367 27.023 25.298 26.719 25.031 24.896 26.162 27.424 28.325 0.000 0.000 0.000 0.000 0.000 0.000 
0.000 0.000 0.001 0.023 23.263 25.383 27.493 26.710 26.126 24.708 27.630 24.946 26.075 27.030 26.370 0.000 0.000 0.000 0.000 0.000 0.000 0.000 
-0.000 0.000 0.000 0.000 0.001 0.001 24.665 21.163 21.547 23.668 26.238 24.575 0.000 0.000 0.000 0.000 0.000 0.000 0.000 0.000 0.000 0.000 
0.000 0.000 0.000 0.000 -0.000 -0.000 -0.000 0.000 -0.000 0.000 0.000 0.000 0.000 0.000 0.000 0.000 0.000 0.000 0.000 0.000 0.000 0.000 
0.000 0.000 0.000 0.000 0.000 0.000 0.000 0.000 0.000 0.000 0.000 0.000 0.000 0.000 0.000 0.000 0.000 0.000 0.000 0.000 0.000 0.000 
0.000 0.000 0.000 0.000 0.000 0.000 0.000 0.000 0.000 0.000 0.000 0.000 0.000 0.000 0.000 0.000 0.000 0.000 0.000 0.000 0.000 0.000 
0.000 0.000 0.000 0.000 0.000 0.000 0.000 0.000 0.000 0.000 0.000 0.000 0.000 0.000 0.000 0.000 0.000 0.000 0.000 0.000 0.000 0.000 
0.000 0.000 0.000 0.000 0.000 0.000 0.000 0.000 0.000 0.000 0.000 0.000 0.000 0.000 0.000 0.000 0.000 0.000 0.000 0.000 0.000 0.000 
