# Vol_scan Display Grid (processed)
# Grid size: 30 x 29
# Format: reflectivity
# Ref point: (-84000.000000, 165000.000000)
# Grid res: 1000.000000 meters
0.000 0.000 0.000 0.000 0.000 0.000 0.000 0.000 0.000 0.000 0.000 0.000 0.000 0.000 0.000 0.000 0.000 0.000 0.000 0.000 0.000 0.000 0.000 0.000 0.000 0.000 0.000 0.000 0.000 
0.000 0.000 0.000 0.000 0.000 0.000 0.000 0.000 0.000 0.000 0.000 0.000 0.000 0.000 0.000 -0.000 0.000 -0.000 0.000 0.000 0.000 0.000 0.000 0.000 0.000 0.000 0.000 0.000 0.000 
0.000 0.000 0.000 0.000 0.000 0.000 0.000 0.000 0.000 0.000 0.000 0.000 0.000 0.000 0.000 -0.000 0.000 -0.000 0.000 0.000 0.000 0.000 0.000 0.000 0.000 0.000 0.000 0.000 0.000 
0.000 0.000 0.000 0.000 0.000 0.000 0.000 0.000 0.000 0.000 0.000 0.000 0.000 0.000 0.000 0.000 0.000 -0.000 0.000 -0.000 -0.000 0.000 0.000 0.000 0.000 0.000 0.000 0.000 0.000 
0.000 0.000 0.000 0.000 0.000 0.000 0.000 0.000 0.000 0.000 0.000 0.012 0.001 0.000 0.000 0.000 0.000 0.000 0.000 0.000 0.000 0.000 0.000 0.000 0.000 0.000 0.000 0.000 0.000 
0.000 0.000 0.000 0.000 0.000 0.000 0.000 0.000 0.000 5.900 0.009 0.013 0.003 7.037 8.930 10.296 9.494 0.007 0.007 0.000 0.000 -0.000 -0.000 0.000 0.000 0.000 0.000 0.000 0.000 
0.000 0.000 0.000 0.000 0.000 0.000 0.000 5.540 3.980 6.621 17.968 22.123 25.333 26.156 25.594 26.478 25.898 26.182 25.394 3.257 0.069 0.000 0.000 0.000 0.000 0.000 0.000 0.000 0.000 
0.000 0.000 0.000 0.000 0.000 0.000 7.340 5.130 7.311 15.414 23.727 28.816 27.342 27.328 28.215 29.506 27.541 29.106 29.263 27.308 23.226 5.328 0.000 0.000 0.000 0.000 0.000 0.000 0.000 
0.000 0.000 0.000 0.000 0.000 4.720 5.930 5.784 29.237 27.018 27.512 27.178 27.779 29.009 29.222 30.219 29.498 26.549 26.187 28.447 25.676 25.302 9.796 -0.000 0.000 0.000 0.000 0.000 0.000 
0.000 0.000 0.000 0.000 0.000 5.130 4.814 24.178 28.435 28.982 29.424 29.039 27.307 29.201 28.898 29.305 26.329 29.403 27.172 29.107 26.611 29.353 28.871 -0.000 0.000 0.000 0.000 0.000 0.000 
0.000 0.000 0.000 0.000 7.080 0.158 20.604 28.906 28.176 26.405 26.997 29.246 28.562 28.169 27.424 28.354 25.723 27.714 27.290 27.693 27.237 27.539 28.664 26.588 0.000 0.000 0.000 0.000 0.000 
0.000 0.000 0.000 0.000 8.410 0.079 27.273 28.609 26.980 27.055 30.594 27.750 28.173 29.449 28.966 27.455 28.835 28.767 27.332 27.932 25.871 26.753 29.214 26.886 -0.000 0.000 0.000 0.000 0.000 
0.000 0.000 0.000 0.000 0.003 12.450 27.891 27.125 27.391 27.697 26.408 26.488 27.392 27.754 27.878 28.010 29.095 27.300 27.267 28.180 27.801 28.012 27.516 28.096 26.038 0.000 0.000 0.000 0.000 
0.000 0.000 0.000 0.010 0.000 8.164 27.697 28.663 29.579 27.829 28.057 27.926 28.207 26.565 28.479 28.095 28.549 29.090 27.352 29.055 27.935 27.929 30.840 26.909 27.806 -0.000 0.000 0.000 0.000 
0.000 0.000 0.000 0.000 0.000 26.045 27.945 27.542 28.657 28.792 28.457 29.917 27.726 29.256 27.769 27.658 29.040 28.099 28.950 28.002 27.488 27.651 28.927 26.601 28.181 0.000 -0.000 0.000 0.000 
0.000 0.000 0.000 0.000 0.001 28.949 28.151 29.433 27.658 27.381 27.781 29.223 26.222 27.618 28.095 28.006 27.718 27.751 29.074 29.160 29.399 29.203 29.103 27.729 27.353 0.000 0.000 0.000 0.000 
0.000 -0.000 0.000 0.000 0.000 27.074 27.697 27.297 28.129 27.344 28.402 27.724 27.102 27.540 27.266 28.280 28.172 28.035 29.170 27.856 29.018 28.126 28.858 27.856 27.994 0.000 0.000 0.000 0.000 
0.000 0.000 0.000 0.000 0.000 27.650 29.754 27.632 28.976 29.327 26.824 29.423 28.330 27.585 29.031 27.029 27.499 30.761 29.545 27.591 28.682 26.843 28.714 28.238 27.656 0.000 -0.000 0.000 0.000 
0.000 -0.000 -0.000 0.000 0.000 24.542 28.804 27.792 25.414 27.209 27.849 28.000 27.881 28.925 27.340 29.770 29.342 28.663 27.886 28.888 28.087 27.275 27.294 27.096 26.657 0.000 0.000 -0.000 0.000 
0.000 0.000 0.000 0.000 0.000 0.001 29.428 28.307 29.042 30.568 28.132 27.644 27.639 27.189 28.602 28.862 26.821 27.713 26.908 26.883 29.875 27.575 29.886 26.066 27.400 0.000 0.000 0.000 0.000 
0.000 -0.000 -0.000 0.000 0.000 0.001 23.827 27.683 27.431 26.629 28.435 27.165 28.127 27.402 28.463 27.689 29.159 26.985 29.084 27.645 28.616 26.342 26.576 27.555 21.935 0.000 0.000 0.000 0.000 
0.000 0.000 -0.000 0.000 0.000 0.000 23.859 29.534 26.872 29.872 27.558 28.162 26.850 29.161 28.216 30.253 28.353 28.648 26.072 26.995 27.912 29.027 27.766 22.171 0.000 0.000 0.000 0.000 0.000 
0.000 0.000 0.000 0.000 0.000 0.000 0.000 24.568 28.134 26.891 29.584 28.099 27.789 27.318 28.179 28.996 27.797 25.911 27.684 29.552 27.966 29.947 25.436 0.000 0.000 0.000 0.000 0.000 0.000 
0.000 0.000 0.000 0.000 0.000 0.000 0.000 0.000 23.979 27.036 27.824 27.936 27.016 27.499 28.265 27.779 28.040 28.363 26.502 26.542 27.648 25.753 18.104 0.000 0.000 0.000 0.000 0.000 0.000 
0.000 0.000 0.000 0.000 0.000 0.000 0.000 0.000 0.000 23.569 24.597 28.445 30.095 27.462 27.402 28.774 28.939 27.342 27.634 27.467 22.207 0.000 0.000 0.000 0.000 0.000 0.000 0.000 0.000 
0.000 0.000 0.000 0.000 0.000 0.000 0.000 0.000 0.000 0.000 0.000 26.462 23.012 28.289 28.319 27.676 27.373 24.210 22.481 20.817 0.000 0.000 0.000 0.000 0.000 0.000 0.000 0.000 0.000 
0.000 0.000 0.000 0.000 0.000 0.000 0.000 0.000 0.000 0.000 0.000 0.000 0.000 0.000 -0.000 0.000 0.000 -0.000 0.000 -0.000 0.000 0.000 0.000 0.000 0.000 0.000 0.000 0.000 0.000 
0.000 0.000 0.000 0.000 0.000 0.000 0.000 0.000 0.000 0.000 0.000 0.000 0.000 0.000 0.000 0.000 -0.000 0.000 0.000 0.000 0.000 0.000 0.000 0.000 0.000 0.000 0.000 0.000 0.000 
0.000 0.000 0.000 0.000 0.000 0.000 0.000 0.000 0.000 0.000 0.000 0.000 0.000 0.000 0.000 0.000 0.000 0.000 0.000 0.000 0.000 0.000 0.000 0.000 0.000 0.000 0.000 0.000 0.000 
0.000 0.000 0.000 0.000 0.000 0.000 0.000 0.000 0.000 0.000 0.000 0.000 0.000 0.000 0.000 0.000 0.000 0.000 0.000 0.000 0.000 0.000 0.000 0.000 0.000 0.000 0.000 0.000 0.000 
