# Vol_scan Display Grid (processed)
# Grid size: 39 x 27
# Format: reflectivity
# Ref point: (-46000.000000, 166000.000000)
# Grid res: 1000.000000 meters
0.000 0.000 0.000 0.000 0.000 0.000 0.000 0.000 0.000 0.000 0.000 0.000 0.000 0.000 0.000 0.000 0.000 0.000 0.000 0.000 -0.000 0.000 0.000 0.000 0.000 0.000 0.000 
0.000 0.000 0.000 0.000 0.000 0.000 0.000 0.000 0.000 0.000 0.000 0.000 0.000 0.000 0.000 -0.000 -0.000 0.000 0.000 0.000 0.000 0.000 0.000 0.000 0.000 0.000 0.000 
0.000 0.000 0.000 0.000 0.000 0.000 0.000 0.000 0.000 0.000 0.000 0.000 0.000 0.000 0.000 0.000 0.000 0.000 0.000 -0.000 -0.000 0.000 0.000 0.000 0.000 0.000 0.000 
0.000 0.000 0.000 0.000 0.000 0.000 0.000 0.000 0.000 0.000 0.000 0.000 0.000 -0.000 0.000 0.000 0.000 0.000 0.000 0.000 0.000 0.000 0.000 0.000 0.000 0.000 0.000 
0.000 0.000 0.000 0.000 0.000 0.000 0.000 0.000 0.000 0.000 0.000 0.000 -0.000 0.000 0.000 0.000 0.000 0.000 0.000 -0.000 0.000 -0.000 0.000 0.000 0.000 0.000 0.000 
0.000 0.000 0.000 0.000 -0.000 0.000 -0.000 0.000 0.000 -0.000 0.000 0.000 0.000 0.000 -0.000 0.000 -0.000 -0.000 0.000 0.000 0.000 0.000 0.000 0.000 0.000 0.000 0.000 
0.000 0.000 0.000 0.000 -0.000 0.000 0.000 0.000 0.000 -0.000 0.000 0.000 0.000 0.000 0.000 0.000 0.000 -0.000 0.000 0.000 0.000 -0.000 0.000 0.000 0.000 0.000 0.000 
0.000 0.000 -0.000 -0.000 0.000 -0.000 0.000 0.000 0.000 0.000 0.000 0.000 0.000 0.000 -0.000 0.000 0.000 0.000 0.003 0.000 -0.000 -0.000 0.000 0.000 0.000 0.000 0.000 
0.000 0.000 0.000 0.000 0.000 0.000 0.000 0.000 0.000 0.000 0.000 0.000 0.000 35.345 31.889 36.903 32.705 27.519 29.944 0.000 0.000 0.000 0.000 0.000 0.000 0.000 0.000 
0.000 0.000 0.000 0.000 0.000 -0.000 0.000 -0.000 0.000 35.716 31.993 35.990 33.991 35.345 31.889 33.522 32.023 33.835 30.578 0.000 -0.000 0.000 -0.000 0.000 0.000 0.000 0.000 
0.000 0.000 0.000 0.000 0.000 -0.000 0.000 29.026 36.002 34.771 33.189 33.982 33.281 33.472 34.955 33.522 32.023 33.835 29.747 0.004 35.416 30.516 0.000 0.000 0.000 0.000 0.000 
0.000 0.000 0.000 0.000 0.000 -0.000 0.000 29.026 33.187 32.822 34.750 35.130 33.493 35.846 33.956 33.113 32.917 34.757 34.776 34.910 35.416 35.006 0.003 0.000 0.000 0.000 0.000 
0.000 0.000 0.000 -0.000 -0.000 0.000 -0.000 28.907 33.187 32.997 35.343 32.461 34.850 35.280 32.372 35.412 36.257 33.102 34.198 35.131 34.375 35.006 0.003 0.000 0.000 0.000 0.000 
0.000 0.000 0.000 0.000 0.000 34.842 35.164 33.922 32.855 37.471 33.021 32.461 34.850 35.280 32.372 35.083 33.458 34.512 34.008 34.913 33.316 35.510 32.618 28.372 0.000 0.000 0.000 
0.000 0.000 0.000 0.000 0.000 33.940 35.580 34.972 33.879 34.348 33.987 34.497 34.393 35.880 35.437 35.083 34.406 36.547 34.157 35.836 35.294 35.622 36.766 35.207 0.000 0.000 0.000 
0.000 0.000 0.000 0.000 0.000 33.940 35.580 34.972 34.676 32.540 34.260 33.421 34.180 33.663 36.426 34.366 34.911 34.471 35.919 35.836 35.294 35.622 36.766 35.207 0.000 0.000 0.000 
0.000 0.000 0.000 0.000 0.000 36.529 34.849 33.872 34.950 33.029 34.260 33.421 34.180 35.110 37.597 33.470 34.826 32.790 33.040 34.870 35.242 34.948 34.203 36.920 0.000 0.000 0.000 
0.000 0.000 0.000 0.000 33.932 35.784 34.121 33.736 34.862 36.745 32.561 36.529 34.573 35.110 37.597 33.470 34.826 32.790 34.978 34.710 36.301 34.292 34.722 37.311 6.247 0.000 0.000 
0.000 0.000 0.000 0.000 33.932 35.784 34.121 33.736 33.091 34.806 34.394 35.134 35.847 37.431 36.449 40.778 37.863 35.706 33.309 36.216 36.301 34.292 34.722 37.311 6.247 0.000 0.000 
0.000 0.000 0.000 0.000 0.000 33.561 34.842 32.441 33.517 32.984 36.798 35.134 35.847 37.431 36.449 40.778 37.378 35.616 34.310 32.139 36.315 35.072 33.962 35.616 34.372 0.000 0.000 
0.000 0.000 0.000 0.000 0.000 36.792 36.067 34.512 33.812 32.705 34.392 38.711 37.247 41.071 35.846 37.932 37.378 35.616 34.310 36.475 35.161 33.309 35.671 35.121 0.000 0.000 0.000 
0.000 0.000 0.000 0.000 0.000 36.792 36.067 34.512 33.812 32.705 34.392 38.711 37.413 40.453 39.560 37.343 37.689 37.694 36.738 36.227 33.050 34.731 36.252 32.822 -0.000 0.000 0.000 
0.000 0.000 0.000 0.000 0.000 0.000 34.514 34.931 34.200 39.226 38.606 36.743 37.413 40.453 39.560 37.343 37.689 37.694 36.738 36.227 33.050 34.731 36.252 32.822 -0.000 0.000 0.000 
0.000 0.000 0.000 0.000 0.000 0.000 34.514 34.931 34.200 39.226 35.009 39.514 34.774 36.280 36.068 36.228 36.361 39.830 38.532 35.962 33.334 36.035 0.000 0.000 0.000 0.000 0.000 
0.000 0.000 0.000 0.000 0.000 -0.000 35.678 33.193 34.986 32.180 35.009 39.514 34.774 36.280 38.672 39.036 36.377 38.776 39.888 33.756 31.811 32.573 0.000 0.000 0.000 0.000 0.000 
0.000 0.000 0.000 0.000 0.000 -0.000 -0.000 0.000 35.487 33.388 36.584 37.516 36.730 38.017 39.204 42.507 39.209 37.944 34.894 34.761 32.840 34.388 0.000 -0.000 -0.000 0.000 0.000 
0.000 0.000 0.000 0.000 0.000 0.000 0.000 0.000 29.230 34.509 36.584 37.516 36.730 38.017 39.204 42.507 39.209 37.944 34.894 34.761 32.840 34.388 0.000 -0.000 -0.000 0.000 0.000 
0.000 0.000 0.000 0.000 0.000 0.000 0.000 0.000 29.230 34.509 36.584 37.516 36.730 38.017 39.204 0.000 -0.000 0.000 0.000 0.000 0.000 0.000 0.000 0.000 0.000 0.000 0.000 
0.000 0.000 0.000 0.000 0.000 0.000 0.000 0.000 -0.000 0.000 -0.000 0.000 0.000 0.000 0.000 0.000 -0.000 0.000 0.000 0.000 0.000 0.000 0.000 0.000 0.000 0.000 0.000 
0.000 0.000 0.000 0.000 0.000 0.000 0.000 0.000 -0.000 0.000 -0.000 0.000 0.000 0.000 0.000 0.000 -0.000 0.000 0.000 0.000 0.000 0.000 0.000 0.000 0.000 0.000 0.000 
0.000 0.000 0.000 0.000 0.000 0.000 0.000 0.000 -0.000 0.000 0.000 0.000 0.000 -0.000 0.000 0.000 0.000 0.000 -0.000 0.000 -0.000 -0.000 0.000 -0.000 0.000 -0.000 0.000 
0.000 0.000 0.000 0.000 0.000 0.000 0.000 0.000 -0.000 0.000 0.000 0.000 0.000 -0.000 0.000 0.000 0.000 0.000 -0.000 0.000 -0.000 -0.000 0.000 -0.000 0.000 -0.000 0.000 
0.000 0.000 0.000 0.000 0.000 0.000 0.000 0.000 -0.000 0.000 0.000 0.000 0.000 -0.000 0.000 0.000 0.000 0.000 -0.000 0.000 -0.000 -0.000 0.000 -0.000 0.000 -0.000 0.000 
0.000 0.000 0.000 0.000 0.000 0.000 -0.000 -0.000 0.000 -0.000 0.000 0.000 0.000 0.000 0.000 0.000 0.000 0.000 0.000 0.000 0.000 -0.000 0.000 0.000 0.000 0.000 0.000 
0.000 0.000 0.000 0.000 0.000 0.000 -0.000 -0.000 0.000 -0.000 0.000 0.000 0.000 0.000 0.000 0.000 0.000 0.000 0.000 0.000 0.000 -0.000 0.000 0.000 0.000 0.000 0.000 
0.000 0.000 0.000 0.000 0.000 0.000 -0.000 -0.000 0.000 -0.000 0.000 0.000 0.000 0.000 0.000 0.000 0.000 0.000 0.000 0.000 0.000 -0.000 0.000 0.000 0.000 0.000 0.000 
0.000 0.000 0.000 0.000 0.000 0.000 -0.000 -0.000 0.000 -0.000 0.000 0.000 0.000 0.000 0.000 0.000 0.000 0.000 0.000 0.000 0.000 -0.000 0.000 0.000 0.000 0.000 0.000 
0.000 0.000 0.000 0.000 0.000 0.000 0.000 0.000 0.000 0.000 0.000 0.000 0.000 0.000 0.000 0.000 0.000 0.000 0.000 0.000 0.000 0.000 0.000 0.000 0.000 0.000 0.000 
0.000 0.000 0.000 0.000 0.000 0.000 0.000 0.000 0.000 0.000 0.000 0.000 0.000 0.000 0.000 0.000 0.000 0.000 0.000 0.000 0.000 0.000 0.000 0.000 0.000 0.000 0.000 
