# Vol_scan Display Grid (processed)
# Grid size: 30 x 24
# Format: reflectivity
# Ref point: (-71000.000000, 170000.000000)
# Grid res: 1000.000000 meters
0.000 0.000 0.000 0.000 0.000 0.000 0.000 0.000 0.000 0.000 0.000 0.000 0.000 0.000 0.000 0.000 0.000 0.000 0.000 0.000 0.000 0.000 0.000 0.000 
0.000 0.000 0.000 0.000 0.000 0.000 0.000 0.000 0.000 -0.000 0.000 0.000 0.000 0.000 0.000 0.000 0.000 0.000 0.000 0.000 0.000 0.000 0.000 0.000 
0.000 0.000 0.000 0.000 0.000 -0.000 0.000 -0.000 -0.000 0.000 0.000 0.000 0.000 0.000 0.000 0.000 0.000 0.000 0.000 0.000 0.000 0.000 0.000 0.000 
0.000 0.000 0.000 0.000 0.000 -0.000 0.000 -0.000 0.000 0.000 0.000 0.000 0.000 0.000 0.000 0.000 0.000 0.000 0.000 0.000 0.000 0.000 0.000 0.000 
0.000 0.000 0.000 -0.000 0.000 0.000 0.000 0.000 0.000 0.000 -0.000 0.000 0.000 0.000 0.000 0.000 0.000 0.000 0.000 0.000 0.000 0.000 0.000 0.000 
0.000 0.000 0.000 -0.000 0.000 0.000 0.000 1.152 0.001 3.871 7.767 0.000 0.000 -0.000 0.000 0.000 0.000 0.000 0.000 0.000 0.000 0.000 0.000 0.000 
0.000 0.000 0.012 0.000 0.000 0.409 7.907 19.827 23.017 26.494 27.093 26.376 25.749 22.317 3.103 0.000 0.000 0.000 0.000 0.000 0.000 0.000 0.000 0.000 
0.000 0.053 0.001 0.000 7.164 25.159 28.192 28.286 27.452 28.362 28.322 26.709 27.470 28.129 25.332 24.851 0.000 0.000 0.000 0.000 0.000 0.000 0.000 0.000 
0.130 0.077 0.262 12.186 28.815 28.222 29.230 28.525 26.868 28.599 26.386 28.162 29.717 29.696 28.347 30.315 25.971 0.000 0.000 0.000 0.000 0.000 0.000 0.000 
0.040 0.014 4.002 26.824 26.906 27.750 29.163 28.096 28.723 26.955 28.784 29.037 27.533 28.307 29.125 27.932 30.157 28.847 0.000 0.000 0.000 0.000 0.000 0.000 
5.744 1.667 26.534 27.980 28.616 28.679 28.501 28.220 28.640 27.860 28.329 28.514 28.743 28.137 28.755 27.582 26.953 27.572 25.323 0.000 0.000 0.000 0.000 0.000 
6.486 21.975 28.305 27.743 27.828 27.626 27.550 27.175 28.967 27.288 27.826 29.623 28.353 28.406 27.747 29.022 28.571 28.618 30.114 0.000 0.000 0.000 0.000 0.000 
17.203 28.523 27.262 27.460 28.253 26.462 28.043 29.346 29.853 28.688 26.547 28.197 28.260 27.847 29.085 28.046 25.996 27.202 27.704 27.870 -0.000 0.000 0.000 0.000 
28.292 28.673 26.782 27.357 26.081 28.070 27.775 26.662 27.985 27.683 27.459 29.151 28.324 29.736 28.483 29.986 27.516 27.554 27.392 29.468 0.000 0.000 0.000 0.000 
17.411 26.349 26.880 27.487 29.913 27.990 27.648 27.794 26.546 27.873 27.384 28.612 29.153 29.317 27.010 27.412 27.976 26.590 30.137 29.686 0.000 0.000 0.000 0.000 
26.878 27.451 27.455 27.062 27.685 27.712 28.702 29.501 30.140 28.102 28.090 28.632 28.135 30.192 30.540 27.218 27.104 28.771 28.982 27.801 0.000 0.000 0.000 0.000 
27.314 28.870 28.397 28.393 29.096 28.468 28.668 29.163 26.529 29.012 27.626 26.703 26.649 27.365 27.488 27.765 29.554 27.294 28.375 29.131 0.000 0.000 0.000 0.000 
15.102 27.866 26.947 28.832 27.956 28.014 27.763 26.255 25.858 25.948 25.775 26.463 25.912 26.789 27.579 29.236 28.040 28.725 27.183 26.708 0.000 0.000 0.000 0.000 
0.364 28.889 27.525 27.977 25.968 26.362 27.604 27.518 25.434 27.395 26.599 25.894 26.574 25.667 27.145 27.374 27.852 27.893 27.953 27.913 0.000 0.000 0.000 0.000 
0.000 27.297 27.159 26.657 28.033 28.558 26.383 27.333 27.071 26.496 26.388 25.729 25.080 25.899 28.497 27.664 27.206 27.849 27.830 26.753 0.000 0.000 0.000 0.000 
0.000 23.567 30.091 27.369 29.512 27.289 24.638 26.514 26.404 26.282 26.470 26.138 24.543 26.931 25.295 30.558 29.102 28.135 26.787 23.098 0.000 0.000 0.000 0.000 
0.001 9.679 27.600 29.618 27.628 27.626 24.862 25.742 27.493 25.311 25.850 25.623 26.538 26.241 26.477 27.670 28.209 27.216 25.477 0.000 0.000 0.000 0.000 0.000 
0.000 0.003 21.265 28.380 27.986 29.283 26.601 27.514 25.125 27.057 27.136 27.156 26.052 27.036 26.860 26.725 27.472 27.751 19.232 0.000 0.000 0.000 0.000 0.000 
0.000 0.000 0.000 25.068 26.395 27.983 25.144 25.972 26.199 27.364 26.022 25.650 24.642 25.851 26.784 27.613 28.535 23.853 0.000 0.000 0.000 0.000 0.000 0.000 
0.000 0.000 0.000 0.001 24.004 29.145 28.110 26.153 28.220 26.113 28.325 26.155 26.425 25.651 27.512 26.349 17.587 0.000 0.000 0.000 0.000 0.000 0.000 0.000 
-0.000 -0.000 0.000 0.000 0.001 0.001 24.885 26.781 26.980 26.940 24.456 25.272 25.553 28.563 27.850 27.480 0.000 0.000 0.000 0.000 0.000 0.000 0.000 0.000 
0.000 0.000 0.000 -0.000 -0.000 -0.000 0.000 0.000 25.372 25.054 24.460 23.100 0.000 0.000 0.000 0.000 0.000 0.000 0.000 0.000 0.000 0.000 0.000 0.000 
-0.000 0.000 -0.000 0.000 0.000 -0.000 0.000 0.000 0.000 0.000 0.000 0.000 0.000 0.000 0.000 0.000 0.000 0.000 0.000 0.000 0.000 0.000 0.000 0.000 
0.000 0.000 0.000 0.000 0.000 0.000 0.000 0.000 0.000 0.000 0.000 0.000 0.000 0.000 0.000 0.000 0.000 0.000 0.000 0.000 0.000 0.000 0.000 0.000 
0.000 0.000 0.000 0.000 0.000 0.000 0.000 0.000 0.000 0.000 0.000 0.000 0.000 0.000 0.000 0.000 0.000 0.000 0.000 0.000 0.000 0.000 0.000 0.000 
