# Vol_scan Display Grid (processed)
# Grid size: 29 x 28
# Format: reflectivity
# Ref point: (-80000.000000, 166000.000000)
# Grid res: 1000.000000 meters
0.000 0.000 0.000 0.000 0.000 0.000 0.000 0.000 0.000 0.000 0.000 0.000 0.000 0.000 0.000 0.000 0.000 0.000 0.000 0.000 0.000 0.000 0.000 0.000 0.000 0.000 0.000 0.000 
0.000 0.000 0.000 0.000 0.000 0.000 0.000 0.000 0.000 0.000 0.000 0.000 -0.000 0.000 0.000 -0.000 0.000 0.000 0.000 0.000 0.000 0.000 0.000 0.000 0.000 0.000 0.000 0.000 
0.000 0.000 0.000 0.000 0.000 0.000 0.000 0.000 0.000 0.000 0.000 0.000 -0.000 -0.000 -0.000 -0.000 0.000 0.000 0.000 0.000 0.000 0.000 0.000 0.000 0.000 0.000 0.000 0.000 
0.000 0.000 0.000 0.000 0.000 0.000 0.000 0.000 0.000 0.000 0.000 0.000 0.000 0.000 0.000 0.000 0.000 0.000 0.000 0.000 0.000 0.000 0.000 0.000 0.000 0.000 0.000 0.000 
0.000 0.000 0.000 0.000 0.000 0.000 0.000 0.000 0.000 -0.000 0.001 0.000 0.000 0.000 -0.000 -0.000 0.000 -0.000 0.000 0.000 0.000 0.000 0.000 0.000 0.000 0.000 0.000 0.000 
0.000 0.000 0.000 0.000 0.000 0.000 0.000 0.000 0.167 0.001 0.000 0.000 0.000 0.000 0.000 0.000 0.000 0.000 0.000 0.000 0.000 0.000 0.000 0.000 0.000 0.000 0.000 0.000 
0.000 0.000 0.000 0.000 0.000 0.000 0.000 0.061 0.006 0.000 0.001 0.026 11.661 19.522 9.294 9.043 0.120 0.465 0.000 0.000 -0.000 0.000 0.000 0.000 0.000 0.000 0.000 0.000 
0.000 0.000 0.000 0.000 0.000 0.000 0.047 0.016 0.086 10.314 26.985 25.467 25.318 28.294 26.994 27.820 28.952 23.708 16.912 10.706 0.000 0.000 0.000 0.000 0.000 0.000 0.000 0.000 
0.000 0.000 0.000 0.000 0.000 6.824 5.496 0.111 20.270 29.601 29.094 28.439 27.084 30.542 28.467 28.013 28.212 28.198 26.608 24.348 19.008 0.000 0.000 0.000 0.000 0.000 0.000 0.000 
0.000 0.000 0.000 0.000 0.000 4.442 0.105 26.117 27.247 29.632 27.726 29.351 27.286 29.557 27.874 28.527 27.379 28.605 26.551 28.534 26.890 8.568 0.000 0.000 0.000 0.000 0.000 0.000 
0.000 0.000 0.000 0.000 6.446 8.154 29.777 29.428 28.282 26.270 28.912 27.678 26.980 27.216 27.745 27.833 26.563 28.705 26.778 28.751 30.413 27.029 -0.000 0.000 0.000 0.000 0.000 0.000 
0.000 0.000 0.000 4.753 3.901 27.138 29.132 30.787 29.698 28.784 29.223 26.594 27.631 27.994 27.419 27.930 27.957 27.194 27.905 29.070 27.046 27.510 27.936 -0.000 0.000 0.000 0.000 0.000 
0.000 0.000 0.000 7.770 0.147 27.729 29.410 29.068 28.371 27.444 28.431 27.437 29.557 27.780 27.416 29.499 28.534 27.625 28.635 27.778 27.166 26.916 30.703 23.893 0.000 0.000 0.000 0.000 
0.000 0.000 0.041 0.022 12.051 28.286 27.723 26.736 28.446 30.293 27.087 27.954 26.943 28.046 27.084 28.499 27.690 26.029 27.502 27.109 28.236 27.862 26.207 26.244 0.000 0.000 0.000 0.000 
0.000 0.000 6.773 0.022 18.635 27.952 28.105 28.184 27.956 27.436 25.887 29.644 27.108 27.361 27.858 29.847 28.323 26.927 27.573 28.956 27.532 28.130 29.053 28.481 0.000 0.000 0.000 0.000 
0.000 0.065 0.018 0.002 27.513 27.091 28.206 27.673 27.268 28.789 26.575 26.808 26.749 27.559 26.403 28.615 29.241 29.847 27.854 27.819 28.992 28.566 25.720 27.350 0.000 0.000 0.000 0.000 
0.000 0.061 0.001 0.002 29.142 28.738 27.529 29.234 27.110 28.706 28.306 26.697 28.613 28.492 27.818 26.693 28.157 27.687 27.628 29.398 27.654 27.055 26.814 27.891 -0.000 0.000 0.000 0.000 
0.000 0.001 0.000 0.001 29.090 29.625 30.772 27.529 26.819 27.414 27.344 26.570 28.535 29.096 28.669 27.548 27.543 29.143 29.662 27.170 28.746 29.243 28.520 28.659 0.000 -0.000 -0.000 0.000 
0.000 0.000 0.000 0.001 16.649 28.200 26.733 27.479 26.753 29.131 28.430 28.017 28.128 27.707 28.120 27.407 27.384 28.571 28.811 26.647 26.786 27.785 26.571 27.510 -0.000 -0.000 -0.000 0.000 
0.000 -0.000 0.000 0.000 25.057 29.169 27.138 27.539 26.423 27.482 28.185 27.098 26.655 28.368 26.184 27.699 29.076 27.813 25.977 28.347 27.339 27.975 27.539 27.838 0.000 -0.000 0.000 0.000 
0.000 -0.000 0.000 0.000 0.001 28.349 28.589 27.060 27.794 27.346 26.278 26.485 27.353 27.656 27.875 26.346 27.045 28.882 29.310 27.952 27.606 27.593 27.904 22.849 0.000 0.000 0.000 0.000 
0.000 0.000 0.000 0.000 0.000 25.485 28.498 28.326 28.586 27.525 26.807 28.418 27.677 27.049 26.453 28.764 28.542 28.219 26.954 28.707 27.230 28.953 28.603 -0.000 0.000 0.000 0.000 0.000 
0.000 -0.000 0.000 0.000 0.000 0.002 24.112 28.271 27.731 28.448 27.307 27.593 28.649 25.891 27.048 27.732 28.866 27.243 28.699 28.332 28.255 28.699 26.655 0.000 0.000 0.000 0.000 0.000 
0.000 0.000 0.000 -0.000 0.000 0.000 21.110 28.980 26.011 28.945 27.201 27.410 27.421 26.342 28.192 28.615 26.272 27.136 27.209 27.800 27.682 24.427 0.000 0.000 0.000 0.000 0.000 0.000 
0.000 -0.000 0.000 0.000 -0.000 0.000 0.000 20.279 23.825 28.506 25.578 27.904 27.330 26.381 28.007 27.021 29.021 27.204 26.622 27.063 24.212 0.000 0.000 0.000 0.000 0.000 0.000 0.000 
0.000 0.000 0.000 -0.000 0.000 0.000 -0.000 0.000 0.000 23.179 27.222 28.452 26.464 28.540 27.960 27.741 29.153 27.339 25.587 24.252 0.000 0.000 0.000 0.000 0.000 0.000 0.000 0.000 
0.000 0.000 0.000 0.000 0.000 0.000 0.000 0.000 0.000 0.000 21.320 30.322 27.035 27.594 26.893 23.922 21.524 25.768 15.422 -0.000 0.000 0.000 0.000 0.000 0.000 0.000 0.000 0.000 
0.000 0.000 0.000 0.000 0.000 0.000 0.000 0.000 0.000 0.000 0.000 0.000 0.000 0.000 0.000 0.000 0.000 0.000 0.000 -0.000 0.000 0.000 0.000 0.000 0.000 0.000 0.000 0.000 
0.000 0.000 0.000 0.000 0.000 0.000 0.000 0.000 0.000 0.000 0.000 0.000 0.000 0.000 0.000 0.000 0.000 0.000 0.000 0.000 0.000 0.000 0.000 0.000 0.000 0.000 0.000 0.000 
