# Vol_scan Display Grid (processed)
# Grid size: 29 x 28
# Format: reflectivity
# Ref point: (-45000.000000, 166000.000000)
# Grid res: 1000.000000 meters
0.000 0.000 0.000 0.000 0.000 0.000 0.000 0.000 0.000 0.000 0.000 0.000 0.000 0.000 0.000 0.000 0.000 0.000 0.000 0.000 0.000 0.000 0.000 0.000 0.000 0.000 0.000 0.000 
0.000 0.000 0.000 0.000 0.000 0.000 0.000 0.000 0.000 0.000 0.000 0.000 0.000 0.000 0.000 0.000 -0.000 -0.000 0.000 0.000 0.000 0.000 0.000 0.000 0.000 0.000 0.000 0.000 
0.000 0.000 0.000 0.000 0.000 0.000 0.000 0.000 0.000 0.000 0.000 0.000 0.000 0.000 0.000 0.000 0.000 0.000 0.000 0.000 0.000 0.000 0.000 0.000 0.000 0.000 0.000 0.000 
0.000 0.000 0.000 0.000 0.000 0.000 0.000 0.000 0.000 0.000 16.514 24.012 23.328 25.577 26.446 25.980 23.311 21.785 -0.000 0.000 0.000 0.000 0.000 0.000 0.000 0.000 0.000 0.000 
0.000 0.000 0.000 0.000 0.000 0.000 0.000 0.000 15.255 26.059 26.426 29.075 28.136 28.122 27.334 28.062 27.183 29.650 27.649 22.963 0.000 0.000 0.000 0.000 0.000 0.000 0.000 0.000 
0.000 0.000 -0.000 0.000 0.000 0.000 0.000 10.360 28.923 26.427 29.158 28.112 26.653 28.476 27.325 28.557 29.140 26.748 26.304 27.961 27.898 25.004 0.000 0.000 0.000 0.000 0.000 0.000 
0.000 0.000 -0.000 -0.000 0.000 0.000 4.035 25.662 29.678 28.713 28.139 28.225 28.730 28.401 26.629 26.785 27.488 27.961 28.407 27.520 28.620 28.122 0.000 0.000 0.000 0.000 0.000 0.000 
-0.000 0.000 0.000 0.000 0.000 0.077 26.637 27.239 28.408 27.894 25.891 28.489 30.825 28.866 27.040 27.373 27.714 26.427 26.752 27.118 28.396 27.909 29.230 0.000 0.000 0.000 0.000 0.000 
0.000 -0.000 0.000 0.000 0.000 23.870 26.749 27.966 29.700 27.567 27.937 26.988 27.856 27.437 28.637 30.999 27.620 27.938 27.649 27.237 27.596 27.754 26.593 22.501 0.000 0.000 0.000 0.000 
0.000 -0.000 0.000 0.000 0.025 21.401 28.352 28.551 27.347 26.855 26.511 28.071 26.184 26.491 28.457 27.636 27.879 28.248 28.198 26.880 28.822 27.572 27.870 26.954 0.000 0.000 0.000 0.000 
0.000 0.000 0.000 0.000 0.003 27.299 28.034 28.589 29.279 27.737 26.537 27.199 28.272 27.256 29.551 28.880 27.610 27.240 27.442 27.649 27.078 28.263 26.659 28.433 -0.000 0.000 0.000 0.000 
0.000 0.000 0.000 0.000 19.995 29.800 29.685 28.020 27.597 27.208 28.448 27.705 27.768 27.979 26.558 26.261 28.167 28.277 28.494 26.533 26.499 28.050 29.063 28.139 26.431 0.000 -0.000 0.000 
-0.000 0.000 0.000 0.000 11.971 28.531 30.606 29.910 28.174 27.228 25.375 30.256 27.621 28.629 29.027 27.437 28.843 28.537 26.346 28.397 27.349 28.104 29.758 28.105 26.431 0.000 -0.000 0.000 
-0.000 0.000 0.000 0.000 9.252 27.934 29.759 28.793 27.704 27.519 27.434 36.220 43.199 47.594 43.203 45.820 44.948 26.443 28.447 28.981 28.072 28.175 27.859 26.858 27.226 0.000 0.000 0.000 
0.000 -0.000 0.000 0.000 12.166 27.674 28.633 30.854 27.116 28.067 28.901 46.924 49.952 49.676 49.826 48.832 49.491 47.163 26.842 27.139 27.845 26.859 29.462 27.769 0.000 0.000 0.000 0.000 
0.000 0.000 0.000 0.000 0.289 27.201 28.655 31.199 29.582 27.552 47.866 48.377 49.053 46.823 50.392 49.640 50.752 49.728 47.318 28.341 29.526 28.323 27.260 27.702 0.000 0.000 0.000 0.000 
0.000 0.000 0.000 0.073 0.001 26.524 26.163 28.886 26.529 30.840 51.073 48.529 49.131 52.901 49.528 50.720 48.225 51.674 50.560 43.416 29.360 27.429 29.620 28.301 0.000 0.000 0.000 0.000 
0.000 0.000 0.000 6.280 7.671 28.615 27.606 25.155 28.335 27.773 48.344 49.319 50.708 49.957 49.490 45.839 49.564 49.209 48.592 47.479 28.453 26.447 27.255 22.431 0.000 0.000 0.000 0.000 
0.000 0.000 0.000 0.000 0.095 18.033 29.812 28.638 29.558 26.741 48.689 47.486 47.285 48.196 46.946 50.152 50.709 49.027 46.628 48.908 27.716 27.893 26.513 0.000 0.000 0.000 0.000 0.000 
0.000 0.000 0.000 0.000 9.970 5.242 26.425 28.665 27.272 27.928 49.322 49.392 50.976 48.949 50.142 51.740 52.369 50.290 49.922 49.559 26.424 28.797 21.747 0.000 0.000 0.000 0.000 0.000 
0.000 0.000 0.000 0.000 0.000 6.990 5.698 28.372 28.684 27.930 50.573 49.055 50.040 48.239 48.118 50.189 48.050 48.188 47.799 27.363 29.091 25.263 -0.000 0.000 0.000 0.000 0.000 0.000 
0.000 0.000 0.000 0.000 0.000 0.000 5.810 3.953 25.043 26.971 42.796 50.042 46.973 50.746 47.803 49.876 47.605 49.774 48.689 28.151 24.190 0.000 0.000 0.000 0.000 0.000 0.000 0.000 
0.000 0.000 0.000 0.000 0.000 0.000 9.390 5.350 5.895 0.001 23.422 40.954 44.084 51.426 50.076 51.819 46.752 46.728 24.691 18.084 -0.000 -0.000 0.000 0.000 0.000 0.000 0.000 0.000 
0.000 0.000 0.000 0.000 0.000 0.000 0.000 0.000 4.780 0.052 0.001 0.000 0.254 0.000 44.474 46.303 0.000 0.001 0.000 0.000 -0.000 0.000 0.000 0.000 0.000 0.000 0.000 0.000 
0.000 0.000 0.000 0.000 0.000 0.000 0.000 0.000 0.000 0.000 -0.000 0.004 0.000 0.000 0.000 0.000 0.000 0.000 0.000 0.000 0.000 0.000 0.000 0.000 0.000 0.000 0.000 0.000 
0.000 0.000 0.000 0.000 0.000 0.000 0.000 0.000 0.000 0.000 0.000 0.000 0.000 0.000 0.000 0.000 0.000 0.000 0.000 0.000 -0.000 0.000 0.000 0.000 0.000 0.000 0.000 0.000 
0.000 0.000 0.000 0.000 0.000 0.000 0.000 0.000 0.000 0.000 0.000 0.000 -0.000 0.000 0.000 0.000 -0.000 0.000 -0.000 0.000 0.000 0.000 0.000 0.000 0.000 0.000 0.000 0.000 
0.000 0.000 0.000 0.000 0.000 0.000 0.000 0.000 0.000 0.000 0.000 0.000 0.000 0.000 -0.000 -0.000 0.000 0.000 0.000 0.000 0.000 0.000 0.000 0.000 0.000 0.000 0.000 0.000 
0.000 0.000 0.000 0.000 0.000 0.000 0.000 0.000 0.000 0.000 0.000 0.000 0.000 0.000 0.000 0.000 0.000 0.000 0.000 0.000 0.000 0.000 0.000 0.000 0.000 0.000 0.000 0.000 
