# Vol_scan Display Grid (processed)
# Grid size: 30 x 29
# Format: reflectivity
# Ref point: (-88000.000000, 165000.000000)
# Grid res: 1000.000000 meters
0.000 0.000 0.000 0.000 0.000 0.000 0.000 0.000 0.000 0.000 0.000 0.000 0.000 0.000 0.000 0.000 0.000 0.000 -0.000 0.000 0.000 -0.000 0.000 0.000 0.000 0.000 0.000 0.000 0.000 
0.000 0.000 0.000 0.000 0.000 0.000 0.000 0.000 0.000 0.000 0.000 0.000 0.000 0.000 0.000 0.000 -0.000 0.000 0.000 -0.000 0.000 0.000 0.000 0.000 0.000 0.000 0.000 0.000 0.000 
0.000 0.000 0.000 0.000 0.000 0.000 0.000 0.000 0.000 0.000 0.000 0.000 0.000 0.000 -0.000 0.000 -0.000 -0.000 0.000 0.000 0.000 0.000 0.000 0.000 0.000 0.000 0.000 0.000 0.000 
0.000 0.000 0.000 0.000 0.000 0.000 0.000 0.000 0.000 0.000 0.000 7.560 0.013 0.000 0.000 0.000 0.000 0.000 0.000 0.000 0.000 -0.000 -0.000 0.000 0.000 0.000 0.000 0.000 0.000 
0.000 0.000 0.000 0.000 0.000 0.000 0.000 0.000 0.000 3.990 7.260 6.641 0.002 0.002 4.014 8.188 5.978 0.001 0.000 0.000 0.000 -0.000 0.000 0.000 0.000 0.000 0.000 0.000 0.000 
0.000 0.000 0.000 0.000 0.000 0.000 0.000 6.550 5.080 7.502 24.215 16.067 25.520 22.918 22.920 27.097 22.942 24.261 23.830 0.003 0.000 -0.000 -0.000 0.000 0.000 0.000 0.000 0.000 0.000 
0.000 0.000 0.000 0.000 0.000 0.000 5.800 6.210 4.572 31.252 30.110 29.127 29.053 27.865 26.821 29.593 26.640 28.017 28.665 27.056 22.466 0.003 0.000 0.000 0.000 0.000 0.000 0.000 0.000 
0.000 0.000 0.000 0.000 0.000 6.000 5.350 6.271 33.866 28.190 29.133 28.796 28.389 28.084 25.973 29.127 27.956 28.424 26.012 28.644 27.939 24.817 0.000 0.000 0.000 0.000 0.000 0.000 0.000 
0.000 0.000 0.000 0.000 0.000 5.380 5.237 14.637 29.504 29.477 27.293 26.401 29.281 26.715 26.973 29.041 27.471 25.772 29.041 27.922 28.550 28.675 27.969 -0.000 0.000 0.000 0.000 0.000 0.000 
0.000 0.000 0.000 0.000 8.160 0.244 2.138 27.073 28.072 29.480 27.896 27.242 27.852 27.866 28.175 28.601 26.532 27.139 28.216 28.906 27.297 28.317 27.403 25.005 0.000 0.000 0.000 0.000 0.000 
0.000 0.000 0.000 0.000 0.003 0.002 21.043 28.959 27.505 27.845 26.694 28.012 28.531 28.126 28.797 26.626 28.556 28.910 29.825 28.014 27.658 27.887 28.466 26.534 0.000 0.000 0.000 0.000 0.000 
0.000 0.000 0.000 0.004 0.002 0.001 28.503 28.235 27.064 25.058 26.996 27.541 27.586 27.758 27.481 27.893 27.960 27.221 29.108 27.620 28.118 27.215 27.616 26.927 29.330 -0.000 0.000 0.000 0.000 
0.000 0.000 0.000 0.000 0.000 5.271 28.307 28.605 27.457 28.107 26.808 29.177 27.545 27.701 28.277 30.849 27.991 27.470 28.627 26.185 29.364 26.655 27.818 26.479 28.154 0.000 0.000 0.000 0.000 
0.000 0.000 0.000 -0.000 0.000 22.987 29.150 26.615 27.487 28.539 27.284 26.030 27.361 28.456 28.373 28.117 27.747 27.339 28.707 28.331 26.857 27.722 28.106 25.620 28.858 0.000 0.000 0.000 0.000 
0.000 0.000 0.000 -0.000 0.000 27.475 27.541 28.574 27.046 28.717 28.596 27.911 29.135 25.846 30.225 28.171 27.064 28.683 27.733 28.331 27.574 27.983 27.010 27.272 27.462 0.000 0.000 0.000 0.000 
0.000 0.000 -0.000 0.000 0.000 27.658 27.266 27.476 26.971 28.458 29.148 27.701 28.785 28.484 27.091 28.416 26.916 27.425 28.555 27.305 26.530 27.490 27.279 28.566 31.145 0.000 0.000 0.000 0.000 
0.000 0.000 0.000 -0.000 0.000 26.407 28.525 28.113 29.557 28.806 27.591 26.260 29.584 29.246 28.568 27.483 26.860 27.999 26.427 28.803 26.987 28.364 26.459 26.715 29.770 0.000 0.000 0.000 0.000 
0.000 0.000 0.000 -0.000 0.001 0.213 27.686 27.363 27.857 28.852 29.746 27.777 27.921 27.051 28.241 28.053 25.577 28.360 27.501 27.159 26.553 28.428 28.896 28.193 27.781 -0.000 -0.000 0.000 0.000 
-0.000 0.000 -0.000 -0.000 0.000 0.293 27.656 28.295 29.721 26.969 28.923 29.503 27.184 27.230 26.607 27.232 27.690 27.703 27.990 27.892 29.065 26.972 28.544 28.748 26.381 0.000 0.000 -0.000 0.000 
0.000 -0.000 0.000 0.000 0.000 0.001 29.021 27.962 25.624 27.028 29.926 28.178 25.607 27.029 29.208 28.077 27.982 26.687 27.475 28.074 29.535 27.968 27.034 27.533 24.823 0.000 0.000 0.000 0.000 
0.000 0.000 0.000 0.000 -0.000 -0.000 0.002 28.387 29.044 27.211 27.433 28.294 28.834 28.183 29.240 26.929 26.762 28.101 27.417 29.325 26.077 27.293 27.295 27.099 0.000 0.000 0.000 0.000 0.000 
0.000 0.000 0.000 0.000 0.000 0.000 0.000 24.085 26.263 27.810 26.951 27.055 27.023 27.483 27.130 27.009 27.644 29.327 27.994 27.522 27.726 28.163 27.154 17.047 0.000 0.000 0.000 0.000 0.000 
0.000 0.000 0.000 0.000 0.000 0.000 -0.000 0.000 22.942 28.318 28.836 26.664 27.888 28.784 26.874 26.387 27.663 25.733 28.340 26.847 29.234 26.536 25.458 0.000 0.000 0.000 0.000 0.000 0.000 
0.000 0.000 0.000 0.000 0.000 0.000 0.000 0.000 -0.000 19.771 27.429 26.920 28.187 28.254 25.747 28.262 28.720 27.785 27.638 27.201 27.093 19.816 0.000 0.000 0.000 0.000 0.000 0.000 0.000 
0.000 0.000 0.000 0.000 0.000 0.000 0.000 0.000 0.000 -0.000 24.442 24.948 26.026 26.208 28.962 27.658 26.742 26.753 24.837 21.751 0.000 0.000 0.000 0.000 0.000 0.000 0.000 0.000 0.000 
0.000 0.000 0.000 0.000 0.000 0.000 0.000 0.000 0.000 0.000 0.000 0.000 0.000 13.341 17.756 23.843 20.189 -0.000 0.000 0.000 0.000 0.000 0.000 0.000 0.000 0.000 0.000 0.000 0.000 
0.000 0.000 0.000 0.000 0.000 0.000 0.000 0.000 0.000 0.000 0.000 0.000 0.000 -0.000 -0.000 -0.000 0.000 -0.000 0.000 0.000 0.000 0.000 0.000 0.000 0.000 0.000 0.000 0.000 0.000 
0.000 0.000 0.000 0.000 0.000 0.000 0.000 0.000 0.000 0.000 0.000 0.000 0.000 0.000 0.000 -0.000 0.000 0.000 0.000 0.000 0.000 0.000 0.000 0.000 0.000 0.000 0.000 0.000 0.000 
0.000 0.000 0.000 0.000 0.000 0.000 0.000 0.000 0.000 0.000 0.000 0.000 0.000 0.000 0.000 0.000 0.000 0.000 0.000 0.000 0.000 0.000 0.000 0.000 0.000 0.000 0.000 0.000 0.000 
0.000 0.000 0.000 0.000 0.000 0.000 0.000 0.000 0.000 0.000 0.000 0.000 0.000 0.000 0.000 0.000 0.000 0.000 0.000 0.000 0.000 0.000 0.000 0.000 0.000 0.000 0.000 0.000 0.000 
