# Vol_scan Display Grid (processed)
# Grid size: 42 x 29
# Format: reflectivity
# Ref point: (-56000.000000, 165000.000000)
# Grid res: 1000.000000 meters
0.000 0.000 0.000 0.000 0.000 0.000 0.000 0.000 0.000 0.000 0.000 0.000 0.000 0.000 0.000 0.000 0.000 0.000 0.000 0.000 0.000 0.000 0.000 0.000 0.000 0.000 0.000 0.000 0.000 
0.000 0.000 0.000 0.000 0.000 0.000 0.000 0.000 0.000 0.000 0.000 0.000 0.000 0.000 0.000 0.000 0.000 0.000 0.000 0.000 0.000 0.000 0.000 0.000 0.000 0.000 0.000 0.000 0.000 
0.000 0.000 0.000 0.000 0.000 0.000 0.000 0.000 0.000 0.000 0.000 0.000 0.000 0.000 0.000 0.000 0.000 0.000 0.000 -0.000 0.000 -0.000 0.000 0.000 0.000 0.000 0.000 0.000 0.000 
0.000 0.000 0.000 0.000 0.000 0.000 0.000 0.000 0.000 0.000 0.000 -0.000 -0.000 0.000 0.000 0.000 0.000 -0.000 0.000 0.000 0.000 -0.000 0.000 0.000 0.000 0.000 0.000 0.000 0.000 
0.000 0.000 0.000 0.000 0.000 0.000 0.000 -0.000 0.000 0.000 0.000 -0.000 0.000 0.000 0.000 -0.000 0.000 0.000 -0.000 -0.000 0.000 -0.000 0.000 0.000 0.000 0.000 0.000 0.000 0.000 
0.000 0.000 -0.000 0.000 -0.000 -0.000 0.000 -0.000 -0.000 -0.000 0.000 0.000 0.000 0.000 0.000 0.000 0.000 0.000 0.000 0.000 0.000 0.000 0.000 0.000 0.000 0.000 0.000 0.000 0.000 
0.000 0.000 0.000 -0.000 -0.000 -0.000 0.000 0.000 0.000 0.000 0.000 -0.000 0.000 0.000 0.000 0.000 0.000 0.000 -0.000 0.000 -0.000 0.000 -0.000 0.000 0.000 0.000 0.000 0.000 0.000 
0.000 0.000 0.000 -0.000 0.000 0.000 0.000 0.000 0.000 0.000 0.000 0.000 0.000 -0.000 0.000 -0.000 -0.000 0.000 0.000 0.000 0.000 0.000 -0.000 0.000 0.000 0.000 0.000 0.000 0.000 
0.000 0.000 0.000 -0.000 0.000 0.000 0.000 0.000 -0.000 0.000 0.000 0.000 0.000 0.000 0.000 27.702 0.003 0.000 0.000 -0.000 -0.000 0.000 -0.000 0.000 0.000 0.000 0.000 0.000 0.000 
0.000 0.000 -0.000 0.000 -0.000 0.000 0.000 0.000 0.000 0.000 0.000 33.856 29.196 29.471 31.291 32.874 0.003 0.000 0.000 0.000 0.000 0.000 0.000 0.000 0.000 0.000 0.000 0.000 0.000 
0.000 0.000 0.000 0.000 0.000 0.000 0.000 0.000 0.000 26.284 32.464 30.187 27.591 28.933 28.612 31.080 22.868 0.000 0.000 -0.000 32.527 0.004 0.000 -0.000 0.000 0.000 0.000 0.000 0.000 
0.000 0.000 0.000 0.000 -0.000 0.000 -0.000 0.000 0.000 -0.000 29.776 32.545 27.739 30.498 30.583 30.860 35.269 33.594 36.760 33.726 33.463 18.882 0.000 -0.000 0.000 0.000 0.000 0.000 0.000 
0.000 0.000 0.000 0.000 -0.000 0.000 0.000 0.000 0.000 0.000 28.994 32.023 35.298 34.448 34.344 36.425 32.259 31.809 36.605 34.303 35.120 28.568 0.000 -0.000 0.000 0.000 0.000 0.000 0.000 
0.000 0.000 0.000 -0.000 0.000 -0.000 0.000 0.000 35.063 37.850 34.674 34.833 35.183 35.689 32.727 33.335 33.581 31.809 33.148 34.896 35.788 28.798 36.083 30.254 0.000 0.000 0.000 0.000 0.000 
0.000 0.000 0.000 0.000 0.000 0.000 34.081 34.365 34.347 35.839 34.661 34.441 32.692 35.063 34.291 33.877 33.936 35.342 32.676 34.457 35.783 36.726 33.468 37.072 0.000 0.000 0.000 0.000 0.000 
0.000 0.000 0.000 0.000 0.000 -0.000 28.327 35.753 34.157 35.839 35.522 36.233 33.345 32.763 35.470 33.671 35.084 35.241 36.009 34.457 37.102 34.777 34.639 34.770 0.002 0.000 0.000 0.000 0.000 
0.000 0.000 0.000 0.000 0.000 -0.000 0.000 32.192 36.006 31.372 33.393 34.113 33.712 32.689 36.741 34.839 33.724 37.381 35.269 33.948 37.102 34.777 34.487 33.222 37.159 0.000 0.000 0.000 0.000 
0.000 0.000 0.000 0.000 -0.000 33.544 36.073 34.801 33.650 33.250 35.431 34.113 33.901 33.603 34.753 34.589 34.604 35.676 34.513 33.213 34.462 36.461 35.447 38.069 36.676 0.000 0.000 0.000 0.000 
0.000 0.000 0.000 0.000 0.000 34.147 33.232 33.390 34.091 33.465 34.609 34.822 33.901 33.603 41.928 42.627 35.270 34.497 34.126 32.659 35.629 36.004 35.331 35.552 36.676 0.000 0.000 0.000 0.000 
0.000 0.000 0.000 0.000 0.000 0.000 33.825 35.762 33.727 36.553 35.261 33.991 35.588 44.745 41.928 42.627 36.589 34.979 34.748 37.528 34.960 33.286 35.898 34.474 33.640 6.850 0.000 0.000 0.000 
0.000 0.000 0.000 0.000 0.000 35.912 33.598 34.261 33.693 35.670 34.518 35.495 34.932 43.973 45.106 42.571 36.589 34.979 34.748 35.839 34.835 33.370 34.284 36.058 36.426 0.000 0.000 0.000 0.000 
0.000 0.000 0.000 0.000 0.000 31.236 33.598 34.261 33.693 36.197 33.922 32.795 33.987 42.143 44.453 43.145 49.612 47.647 45.283 44.647 35.144 33.370 35.661 37.523 33.534 1.010 0.000 0.000 0.000 
0.000 0.000 0.000 0.000 0.000 -0.000 33.958 34.045 36.581 36.197 47.583 45.861 45.978 46.166 44.563 48.871 45.313 44.804 50.092 47.369 34.976 32.741 35.661 37.523 33.534 1.010 0.000 0.000 0.000 
0.000 0.000 0.000 0.000 0.000 0.000 31.714 34.099 32.326 34.155 49.694 48.701 45.978 46.166 44.563 48.871 49.266 44.668 46.642 45.951 36.274 36.311 34.610 35.895 0.000 0.000 0.000 0.000 0.000 
0.000 0.000 0.000 0.000 0.000 0.000 32.411 31.623 34.347 34.365 32.768 48.944 45.324 47.751 44.850 43.805 49.266 44.230 45.703 46.760 35.557 34.593 34.216 34.905 0.000 0.000 -0.000 0.000 0.000 
0.000 0.000 0.000 0.000 0.000 0.000 32.411 31.623 34.347 35.172 33.967 51.129 49.166 45.064 50.561 49.588 45.732 48.068 49.519 49.266 35.557 34.593 34.216 34.905 0.000 0.000 -0.000 0.000 0.000 
0.000 0.000 0.000 0.000 0.000 0.000 0.000 -0.000 30.703 34.548 30.568 51.129 49.166 45.064 45.900 47.977 47.913 43.093 46.964 44.541 45.200 34.778 33.686 35.288 33.639 0.000 -0.000 0.000 0.000 
0.000 0.000 0.000 0.000 0.000 0.000 -0.000 0.000 32.867 33.550 33.064 45.970 44.596 43.331 45.900 47.977 47.913 43.093 46.964 30.848 31.153 0.000 0.000 -0.000 -0.000 0.000 -0.000 0.000 0.000 
0.000 0.000 0.000 0.000 0.000 0.000 -0.000 0.000 32.867 32.404 33.135 47.485 28.603 44.640 46.458 51.413 45.192 45.027 41.860 31.237 31.510 0.000 0.000 -0.000 -0.000 0.000 -0.000 0.000 0.000 
0.000 0.000 0.000 0.000 0.000 0.000 0.000 0.000 0.000 0.000 0.000 0.000 28.603 44.640 46.458 51.413 45.192 46.831 41.416 32.157 36.262 0.000 0.000 0.000 0.000 0.000 0.000 0.000 0.000 
0.000 0.000 0.000 0.000 0.000 0.000 0.000 0.000 -0.000 0.000 -0.000 0.000 0.000 45.777 43.957 46.652 46.954 46.831 41.416 32.157 0.000 0.000 0.000 0.000 0.000 0.000 0.000 0.000 0.000 
0.000 0.000 0.000 0.000 0.000 0.000 0.000 0.000 -0.000 0.000 -0.000 0.000 0.000 -0.000 0.000 0.000 0.000 0.000 -0.000 0.000 -0.000 -0.000 0.000 -0.000 0.000 -0.000 0.000 -0.000 0.000 
0.000 0.000 0.000 0.000 0.000 0.000 0.000 0.000 -0.000 0.000 0.000 0.000 0.000 -0.000 0.000 0.000 0.000 0.000 -0.000 0.000 -0.000 -0.000 0.000 -0.000 0.000 -0.000 0.000 -0.000 0.000 
0.000 0.000 0.000 0.000 0.000 0.000 0.000 0.000 -0.000 0.000 0.000 0.000 0.000 0.000 0.000 0.000 0.000 0.000 0.000 0.000 0.000 -0.000 0.000 0.000 0.000 0.000 0.000 -0.000 0.000 
0.000 0.000 0.000 0.000 0.000 0.000 0.000 -0.000 0.000 -0.000 0.000 0.000 0.000 0.000 0.000 0.000 0.000 0.000 0.000 0.000 0.000 -0.000 0.000 0.000 0.000 0.000 0.000 -0.000 0.000 
0.000 0.000 0.000 0.000 0.000 0.000 0.000 -0.000 0.000 -0.000 0.000 0.000 0.000 0.000 0.000 0.000 0.000 0.000 -0.000 0.000 0.000 0.000 0.000 0.000 -0.000 -0.000 0.000 -0.000 0.000 
0.000 0.000 0.000 0.000 0.000 0.000 0.000 0.000 0.000 0.000 0.000 0.000 0.000 0.000 0.000 0.000 0.000 0.000 -0.000 0.000 0.000 0.000 0.000 0.000 -0.000 -0.000 0.000 0.000 0.000 
0.000 0.000 0.000 0.000 0.000 0.000 0.000 0.000 0.000 0.000 0.000 0.000 0.000 0.000 0.000 0.000 -0.000 0.000 0.000 0.000 -0.000 0.000 0.000 0.000 0.000 0.000 0.000 0.000 0.000 
0.000 0.000 0.000 0.000 0.000 0.000 0.000 0.000 0.000 0.000 0.000 0.000 0.000 0.000 -0.000 0.000 -0.000 0.000 0.000 0.000 -0.000 0.000 0.000 0.000 0.000 0.000 0.000 0.000 0.000 
0.000 0.000 0.000 0.000 0.000 0.000 0.000 0.000 0.000 0.000 0.000 0.000 0.000 0.000 -0.000 0.000 -0.000 0.000 0.000 0.000 -0.000 0.000 0.000 0.000 0.000 0.000 0.000 0.000 0.000 
0.000 0.000 0.000 0.000 0.000 0.000 0.000 0.000 0.000 -0.000 -0.000 -0.000 0.000 0.000 0.000 -0.000 0.000 0.000 0.000 0.000 0.000 0.000 0.000 0.000 0.000 0.000 0.000 0.000 0.000 
0.000 0.000 0.000 0.000 0.000 0.000 0.000 0.000 0.000 0.000 0.000 0.000 0.000 0.000 0.000 0.000 0.000 0.000 0.000 0.000 0.000 0.000 0.000 0.000 0.000 0.000 0.000 0.000 0.000 
