# Vol_scan Display Grid (processed)
# Grid size: 41 x 28
# Format: reflectivity
# Ref point: (-49000.000000, 165000.000000)
# Grid res: 1000.000000 meters
0.000 0.000 0.000 0.000 0.000 0.000 0.000 0.000 0.000 0.000 0.000 0.000 0.000 0.000 0.000 0.000 0.000 0.000 0.000 0.000 0.000 0.000 0.000 0.000 0.000 0.000 0.000 0.000 
0.000 0.000 0.000 0.000 0.000 0.000 0.000 0.000 0.000 0.000 0.000 0.000 0.000 0.000 0.000 0.000 -0.000 0.000 0.000 -0.000 -0.000 0.000 0.000 0.000 0.000 0.000 0.000 0.000 
0.000 0.000 0.000 0.000 0.000 0.000 0.000 0.000 0.000 0.000 0.000 0.000 0.000 -0.000 0.000 0.000 0.000 0.000 0.000 0.000 0.000 0.000 0.000 0.000 0.000 0.000 0.000 0.000 
0.000 0.000 0.000 0.000 0.000 0.000 0.000 0.000 0.000 0.000 0.000 0.000 -0.000 0.000 0.000 0.000 0.000 -0.000 0.000 -0.000 0.000 -0.000 0.000 0.000 0.000 0.000 0.000 0.000 
0.000 0.000 0.000 0.000 -0.000 0.000 -0.000 0.000 0.000 -0.000 0.000 0.000 0.000 0.000 -0.000 0.000 -0.000 -0.000 0.000 0.000 0.000 0.000 0.000 0.000 0.000 0.000 0.000 0.000 
0.000 0.000 -0.000 0.000 -0.000 0.000 0.000 0.000 0.000 0.000 0.000 0.000 0.000 0.000 0.000 0.000 0.000 0.000 0.000 0.000 -0.000 -0.000 0.000 0.000 0.000 0.000 0.000 0.000 
0.000 0.000 -0.000 -0.000 0.000 -0.000 0.000 0.000 0.000 0.000 0.000 0.000 0.000 0.000 -0.000 0.000 0.000 0.000 0.000 0.000 0.000 0.000 0.000 0.000 0.000 0.000 0.000 0.000 
0.000 0.000 0.000 0.000 0.000 0.000 0.000 0.000 0.000 0.000 0.000 0.000 0.000 -0.000 0.000 0.000 0.000 30.374 0.000 0.000 -0.000 0.000 -0.000 0.000 0.000 0.000 0.000 0.000 
0.000 0.000 0.000 0.000 0.000 -0.000 0.000 -0.000 0.000 0.000 -0.000 0.000 0.000 34.989 34.848 35.129 30.776 31.576 0.000 0.000 0.000 0.000 0.000 0.000 0.000 0.000 0.000 0.000 
0.000 0.000 0.000 -0.000 0.000 -0.000 0.000 0.000 0.000 31.695 34.352 36.380 33.652 36.284 35.030 35.135 33.851 29.065 0.005 0.000 0.000 0.000 -0.000 0.000 0.000 0.000 0.000 0.000 
0.000 0.000 0.000 -0.000 -0.000 0.000 -0.000 0.000 0.000 30.835 34.962 36.380 33.207 37.322 34.317 34.925 33.388 30.721 21.247 34.517 33.372 24.407 0.000 0.000 0.000 0.000 0.000 0.000 
0.000 0.000 0.000 0.000 0.000 0.000 0.000 0.000 0.000 32.557 33.964 35.212 33.207 37.322 33.115 33.290 33.841 34.571 36.251 37.764 32.739 34.848 0.005 0.000 0.000 0.000 0.000 0.000 
0.000 0.000 0.000 0.000 0.000 0.000 -0.000 0.000 -0.000 27.163 33.776 32.763 34.268 34.368 33.115 33.290 33.681 32.772 34.954 35.219 35.376 37.012 29.426 -0.000 0.000 0.000 0.000 0.000 
0.000 0.000 0.000 0.000 0.000 0.000 34.515 32.983 34.740 32.232 36.206 35.794 36.421 35.276 36.105 34.960 33.681 32.772 34.954 36.460 33.820 34.710 35.401 38.355 0.010 0.000 0.000 0.000 
0.000 0.000 0.000 0.000 -0.000 0.000 34.515 32.983 34.740 34.813 35.109 33.181 35.267 34.170 33.146 33.184 34.910 35.546 36.769 33.938 36.214 34.710 37.240 34.195 30.380 0.000 0.000 0.000 
0.000 0.000 0.000 0.000 -0.000 -0.000 28.696 33.901 33.945 34.813 33.428 33.674 33.737 33.726 32.862 34.667 34.339 34.928 33.609 34.529 35.242 33.347 37.240 34.195 30.380 0.000 0.000 0.000 
0.000 0.000 0.000 0.000 0.000 35.981 35.389 35.204 36.460 31.440 35.444 35.836 33.737 33.726 32.862 34.667 32.778 33.749 32.817 33.480 37.226 33.851 35.436 36.066 34.874 0.000 0.000 0.000 
0.000 0.000 0.000 0.000 0.000 30.591 35.656 33.348 33.009 35.212 35.343 34.347 35.103 33.088 33.475 33.301 32.778 32.952 34.066 31.658 34.846 35.792 35.172 37.033 34.896 0.000 0.000 0.000 
0.000 0.000 0.000 0.000 0.000 30.591 35.656 33.348 33.009 34.872 34.685 34.570 38.278 37.718 44.040 41.060 34.730 35.894 31.245 35.446 34.846 35.792 35.172 37.033 34.896 0.000 0.000 0.000 
0.000 0.000 0.000 0.000 0.000 -0.000 33.402 35.236 32.744 32.462 34.485 34.570 38.278 37.718 44.296 39.803 37.435 42.138 31.855 35.495 32.269 34.557 32.361 32.799 38.319 0.000 0.000 0.000 
0.000 0.000 0.000 0.000 0.000 -0.000 33.827 33.712 34.603 34.888 32.982 33.045 38.882 41.141 44.296 39.803 37.435 42.138 31.855 41.351 33.973 36.175 35.196 33.361 36.530 0.000 0.000 0.000 
0.000 0.000 0.000 0.000 0.000 -0.000 33.827 33.712 34.603 33.834 33.820 35.442 42.168 40.611 45.882 42.948 41.361 42.509 42.892 42.579 32.567 36.175 35.196 33.361 36.530 0.000 0.000 0.000 
0.000 0.000 0.000 0.000 0.000 0.000 33.615 35.004 33.629 35.893 40.066 43.107 42.168 40.611 45.882 42.948 41.361 39.117 42.440 43.786 32.929 36.602 32.322 37.150 35.798 34.656 0.000 0.000 
0.000 0.000 0.000 0.000 0.000 0.000 0.000 32.015 35.072 34.104 33.367 41.621 41.245 44.208 38.569 37.417 43.023 39.117 42.440 43.786 34.304 32.096 34.972 32.900 0.000 0.000 0.000 0.000 
0.000 0.000 0.000 0.000 0.000 0.000 0.000 32.015 35.072 34.104 33.367 41.621 41.245 40.078 42.203 40.523 43.421 47.421 42.777 42.904 33.891 34.993 32.293 31.078 0.000 -0.000 0.000 0.000 
0.000 0.000 0.000 0.000 0.000 0.000 -0.000 0.000 33.300 35.130 35.005 45.588 45.792 40.078 42.203 40.523 43.421 47.421 42.777 42.904 33.891 34.993 32.293 31.078 0.000 -0.000 0.000 0.000 
0.000 0.000 0.000 0.000 0.000 0.000 -0.000 0.000 33.300 35.130 35.005 41.634 41.672 42.397 42.895 38.901 40.287 41.742 40.420 41.960 42.879 33.694 34.482 0.000 0.000 0.000 0.000 0.000 
0.000 0.000 0.000 0.000 0.000 0.000 -0.000 -0.000 0.000 31.763 33.200 41.634 41.672 42.397 42.895 37.458 41.454 40.919 32.536 0.000 0.000 -0.000 0.000 0.000 0.000 0.000 0.000 0.000 
0.000 0.000 0.000 0.000 0.000 0.000 -0.000 -0.000 0.000 -0.000 0.000 0.000 0.000 28.258 42.109 41.753 36.929 39.500 31.107 26.945 0.000 0.000 0.000 0.000 -0.000 -0.000 0.000 0.000 
0.000 0.000 0.000 0.000 0.000 0.000 0.000 0.000 0.000 0.000 0.000 0.000 0.000 28.258 42.109 41.753 36.929 39.500 31.107 26.945 0.000 0.000 0.000 0.000 -0.000 -0.000 0.000 0.000 
0.000 0.000 0.000 0.000 0.000 0.000 0.000 0.000 0.000 0.000 0.000 0.000 0.000 28.258 42.109 41.753 0.000 -0.000 0.000 0.000 0.000 0.000 0.000 0.000 0.000 0.000 0.000 0.000 
0.000 0.000 0.000 0.000 0.000 0.000 0.000 0.000 0.000 -0.000 0.000 -0.000 0.000 0.000 0.000 0.000 0.000 -0.000 0.000 0.000 0.000 0.000 0.000 0.000 0.000 0.000 0.000 0.000 
0.000 0.000 0.000 0.000 0.000 0.000 0.000 0.000 0.000 -0.000 0.000 -0.000 0.000 0.000 0.000 0.000 0.000 -0.000 0.000 0.000 0.000 0.000 0.000 0.000 0.000 0.000 0.000 0.000 
0.000 0.000 0.000 0.000 0.000 0.000 0.000 -0.000 0.000 -0.000 0.000 0.000 0.000 0.000 -0.000 0.000 0.000 0.000 0.000 -0.000 0.000 -0.000 -0.000 0.000 -0.000 0.000 -0.000 0.000 
0.000 0.000 0.000 0.000 0.000 0.000 0.000 -0.000 0.000 -0.000 0.000 0.000 0.000 0.000 -0.000 0.000 0.000 0.000 0.000 -0.000 0.000 -0.000 -0.000 0.000 -0.000 0.000 -0.000 0.000 
0.000 0.000 0.000 0.000 0.000 0.000 0.000 -0.000 0.000 -0.000 0.000 0.000 0.000 0.000 -0.000 0.000 0.000 0.000 0.000 -0.000 0.000 -0.000 -0.000 0.000 -0.000 0.000 -0.000 0.000 
0.000 0.000 0.000 0.000 0.000 0.000 0.000 -0.000 -0.000 0.000 -0.000 0.000 0.000 0.000 0.000 0.000 0.000 0.000 0.000 0.000 0.000 0.000 0.000 0.000 0.000 0.000 0.000 0.000 
0.000 0.000 0.000 0.000 0.000 0.000 0.000 -0.000 -0.000 0.000 0.000 0.000 0.000 0.000 0.000 0.000 0.000 0.000 0.000 0.000 0.000 0.000 0.000 0.000 0.000 0.000 0.000 0.000 
0.000 0.000 0.000 0.000 0.000 0.000 0.000 -0.000 -0.000 0.000 0.000 0.000 0.000 0.000 0.000 0.000 0.000 0.000 0.000 0.000 0.000 0.000 0.000 0.000 0.000 0.000 0.000 0.000 
0.000 0.000 0.000 0.000 0.000 0.000 0.000 -0.000 -0.000 0.000 0.000 0.000 0.000 0.000 0.000 0.000 0.000 0.000 0.000 0.000 0.000 0.000 0.000 0.000 0.000 0.000 0.000 0.000 
0.000 0.000 0.000 0.000 0.000 0.000 0.000 0.000 0.000 0.000 0.000 0.000 0.000 0.000 0.000 0.000 0.000 0.000 0.000 0.000 0.000 0.000 0.000 0.000 0.000 0.000 0.000 0.000 
