# Vol_scan Display Grid (processed)
# Grid size: 37 x 26
# Format: reflectivity
# Ref point: (-36000.000000, 166000.000000)
# Grid res: 1000.000000 meters
0.000 0.000 0.000 0.000 0.000 0.000 0.000 0.000 0.000 0.000 0.000 0.000 0.000 0.000 0.000 0.000 0.000 0.000 0.000 0.000 0.000 0.000 0.000 0.000 0.000 0.000 
0.000 0.000 0.000 0.000 0.000 0.000 0.000 0.000 0.000 0.000 0.000 0.000 0.000 0.000 0.000 0.000 0.000 0.000 -0.000 0.000 0.000 -0.000 0.000 0.000 0.000 0.000 
0.000 0.000 0.000 0.000 0.000 0.000 0.000 0.000 0.000 0.000 0.000 0.000 0.000 0.000 0.000 -0.000 0.000 0.000 0.000 0.000 0.000 -0.000 0.000 0.000 0.000 0.000 
0.000 0.000 0.000 0.000 0.000 0.000 0.000 0.000 0.000 0.000 0.000 0.000 0.000 0.000 0.000 0.000 0.000 0.000 0.000 0.000 0.000 0.000 0.000 0.000 0.000 0.000 
0.000 0.000 0.000 0.000 0.000 0.000 -0.000 0.000 -0.000 0.000 0.000 0.000 0.000 0.000 -0.000 0.000 0.000 0.000 0.000 -0.000 0.000 -0.000 0.000 0.000 0.000 0.000 
0.000 0.000 0.000 0.000 0.000 0.000 -0.000 0.000 0.000 0.000 0.000 -0.000 0.000 0.000 0.000 0.000 -0.000 0.000 -0.000 -0.000 0.000 -0.000 0.000 0.000 0.000 0.000 
0.000 0.000 0.000 0.000 0.000 0.000 -0.000 0.000 0.000 0.000 0.000 -0.000 0.000 0.000 0.000 0.000 0.000 0.000 0.000 -0.000 0.000 0.000 0.000 0.000 0.000 0.000 
0.000 0.000 0.000 0.000 0.000 -0.000 0.000 -0.000 0.000 0.000 0.000 0.000 0.000 0.000 0.000 0.000 0.000 0.000 28.844 0.000 0.000 0.000 -0.000 0.000 0.000 0.000 
0.000 0.000 0.000 0.000 0.000 -0.000 0.000 -0.000 0.000 0.000 0.000 33.657 34.744 34.215 33.892 36.188 33.957 35.328 29.734 0.002 0.000 0.000 -0.000 0.000 0.000 0.000 
0.000 0.000 0.000 0.000 0.000 0.000 0.000 27.730 32.419 36.282 37.346 33.657 34.744 34.215 33.892 36.188 34.395 35.565 28.049 19.415 0.000 0.000 0.000 0.000 0.000 0.000 
0.000 0.000 0.000 0.000 0.000 0.000 0.000 30.573 35.146 33.036 32.378 33.531 33.370 35.210 35.248 34.575 34.395 35.565 28.049 34.687 37.119 35.368 0.002 0.000 0.000 0.000 
0.000 0.000 0.000 0.000 0.000 0.000 0.000 30.573 35.146 33.036 32.378 33.531 37.318 33.556 34.156 32.598 33.575 35.829 35.785 36.381 33.181 36.227 30.273 0.000 0.000 0.000 
0.000 0.000 0.000 0.000 0.000 32.642 32.422 34.482 34.067 33.958 35.318 37.014 37.318 33.556 34.156 32.598 33.575 35.829 35.785 36.381 33.181 36.227 30.273 0.000 0.000 0.000 
0.000 0.000 0.000 0.000 0.000 32.642 32.422 34.482 34.067 33.958 35.020 34.077 35.071 33.172 34.415 33.653 32.670 35.279 35.533 33.316 35.107 37.904 33.802 33.375 0.000 0.000 
0.000 0.000 0.000 0.000 0.000 30.663 35.008 34.732 34.345 34.340 35.020 34.077 35.071 33.172 34.323 34.145 34.442 34.095 33.095 36.656 35.407 35.828 33.802 33.375 0.000 0.000 
0.000 0.000 0.000 0.000 0.000 30.663 35.022 36.004 35.210 33.184 33.653 34.551 34.057 35.722 35.541 33.583 35.258 35.304 34.852 33.606 32.962 34.044 37.007 34.836 0.000 0.000 
0.000 0.000 0.000 0.000 0.000 34.516 33.127 34.459 36.071 34.246 33.653 34.551 34.057 35.722 35.541 33.583 35.258 35.304 34.852 33.606 32.962 34.044 37.007 34.836 0.000 0.000 
0.000 0.000 0.000 0.000 0.000 34.516 33.127 34.459 36.071 34.246 33.653 34.551 34.057 35.722 35.541 37.133 33.607 35.410 32.573 34.704 33.041 33.075 35.504 34.737 35.602 0.000 
0.000 0.000 0.000 0.000 0.000 33.673 31.741 36.298 35.598 36.072 33.979 35.245 35.188 37.682 35.213 37.133 33.607 35.410 32.573 34.704 33.041 33.075 35.504 34.737 35.602 0.000 
0.000 0.000 0.000 0.000 0.000 32.587 31.741 36.298 35.598 36.072 33.979 35.245 35.188 37.682 35.213 37.133 33.607 35.410 32.573 34.704 33.041 33.075 35.504 34.737 35.602 0.000 
0.000 0.000 0.000 0.000 0.000 31.949 34.717 32.564 36.104 32.959 33.404 34.758 35.636 38.273 33.508 34.186 35.982 36.832 36.105 34.293 34.592 35.477 33.416 35.357 0.000 0.000 
0.000 0.000 0.000 0.000 0.000 31.949 34.209 35.581 33.707 33.646 34.827 33.403 33.215 37.210 35.014 35.629 33.487 36.832 36.105 34.293 34.592 35.477 33.416 35.357 0.000 0.000 
0.000 0.000 0.000 0.000 0.000 0.000 34.209 35.581 33.707 33.646 34.827 33.403 33.215 37.210 35.014 35.629 33.487 36.832 36.105 34.293 34.592 35.477 33.416 35.357 0.000 0.000 
0.000 0.000 0.000 0.000 0.000 0.000 36.174 35.122 36.785 36.370 35.159 35.101 34.024 34.429 33.669 34.808 35.293 37.346 35.687 36.709 35.807 33.424 0.000 0.000 0.000 0.000 
0.000 0.000 0.000 0.000 0.000 0.000 0.000 -0.000 33.017 36.269 33.145 34.822 34.607 33.177 36.202 35.249 34.705 37.841 34.406 33.612 35.807 33.424 0.000 0.000 0.000 0.000 
0.000 0.000 0.000 0.000 0.000 0.000 0.000 -0.000 33.017 36.269 33.145 34.822 34.607 33.177 36.202 35.249 34.705 37.841 34.406 33.612 35.807 33.424 0.000 0.000 0.000 0.000 
0.000 0.000 0.000 0.000 0.000 0.000 0.000 -0.000 33.017 36.269 33.145 34.822 34.607 33.177 36.202 35.249 34.705 37.841 34.406 33.612 35.807 33.424 0.000 0.000 0.000 0.000 
0.000 0.000 0.000 0.000 0.000 0.000 0.000 0.000 0.000 0.000 0.000 0.000 0.000 0.000 0.000 0.000 0.000 0.000 -0.000 0.000 0.000 0.000 0.000 0.000 -0.000 0.000 
0.000 0.000 0.000 0.000 0.000 0.000 0.000 0.000 0.000 0.000 0.000 0.000 0.000 0.000 0.000 0.000 0.000 0.000 -0.000 0.000 0.000 0.000 0.000 0.000 -0.000 0.000 
0.000 0.000 0.000 0.000 0.000 0.000 0.000 0.000 0.000 0.000 0.000 0.000 0.000 0.000 0.000 0.000 0.000 0.000 -0.000 0.000 0.000 0.000 0.000 0.000 -0.000 0.000 
0.000 0.000 0.000 0.000 0.000 0.000 0.000 0.000 0.000 0.000 0.000 0.000 0.000 0.000 0.000 0.000 0.000 0.000 -0.000 0.000 0.000 0.000 0.000 0.000 -0.000 0.000 
0.000 0.000 0.000 0.000 0.000 0.000 0.000 0.000 0.000 0.000 0.000 0.000 0.000 0.000 0.000 0.000 0.000 0.000 -0.000 0.000 0.000 0.000 0.000 0.000 -0.000 0.000 
0.000 0.000 0.000 0.000 0.000 0.000 0.000 0.000 0.000 0.000 0.000 0.000 0.000 0.000 0.000 0.000 0.000 0.000 -0.000 0.000 0.000 0.000 0.000 0.000 -0.000 0.000 
0.000 0.000 0.000 0.000 0.000 0.000 0.000 0.000 0.000 0.000 0.000 0.000 0.000 0.000 0.000 0.000 0.000 0.000 -0.000 0.000 0.000 0.000 0.000 0.000 -0.000 0.000 
0.000 0.000 0.000 0.000 0.000 0.000 0.000 0.000 0.000 0.000 0.000 0.000 0.000 0.000 0.000 0.000 0.000 0.000 -0.000 0.000 0.000 0.000 0.000 0.000 -0.000 0.000 
0.000 0.000 0.000 0.000 0.000 0.000 0.000 0.000 0.000 0.000 0.000 0.000 0.000 0.000 0.000 0.000 0.000 0.000 -0.000 0.000 0.000 0.000 0.000 0.000 -0.000 0.000 
0.000 0.000 0.000 0.000 0.000 0.000 0.000 0.000 0.000 0.000 0.000 0.000 0.000 0.000 0.000 0.000 0.000 0.000 -0.000 0.000 0.000 0.000 0.000 0.000 -0.000 0.000 
