# Vol_scan Display Grid (processed)
# Grid size: 27 x 27
# Format: reflectivity
# Ref point: (-48000.000000, 167000.000000)
# Grid res: 1000.000000 meters
0.000 0.000 0.000 0.000 0.000 0.000 0.000 0.000 0.000 0.000 0.000 0.000 0.000 0.000 -0.000 0.000 -0.000 0.000 0.000 -0.000 0.000 0.000 0.000 0.000 0.000 0.000 0.000 
0.000 0.000 0.000 0.000 0.000 0.000 0.000 0.000 0.000 16.582 24.924 25.595 26.740 25.920 23.055 24.775 24.725 0.000 -0.000 0.000 0.000 0.000 0.000 0.000 0.000 0.000 0.000 
0.000 -0.000 -0.000 -0.000 -0.000 0.000 0.000 0.000 23.032 27.049 28.260 27.156 29.616 28.798 28.094 28.631 28.541 27.738 23.435 0.000 -0.000 0.000 0.000 0.000 0.000 0.000 0.000 
0.000 -0.000 0.000 0.000 0.000 0.000 13.793 24.998 28.068 27.991 28.779 27.368 27.690 27.671 27.356 27.808 27.082 28.160 28.706 23.041 0.000 0.000 0.000 0.000 0.000 0.000 0.000 
-0.000 -0.000 0.000 0.000 0.000 7.773 25.452 28.368 27.305 28.516 28.913 28.639 28.541 27.002 28.325 28.251 27.984 28.273 27.972 29.234 27.710 -0.000 0.000 0.000 0.000 0.000 0.000 
0.000 0.000 -0.000 0.000 0.218 26.491 27.175 27.903 28.142 29.569 28.840 27.481 28.341 28.454 27.041 28.016 30.350 28.505 27.813 27.744 27.239 24.588 0.000 0.000 0.000 0.000 0.000 
0.000 0.000 0.000 0.000 11.616 27.844 26.752 25.961 26.332 27.925 27.433 27.995 28.082 27.566 28.663 28.692 27.628 27.914 28.860 26.635 27.407 28.900 25.981 0.000 0.000 0.000 0.000 
0.000 0.000 0.000 0.000 27.432 28.314 27.861 29.523 27.659 28.131 27.950 28.839 28.316 27.990 29.233 29.965 28.558 28.756 28.544 28.157 27.687 27.462 28.821 -0.000 0.000 0.000 0.000 
0.000 0.000 0.000 0.068 27.791 29.245 26.131 29.352 28.124 28.046 29.312 27.988 27.985 26.753 27.703 27.694 28.697 25.479 26.609 28.113 26.888 27.098 28.808 -0.000 -0.000 0.000 0.000 
0.000 0.000 0.000 15.335 28.785 28.745 27.134 29.005 28.146 27.656 28.324 28.664 29.782 27.196 28.623 29.488 27.583 27.526 28.259 27.529 28.486 28.524 27.802 -0.000 0.000 -0.000 0.000 
-0.000 0.000 0.001 6.542 27.312 27.454 27.059 26.303 28.057 27.498 28.119 28.495 29.288 27.134 25.642 27.222 28.518 29.120 28.539 26.426 27.519 27.984 27.790 20.305 0.000 -0.000 0.000 
0.128 0.006 0.000 24.128 28.244 27.796 28.436 26.768 26.217 27.707 27.391 30.751 29.251 31.298 29.091 28.722 27.698 28.149 28.070 28.951 27.735 28.992 27.655 26.261 0.000 0.000 0.000 
0.000 0.043 0.099 18.531 27.697 27.222 28.227 26.079 28.841 29.707 32.826 33.282 34.733 34.911 32.309 34.148 32.910 28.798 27.250 28.796 28.361 27.036 27.769 21.407 0.000 0.000 0.000 
6.060 0.082 0.150 2.097 29.494 27.563 28.401 27.651 27.213 30.772 31.510 33.382 32.605 33.030 36.130 34.127 33.927 30.589 29.674 28.140 27.107 26.861 27.654 0.000 0.000 0.000 0.000 
0.000 0.049 0.054 0.005 29.077 27.947 27.847 27.894 26.407 33.008 32.084 35.112 33.054 32.835 35.523 32.124 35.648 34.681 27.923 27.257 27.279 29.729 28.247 0.000 0.000 0.000 0.000 
0.000 5.740 8.874 6.544 27.015 27.964 28.105 28.838 29.017 33.678 32.290 33.957 33.043 31.989 32.682 33.725 35.240 34.649 29.510 27.071 28.311 26.420 26.223 0.000 0.000 0.000 0.000 
0.000 0.000 4.390 5.820 22.335 28.277 27.941 26.792 29.251 32.713 31.885 32.895 33.906 34.269 32.623 33.385 36.602 32.784 32.309 29.143 27.173 27.697 0.000 0.000 0.000 0.000 0.000 
0.000 0.000 0.000 5.981 6.852 29.713 27.492 27.512 28.298 33.753 32.824 32.681 33.551 31.878 32.581 35.355 33.347 33.463 33.390 29.833 26.252 25.754 0.000 0.000 0.000 0.000 0.000 
0.000 0.000 0.000 6.810 5.740 5.116 26.579 28.681 27.038 33.483 32.822 33.696 32.436 32.410 32.973 33.026 34.925 35.180 27.042 29.077 25.206 0.000 0.000 0.000 0.000 0.000 0.000 
0.000 0.000 0.000 0.000 7.490 5.065 0.063 27.469 27.462 36.191 33.661 32.842 33.658 33.009 32.091 31.639 34.143 31.682 28.209 22.399 0.000 0.000 0.000 0.000 0.000 0.000 0.000 
0.000 0.000 0.000 0.000 0.000 0.082 0.124 0.063 0.365 24.773 32.243 33.471 33.564 34.141 34.510 34.287 31.820 23.043 17.609 -0.000 0.000 0.000 0.000 0.000 0.000 0.000 0.000 
0.000 0.000 0.000 0.000 0.000 6.640 0.065 0.028 0.001 0.001 3.625 19.389 33.966 28.688 32.431 28.309 0.002 0.000 -0.000 0.000 0.000 0.000 0.000 0.000 0.000 0.000 0.000 
0.000 0.000 0.000 0.000 0.000 0.000 0.000 0.066 0.006 0.000 0.000 0.000 0.000 0.000 0.000 0.000 0.000 0.000 0.000 0.000 0.000 0.000 0.000 0.000 0.000 0.000 0.000 
0.000 0.000 0.000 0.000 0.000 0.000 0.000 0.000 0.000 -0.000 0.000 0.000 0.000 0.000 0.000 0.000 0.000 -0.000 0.000 0.000 0.000 0.000 0.000 0.000 0.000 0.000 0.000 
0.000 0.000 0.000 0.000 0.000 0.000 0.000 0.000 0.000 0.000 0.000 0.000 0.000 -0.000 -0.000 0.000 0.000 0.000 0.000 0.000 0.000 0.000 0.000 0.000 0.000 0.000 0.000 
0.000 0.000 0.000 0.000 0.000 0.000 0.000 0.000 0.000 0.000 -0.000 0.000 0.000 0.000 0.000 0.000 0.000 0.000 0.000 0.000 0.000 0.000 0.000 0.000 0.000 0.000 0.000 
0.000 0.000 0.000 0.000 0.000 0.000 0.000 0.000 0.000 0.000 0.000 0.000 0.000 0.000 0.000 0.000 0.000 0.000 0.000 0.000 0.000 0.000 0.000 0.000 0.000 0.000 0.000 
