# Vol_scan Display Grid (processed)
# Grid size: 39 x 27
# Format: reflectivity
# Ref point: (-43000.000000, 166000.000000)
# Grid res: 1000.000000 meters
0.000 0.000 0.000 0.000 0.000 0.000 0.000 0.000 0.000 0.000 0.000 0.000 0.000 0.000 0.000 0.000 0.000 0.000 0.000 0.000 0.000 0.000 0.000 0.000 0.000 0.000 0.000 
0.000 0.000 0.000 0.000 0.000 0.000 0.000 0.000 0.000 0.000 0.000 0.000 0.000 0.000 0.000 0.000 0.000 0.000 0.000 -0.000 0.000 -0.000 0.000 0.000 0.000 0.000 0.000 
0.000 0.000 0.000 0.000 0.000 0.000 0.000 0.000 0.000 0.000 0.000 0.000 0.000 0.000 -0.000 0.000 -0.000 -0.000 0.000 0.000 0.000 0.000 0.000 0.000 0.000 0.000 0.000 
0.000 0.000 0.000 0.000 0.000 0.000 0.000 0.000 0.000 -0.000 0.000 0.000 0.000 0.000 0.000 0.000 0.000 -0.000 0.000 0.000 0.000 -0.000 0.000 0.000 0.000 0.000 0.000 
0.000 0.000 0.000 -0.000 0.000 -0.000 0.000 0.000 0.000 0.000 0.000 0.000 0.000 0.000 -0.000 0.000 0.000 0.000 0.000 0.000 -0.000 -0.000 0.000 0.000 0.000 0.000 0.000 
0.000 0.000 0.000 0.000 0.000 0.000 0.000 0.000 0.000 0.000 0.000 0.000 0.000 -0.000 0.000 0.000 0.000 0.000 0.000 0.000 0.000 0.000 0.000 0.000 0.000 0.000 0.000 
0.000 0.000 0.000 0.000 0.000 -0.000 0.000 -0.000 0.000 0.000 0.000 0.000 0.000 -0.000 0.000 -0.000 0.000 -0.000 -0.000 0.000 -0.000 0.000 -0.000 0.000 0.000 0.000 0.000 
0.000 0.000 0.000 0.000 0.000 -0.000 0.000 0.000 0.000 0.000 -0.000 0.000 0.000 0.000 0.000 -0.000 0.000 -0.000 -0.000 0.000 0.000 0.000 0.000 0.000 0.000 0.000 0.000 
0.000 0.000 0.000 0.000 0.000 -0.000 0.000 0.000 0.000 0.000 0.000 0.000 0.000 0.000 0.000 34.107 35.088 35.389 30.459 27.380 0.000 -0.000 -0.000 0.000 0.000 0.000 0.000 
0.000 0.000 0.000 0.000 -0.000 0.000 -0.000 0.000 0.000 34.857 34.733 34.255 35.179 32.926 31.480 35.916 32.852 32.834 33.460 28.570 0.000 -0.000 -0.000 0.000 0.000 0.000 0.000 
0.000 0.000 0.000 0.000 0.000 0.000 27.324 35.334 35.806 32.174 35.822 34.255 35.179 32.926 31.480 33.141 34.197 35.717 34.548 30.314 0.004 0.000 31.871 0.000 0.000 0.000 0.000 
0.000 0.000 0.000 0.000 0.000 0.000 28.523 35.216 34.313 34.445 35.501 36.013 34.898 31.348 34.017 33.141 33.112 33.485 35.132 33.586 31.899 38.770 33.336 -0.000 0.000 0.000 0.000 
0.000 0.000 0.000 0.000 0.000 0.000 28.523 35.216 36.764 35.876 33.929 35.036 35.696 34.077 34.293 35.119 31.888 33.859 36.609 33.586 31.899 38.770 33.336 -0.000 0.000 0.000 0.000 
0.000 0.000 0.000 0.000 0.000 35.217 34.066 34.203 34.426 36.546 33.929 35.036 35.696 34.777 33.838 35.608 34.254 34.010 34.948 36.017 35.881 35.417 35.488 0.000 0.000 0.000 0.000 
0.000 0.000 0.000 0.000 0.000 32.689 34.891 36.154 34.392 34.291 32.372 35.928 32.692 34.777 33.838 35.608 34.254 34.010 35.845 34.105 35.407 32.859 33.783 34.791 0.000 0.000 0.000 
0.000 0.000 0.000 0.000 0.000 32.689 34.891 36.154 33.686 36.726 34.585 35.355 34.121 32.372 32.459 36.273 35.239 36.118 32.773 34.585 35.407 32.859 33.783 34.791 0.000 0.000 0.000 
0.000 0.000 0.000 0.000 0.000 36.643 32.264 33.558 33.717 34.813 32.024 35.355 34.121 32.372 32.459 36.273 34.544 34.260 35.577 35.766 35.066 37.848 34.943 34.326 6.661 0.000 0.000 
0.000 0.000 0.000 0.000 32.442 34.484 34.774 34.554 34.975 34.723 31.710 33.671 33.860 31.164 33.685 36.029 34.544 34.260 35.577 35.772 33.350 33.404 36.606 36.790 0.079 0.000 0.000 
0.000 0.000 0.000 0.000 32.442 34.484 34.774 34.554 34.975 34.723 31.710 33.671 34.183 35.477 38.686 35.635 35.371 36.484 33.041 37.054 35.134 32.958 35.054 33.958 1.133 0.000 0.000 
0.000 0.000 0.000 0.000 0.000 34.483 35.149 32.744 32.583 34.263 36.722 32.901 34.183 35.477 38.686 35.635 35.371 36.484 33.041 37.054 35.134 32.958 35.054 33.958 1.133 0.000 0.000 
0.000 0.000 0.000 0.000 0.000 34.483 35.149 32.744 32.583 34.263 31.279 35.805 37.264 38.591 36.602 37.388 37.352 36.078 35.277 34.964 33.257 35.246 37.647 31.530 0.000 0.000 0.000 
0.000 0.000 0.000 0.000 0.000 35.988 31.911 35.503 34.039 31.272 31.279 35.805 37.264 38.591 35.705 36.142 35.623 35.794 32.861 34.902 35.798 34.739 37.647 31.530 0.000 0.000 0.000 
0.000 0.000 0.000 0.000 0.000 35.988 32.242 33.223 32.757 35.691 33.762 35.446 37.751 35.518 35.068 35.271 34.319 35.769 33.200 36.409 35.247 39.075 32.301 35.941 -0.000 0.000 0.000 
0.000 0.000 0.000 0.000 0.000 0.000 30.866 33.528 33.515 30.167 33.762 35.446 37.751 35.518 35.068 35.271 34.319 35.769 33.200 36.409 35.247 39.075 32.301 35.941 -0.000 0.000 0.000 
0.000 0.000 0.000 0.000 0.000 0.000 30.866 33.528 33.515 30.167 33.762 35.446 37.751 35.518 35.068 35.348 34.130 35.071 36.480 32.633 31.724 0.000 0.000 0.000 0.000 0.000 0.000 
0.000 0.000 0.000 0.000 0.000 0.000 0.000 0.000 -0.000 30.331 31.466 37.423 35.390 33.073 35.823 35.348 34.130 35.071 36.480 32.633 31.724 0.000 0.000 0.000 0.000 0.000 0.000 
0.000 0.000 0.000 0.000 0.000 0.000 0.000 0.000 -0.000 30.331 31.466 37.423 35.390 33.073 35.823 35.348 34.130 35.071 36.480 32.633 31.724 0.000 0.000 0.000 0.000 0.000 0.000 
0.000 0.000 0.000 0.000 0.000 0.000 0.000 0.000 -0.000 31.287 32.424 36.929 32.921 32.917 35.916 36.281 37.404 0.000 -0.000 0.000 -0.000 -0.000 0.000 -0.000 0.000 -0.000 0.000 
0.000 0.000 0.000 0.000 0.000 0.000 0.000 0.000 -0.000 0.000 0.000 0.000 0.000 -0.000 0.000 0.000 0.000 0.000 -0.000 0.000 -0.000 -0.000 0.000 -0.000 0.000 -0.000 0.000 
0.000 0.000 0.000 0.000 0.000 0.000 0.000 0.000 -0.000 0.000 0.000 0.000 0.000 -0.000 0.000 0.000 0.000 0.000 -0.000 0.000 -0.000 -0.000 0.000 -0.000 0.000 -0.000 0.000 
0.000 0.000 0.000 0.000 0.000 0.000 0.000 -0.000 0.000 -0.000 0.000 0.000 0.000 0.000 0.000 0.000 0.000 0.000 0.000 0.000 0.000 -0.000 0.000 0.000 0.000 0.000 0.000 
0.000 0.000 0.000 0.000 0.000 0.000 0.000 -0.000 0.000 -0.000 0.000 0.000 0.000 0.000 0.000 0.000 0.000 0.000 0.000 0.000 0.000 -0.000 0.000 0.000 0.000 0.000 0.000 
0.000 0.000 0.000 0.000 0.000 0.000 0.000 -0.000 0.000 -0.000 0.000 0.000 0.000 0.000 0.000 0.000 0.000 0.000 0.000 0.000 0.000 -0.000 0.000 0.000 0.000 0.000 0.000 
0.000 0.000 0.000 0.000 0.000 0.000 0.000 -0.000 0.000 -0.000 0.000 0.000 0.000 0.000 0.000 0.000 0.000 0.000 0.000 0.000 0.000 -0.000 0.000 0.000 0.000 0.000 0.000 
0.000 0.000 0.000 0.000 0.000 0.000 0.000 0.000 0.000 0.000 0.000 0.000 0.000 0.000 0.000 0.000 0.000 0.000 -0.000 0.000 0.000 0.000 0.000 0.000 -0.000 -0.000 0.000 
0.000 0.000 0.000 0.000 0.000 0.000 0.000 0.000 0.000 0.000 0.000 0.000 0.000 0.000 0.000 0.000 0.000 0.000 -0.000 0.000 0.000 0.000 0.000 0.000 -0.000 -0.000 0.000 
0.000 0.000 0.000 0.000 0.000 0.000 0.000 0.000 0.000 0.000 0.000 0.000 0.000 0.000 0.000 0.000 0.000 0.000 -0.000 0.000 0.000 0.000 0.000 0.000 -0.000 -0.000 0.000 
0.000 0.000 0.000 0.000 0.000 0.000 0.000 0.000 0.000 0.000 0.000 0.000 0.000 0.000 0.000 0.000 0.000 0.000 0.000 0.000 0.000 0.000 0.000 0.000 0.000 0.000 0.000 
0.000 0.000 0.000 0.000 0.000 0.000 0.000 0.000 0.000 0.000 0.000 0.000 0.000 0.000 0.000 0.000 0.000 0.000 0.000 0.000 0.000 0.000 0.000 0.000 0.000 0.000 0.000 
