Scan MSE MAE Bias Total_meas Total_true_unmasked Total_meas_mm2 Total_true_mm2_unmasked
0 0.15048 0.29127 0.14213 606.74273 570.61469 0.16310 0.15339
1 0.17263 0.31083 0.15123 615.50269 570.61469 0.16546 0.15339
2 0.15321 0.29512 0.15507 618.68639 570.61469 0.16631 0.15339
3 0.12237 0.26780 0.13899 607.76302 566.93330 0.16444 0.15339
4 0.13191 0.27986 0.14410 607.34697 570.61469 0.16327 0.15339
5 0.15847 0.29471 0.12911 608.67031 570.61469 0.16362 0.15339
6 0.16482 0.31334 0.19223 628.17224 570.61469 0.16886 0.15339
7 0.16426 0.31024 0.16753 622.55051 570.61469 0.16735 0.15339
8 0.15290 0.30917 0.19700 625.57297 566.93330 0.16926 0.15339
9 0.17686 0.32062 0.19250 624.19048 570.61469 0.16779 0.15339
10 0.14502 0.29202 0.14794 614.48655 570.61469 0.16518 0.15339
11 0.16191 0.30780 0.20040 632.72745 570.60487 0.17009 0.15339
12 0.14530 0.29222 0.18186 622.16102 565.78307 0.16725 0.15209
13 0.14723 0.29432 0.19227 614.63077 557.44608 0.16630 0.15082
14 0.15981 0.30016 0.19074 612.06575 557.00031 0.16453 0.14973
15 0.14381 0.29153 0.19709 613.39093 552.29218 0.16489 0.14847
16 0.12214 0.27128 0.17047 600.94876 548.10162 0.16155 0.14734
17 0.12289 0.27285 0.19732 605.22563 544.05551 0.16270 0.14625
18 0.11824 0.26659 0.17812 591.32973 536.46748 0.15999 0.14515
19 0.15360 0.30163 0.19338 593.60937 537.27788 0.15957 0.14443
20 0.16386 0.31202 0.21604 597.65164 532.73493 0.16066 0.14321
21 0.12016 0.27539 0.19955 586.99732 529.21852 0.15779 0.14226
22 0.11563 0.27208 0.17054 576.67954 525.82331 0.15502 0.14135
23 0.12742 0.28211 0.22009 582.54041 518.87552 0.15761 0.14039
24 0.14173 0.27716 0.18242 576.92971 526.44919 0.15509 0.14152
25 0.12914 0.28300 0.19638 584.83746 528.03346 0.15721 0.14194
26 0.13801 0.28868 0.20488 592.36027 530.89302 0.15924 0.14271
27 0.12733 0.28554 0.20219 596.51401 533.83662 0.16035 0.14350
28 0.14374 0.30330 0.24156 607.58705 533.18532 0.16439 0.14426
29 0.16170 0.29330 0.16810 592.90416 540.79186 0.15938 0.14537
30 0.16600 0.31660 0.23395 611.57162 543.19663 0.16440 0.14602
31 0.11807 0.26739 0.17300 600.13216 546.50178 0.16133 0.14691
32 0.15371 0.30363 0.21511 616.58803 549.90404 0.16575 0.14782
33 0.13019 0.28417 0.21485 616.02681 549.85297 0.16667 0.14877
34 0.19581 0.32478 0.10611 672.74102 641.79333 0.18084 0.17253
35 0.38581 0.43952 0.11542 835.90221 800.12220 0.22470 0.21509
36 0.98563 0.62152 0.10610 1104.26760 1071.37771 0.29685 0.28800
37 5.37733 1.13218 0.12434 1580.36401 1541.81980 0.42483 0.41447
38 15.31952 1.65596 0.33998 2458.74739 2354.03249 0.66525 0.63691
39 66.13650 3.45394 1.28211 4078.90073 3681.44691 1.09648 0.98964
40 69.03526 3.78068 3.37992 3443.88229 2396.10679 0.92577 0.64411
41 24.90484 2.46422 2.28609 2297.72188 1589.03306 0.61767 0.42716
42 6.41463 1.30995 1.08330 1449.20398 1113.37943 0.38957 0.29930
43 1.74186 0.77286 0.65570 1028.82839 829.36879 0.27836 0.22440
44 0.64045 0.55406 0.42815 793.46595 665.27802 0.21330 0.17884
45 0.23362 0.36307 0.26341 650.16619 570.61469 0.17478 0.15339
46 0.14108 0.28269 0.16216 620.88484 570.61469 0.16690 0.15339
47 0.14979 0.29471 0.18308 627.37080 570.61469 0.16865 0.15339
48 0.14099 0.29344 0.20331 627.50861 566.93330 0.16978 0.15339
49 0.17113 0.31405 0.16652 620.22975 570.61469 0.16673 0.15339
50 0.14176 0.28827 0.16864 618.87513 570.61469 0.16636 0.15339
51 0.14459 0.29548 0.14794 616.47553 570.61469 0.16572 0.15339
52 0.15107 0.29124 0.14366 615.14846 570.61469 0.16536 0.15339
53 0.14219 0.29097 0.17224 617.97106 566.93330 0.16720 0.15339
