Scan MSE MAE Bias Total_meas Total_true_unmasked Total_meas_mm2 Total_true_mm2_unmasked
0 121.26901 9.53292 9.53292 3150.49082 570.61469 0.84691 0.15339
1 112.64348 9.27802 9.27802 3057.64626 570.61469 0.82195 0.15339
2 98.18033 8.77832 8.77508 2866.25973 570.61469 0.77050 0.15339
3 39.93915 5.11134 5.06703 1961.79245 566.93330 0.53079 0.15339
4 47.86827 5.75559 5.75115 2087.75690 570.61469 0.56122 0.15339
5 39.22134 5.23776 5.23169 1881.25249 570.61469 0.50571 0.15339
6 37.90553 5.32699 5.32564 2006.57449 570.61469 0.53940 0.15339
7 35.55115 4.95675 4.93691 1890.95050 570.61469 0.50832 0.15339
8 40.23934 5.45490 5.45393 1969.54677 566.93330 0.53289 0.15339
9 37.44687 5.35453 5.35313 1999.88162 570.61469 0.53760 0.15339
10 32.65153 5.15880 5.15880 1924.86024 570.61469 0.51744 0.15339
11 28.04182 4.67011 4.67011 1725.35628 570.60487 0.46381 0.15339
12 24.26377 4.28456 4.28295 1722.60752 565.78307 0.46307 0.15209
13 32.79454 5.05832 5.05832 1896.01264 557.44608 0.51299 0.15082
14 29.04863 4.78860 4.78860 1747.19467 557.00031 0.46968 0.14973
15 27.42613 4.64200 4.64083 1792.43351 552.29218 0.48184 0.14847
16 31.79122 5.04799 5.04799 1882.31889 548.10162 0.50600 0.14734
17 33.95190 5.26959 5.26816 1925.81049 544.05551 0.51769 0.14625
18 32.81991 5.09884 5.09589 1942.32837 536.46748 0.52552 0.14515
19 36.26907 5.26615 5.26615 1906.48288 537.27788 0.51250 0.14443
20 34.51859 5.15920 5.15920 1899.07460 532.73493 0.51050 0.14321
21 40.18313 5.47120 5.47120 2010.29038 529.21852 0.54040 0.14226
22 42.10489 5.63164 5.63164 2012.05686 525.82331 0.54088 0.14135
23 41.80983 5.54211 5.54211 2016.16989 518.87552 0.54550 0.14039
24 44.32707 5.70380 5.70380 2052.82134 526.44919 0.55183 0.14152
25 49.52315 5.88786 5.88786 2039.87726 528.03346 0.54835 0.14194
26 47.49502 5.75399 5.75399 2090.44710 530.89302 0.56195 0.14271
27 53.15608 6.03924 6.03924 2182.80609 533.83662 0.58678 0.14350
28 48.33637 5.77969 5.77969 2032.19130 533.18532 0.54984 0.14426
29 56.85195 6.15049 6.15049 2226.91571 540.79186 0.59863 0.14537
30 63.13620 6.32310 6.32310 2222.67463 543.19663 0.59749 0.14602
31 61.34809 6.23384 6.23071 2214.83787 546.50178 0.59539 0.14691
32 68.60076 6.46340 6.46340 2331.79971 549.90404 0.62683 0.14782
33 63.82467 6.35956 6.35956 2249.56004 549.85297 0.60865 0.14877
34 77.74142 6.83879 6.83725 2474.99037 641.79333 0.66532 0.17253
35 77.53554 6.64490 6.61525 2555.49699 800.12220 0.68696 0.21509
36 96.35751 7.27282 7.25409 2812.97376 1071.37771 0.75618 0.28800
37 165.55958 8.50779 8.09023 3712.06421 1541.81980 0.99787 0.41447
38 141.79451 7.31082 6.79929 3956.27470 2354.03249 1.07042 0.63691
39 289.31797 10.12566 6.15872 4656.09853 3681.44691 1.25164 0.98964
40 144.07440 7.64621 6.43114 3908.88576 2396.10679 1.05078 0.64411
41 78.67597 6.27493 6.10334 3002.02260 1589.03306 0.80700 0.42716
42 40.64195 4.99825 4.64886 2342.94850 1113.37943 0.62982 0.29930
43 24.51721 4.21247 4.19799 1931.67993 829.36879 0.52264 0.22440
44 21.42151 4.22615 4.22615 1681.58059 665.27802 0.45204 0.17884
45 14.90290 3.63335 3.63183 1532.30573 570.61469 0.41191 0.15339
46 14.92676 3.61403 3.61403 1516.41255 570.61469 0.40764 0.15339
47 13.99087 3.52044 3.51935 1474.01225 570.61469 0.39624 0.15339
48 14.15422 3.56807 3.56421 1524.18349 566.93330 0.41239 0.15339
49 14.34457 3.61229 3.61229 1488.66427 570.61469 0.40018 0.15339
50 14.77402 3.65900 3.65900 1517.91634 570.61469 0.40804 0.15339
51 13.00786 3.38263 3.38250 1457.26942 570.61469 0.39174 0.15339
52 14.37334 3.63761 3.63761 1468.18443 570.61469 0.39467 0.15339
53 13.10940 3.47353 3.47353 1482.66760 566.93330 0.40115 0.15339
