# convective Vertical Profile Reflectivity (VPR) with Standard Deviation
# Format: bin_index bin_center_height_km point_count avg_reflectivity_dBZ std_deviation_dBZ
# Height bins: 0-20 km in 0.5 km increments
# Bins 0-39: convective
# Standard deviation is sample standard deviation (dividing by n-1)
#
0 0.25 0 0.000000 0.000000
1 0.75 0 0.000000 0.000000
2 1.25 0 0.000000 0.000000
3 1.75 0 0.000000 0.000000
4 2.25 0 0.000000 0.000000
5 2.75 0 0.000000 0.000000
6 3.25 227 40.450969 0.014395
7 3.75 0 0.000000 0.000000
8 4.25 0 0.000000 0.000000
9 4.75 40 28.316250 0.050393
10 5.25 26 27.447692 0.078698
11 5.75 0 0.000000 0.000000
12 6.25 75 13.982667 0.018790
13 6.75 3 11.873333 0.459497
14 7.25 0 0.000000 0.000000
15 7.75 0 0.000000 0.000000
16 8.25 0 0.000000 0.000000
17 8.75 26 -0.019615 0.029346
18 9.25 46 -0.013696 0.016693
19 9.75 0 0.000000 0.000000
20 10.25 0 0.000000 0.000000
21 10.75 0 0.000000 0.000000
22 11.25 7 0.222857 0.113076
23 11.75 58 -0.034828 0.014756
24 12.25 12 0.221667 0.046156
25 12.75 0 0.000000 0.000000
26 13.25 0 0.000000 0.000000
27 13.75 0 0.000000 0.000000
28 14.25 0 0.000000 0.000000
29 14.75 0 0.000000 0.000000
30 15.25 0 0.000000 0.000000
31 15.75 0 0.000000 0.000000
32 16.25 0 0.000000 0.000000
33 16.75 0 0.000000 0.000000
34 17.25 24 -0.054167 0.040748
35 17.75 42 0.021905 0.021598
36 18.25 6 0.120000 0.106724
37 18.75 0 0.000000 0.000000
38 19.25 0 0.000000 0.000000
39 19.75 0 0.000000 0.000000

0 0.25 0 0.000000 0.000000
1 0.75 0 0.000000 0.000000
2 1.25 0 0.000000 0.000000
3 1.75 0 0.000000 0.000000
4 2.25 0 0.000000 0.000000
5 2.75 0 0.000000 0.000000
6 3.25 245 40.011633 0.013427
7 3.75 0 0.000000 0.000000
8 4.25 0 0.000000 0.000000
9 4.75 55 28.469818 0.047373
10 5.25 27 26.202963 0.070807
11 5.75 0 0.000000 0.000000
12 6.25 82 14.196585 0.024694
13 6.75 1 10.190000 0.000000
14 7.25 0 0.000000 0.000000
15 7.75 0 0.000000 0.000000
16 8.25 0 0.000000 0.000000
17 8.75 37 -0.162973 0.019802
18 9.25 46 -0.111739 0.013814
19 9.75 0 0.000000 0.000000
20 10.25 0 0.000000 0.000000
21 10.75 0 0.000000 0.000000
22 11.25 9 0.362222 0.121290
23 11.75 69 -0.086087 0.010541
24 12.25 5 -0.522000 0.216834
25 12.75 0 0.000000 0.000000
26 13.25 0 0.000000 0.000000
27 13.75 0 0.000000 0.000000
28 14.25 0 0.000000 0.000000
29 14.75 0 0.000000 0.000000
30 15.25 0 0.000000 0.000000
31 15.75 0 0.000000 0.000000
32 16.25 0 0.000000 0.000000
33 16.75 0 0.000000 0.000000
34 17.25 34 0.071176 0.018718
35 17.75 44 0.064318 0.013267
36 18.25 3 0.543333 0.322789
37 18.75 0 0.000000 0.000000
38 19.25 0 0.000000 0.000000
39 19.75 0 0.000000 0.000000

0 0.25 0 0.000000 0.000000
1 0.75 0 0.000000 0.000000
2 1.25 0 0.000000 0.000000
3 1.75 0 0.000000 0.000000
4 2.25 0 0.000000 0.000000
5 2.75 0 0.000000 0.000000
6 3.25 233 39.713219 0.013211
7 3.75 0 0.000000 0.000000
8 4.25 0 0.000000 0.000000
9 4.75 60 28.390000 0.035794
10 5.25 22 27.694545 0.089033
11 5.75 0 0.000000 0.000000
12 6.25 78 14.374487 0.020078
13 6.75 0 0.000000 0.000000
14 7.25 0 0.000000 0.000000
15 7.75 0 0.000000 0.000000
16 8.25 0 0.000000 0.000000
17 8.75 42 0.010952 0.018551
18 9.25 41 0.055610 0.013741
19 9.75 0 0.000000 0.000000
20 10.25 0 0.000000 0.000000
21 10.75 0 0.000000 0.000000
22 11.25 11 -0.040000 0.062256
23 11.75 64 0.083594 0.012154
24 12.25 4 -0.515000 0.139486
25 12.75 0 0.000000 0.000000
26 13.25 0 0.000000 0.000000
27 13.75 0 0.000000 0.000000
28 14.25 0 0.000000 0.000000
29 14.75 0 0.000000 0.000000
30 15.25 0 0.000000 0.000000
31 15.75 0 0.000000 0.000000
32 16.25 0 0.000000 0.000000
33 16.75 0 0.000000 0.000000
34 17.25 39 0.054872 0.019354
35 17.75 42 0.010952 0.015446
36 18.25 2 1.075000 0.038891
37 18.75 0 0.000000 0.000000
38 19.25 0 0.000000 0.000000
39 19.75 0 0.000000 0.000000

0 0.25 0 0.000000 0.000000
1 0.75 0 0.000000 0.000000
2 1.25 0 0.000000 0.000000
3 1.75 0 0.000000 0.000000
4 2.25 0 0.000000 0.000000
5 2.75 0 0.000000 0.000000
6 3.25 217 39.247512 0.013951
7 3.75 0 0.000000 0.000000
8 4.25 0 0.000000 0.000000
9 4.75 55 28.572909 0.043528
10 5.25 15 27.068000 0.150880
11 5.75 0 0.000000 0.000000
12 6.25 75 14.681067 0.022623
13 6.75 0 0.000000 0.000000
14 7.25 0 0.000000 0.000000
15 7.75 0 0.000000 0.000000
16 8.25 0 0.000000 0.000000
17 8.75 41 -0.092927 0.015817
18 9.25 30 -0.038000 0.022702
19 9.75 0 0.000000 0.000000
20 10.25 0 0.000000 0.000000
21 10.75 0 0.000000 0.000000
22 11.25 16 0.256875 0.033710
23 11.75 57 -0.240877 0.014414
24 12.25 1 0.920000 0.000000
25 12.75 0 0.000000 0.000000
26 13.25 0 0.000000 0.000000
27 13.75 0 0.000000 0.000000
28 14.25 0 0.000000 0.000000
29 14.75 0 0.000000 0.000000
30 15.25 0 0.000000 0.000000
31 15.75 0 0.000000 0.000000
32 16.25 0 0.000000 0.000000
33 16.75 0 0.000000 0.000000
34 17.25 41 0.147805 0.022128
35 17.75 33 -0.159394 0.021360
36 18.25 0 0.000000 0.000000
37 18.75 0 0.000000 0.000000
38 19.25 0 0.000000 0.000000
39 19.75 0 0.000000 0.000000

0 0.25 0 0.000000 0.000000
1 0.75 0 0.000000 0.000000
2 1.25 0 0.000000 0.000000
3 1.75 0 0.000000 0.000000
4 2.25 0 0.000000 0.000000
5 2.75 0 0.000000 0.000000
6 3.25 250 39.125000 0.012915
7 3.75 0 0.000000 0.000000
8 4.25 0 0.000000 0.000000
9 4.75 70 28.163857 0.036908
10 5.25 11 27.416364 0.147035
11 5.75 0 0.000000 0.000000
12 6.25 82 14.597927 0.022014
13 6.75 0 0.000000 0.000000
14 7.25 0 0.000000 0.000000
15 7.75 0 0.000000 0.000000
16 8.25 0 0.000000 0.000000
17 8.75 50 -0.032400 0.017257
18 9.25 31 -0.064194 0.027503
19 9.75 0 0.000000 0.000000
20 10.25 0 0.000000 0.000000
21 10.75 0 0.000000 0.000000
22 11.25 22 -0.071818 0.026192
23 11.75 61 -0.087705 0.011821
24 12.25 0 0.000000 0.000000
25 12.75 0 0.000000 0.000000
26 13.25 0 0.000000 0.000000
27 13.75 0 0.000000 0.000000
28 14.25 0 0.000000 0.000000
29 14.75 0 0.000000 0.000000
30 15.25 0 0.000000 0.000000
31 15.75 0 0.000000 0.000000
32 16.25 0 0.000000 0.000000
33 16.75 4 0.355000 0.123769
34 17.25 45 0.122889 0.014115
35 17.75 31 -0.196129 0.021479
36 18.25 0 0.000000 0.000000
37 18.75 0 0.000000 0.000000
38 19.25 0 0.000000 0.000000
39 19.75 0 0.000000 0.000000

0 0.25 0 0.000000 0.000000
1 0.75 0 0.000000 0.000000
2 1.25 0 0.000000 0.000000
3 1.75 0 0.000000 0.000000
4 2.25 0 0.000000 0.000000
5 2.75 0 0.000000 0.000000
6 3.25 237 38.799789 0.012613
7 3.75 0 0.000000 0.000000
8 4.25 0 0.000000 0.000000
9 4.75 76 28.662368 0.029818
10 5.25 8 26.565000 0.116847
11 5.75 0 0.000000 0.000000
12 6.25 80 14.790750 0.022951
13 6.75 0 0.000000 0.000000
14 7.25 0 0.000000 0.000000
15 7.75 0 0.000000 0.000000
16 8.25 0 0.000000 0.000000
17 8.75 55 0.014000 0.011689
18 9.25 28 -0.122143 0.019703
19 9.75 0 0.000000 0.000000
20 10.25 0 0.000000 0.000000
21 10.75 0 0.000000 0.000000
22 11.25 24 -0.082083 0.040786
23 11.75 57 -0.083860 0.012761
24 12.25 0 0.000000 0.000000
25 12.75 0 0.000000 0.000000
26 13.25 0 0.000000 0.000000
27 13.75 0 0.000000 0.000000
28 14.25 0 0.000000 0.000000
29 14.75 0 0.000000 0.000000
30 15.25 0 0.000000 0.000000
31 15.75 0 0.000000 0.000000
32 16.25 0 0.000000 0.000000
33 16.75 6 0.278333 0.157594
34 17.25 48 0.098542 0.015380
35 17.75 29 0.026207 0.027324
36 18.25 0 0.000000 0.000000
37 18.75 0 0.000000 0.000000
38 19.25 0 0.000000 0.000000
39 19.75 0 0.000000 0.000000

0 0.25 0 0.000000 0.000000
1 0.75 0 0.000000 0.000000
2 1.25 0 0.000000 0.000000
3 1.75 0 0.000000 0.000000
4 2.25 0 0.000000 0.000000
5 2.75 0 0.000000 0.000000
6 3.25 225 38.626356 0.013033
7 3.75 0 0.000000 0.000000
8 4.25 0 0.000000 0.000000
9 4.75 65 28.602769 0.026026
10 5.25 7 26.987143 0.335991
11 5.75 1 15.840000 0.000000
12 6.25 76 15.035789 0.021487
13 6.75 0 0.000000 0.000000
14 7.25 0 0.000000 0.000000
15 7.75 0 0.000000 0.000000
16 8.25 0 0.000000 0.000000
17 8.75 52 -0.048462 0.012237
18 9.25 20 0.160500 0.048645
19 9.75 0 0.000000 0.000000
20 10.25 0 0.000000 0.000000
21 10.75 0 0.000000 0.000000
22 11.25 26 -0.109231 0.025238
23 11.75 50 -0.052600 0.017658
24 12.25 0 0.000000 0.000000
25 12.75 0 0.000000 0.000000
26 13.25 0 0.000000 0.000000
27 13.75 0 0.000000 0.000000
28 14.25 0 0.000000 0.000000
29 14.75 0 0.000000 0.000000
30 15.25 0 0.000000 0.000000
31 15.75 0 0.000000 0.000000
32 16.25 0 0.000000 0.000000
33 16.75 10 0.284000 0.062161
34 17.25 44 -0.219773 0.017854
35 17.75 20 0.303500 0.043992
36 18.25 0 0.000000 0.000000
37 18.75 0 0.000000 0.000000
38 19.25 0 0.000000 0.000000
39 19.75 0 0.000000 0.000000

0 0.25 0 0.000000 0.000000
1 0.75 0 0.000000 0.000000
2 1.25 0 0.000000 0.000000
3 1.75 0 0.000000 0.000000
4 2.25 0 0.000000 0.000000
5 2.75 0 0.000000 0.000000
6 3.25 250 38.487160 0.011919
7 3.75 0 0.000000 0.000000
8 4.25 0 0.000000 0.000000
9 4.75 80 28.500000 0.028851
10 5.25 2 26.890000 1.923330
11 5.75 3 17.523333 0.431848
12 6.25 82 15.181098 0.018362
13 6.75 0 0.000000 0.000000
14 7.25 0 0.000000 0.000000
15 7.75 0 0.000000 0.000000
16 8.25 0 0.000000 0.000000
17 8.75 62 -0.206613 0.011151
18 9.25 19 -0.167368 0.044646
19 9.75 0 0.000000 0.000000
20 10.25 0 0.000000 0.000000
21 10.75 0 0.000000 0.000000
22 11.25 35 -0.117429 0.024363
23 11.75 48 -0.108958 0.016480
24 12.25 0 0.000000 0.000000
25 12.75 0 0.000000 0.000000
26 13.25 0 0.000000 0.000000
27 13.75 0 0.000000 0.000000
28 14.25 0 0.000000 0.000000
29 14.75 0 0.000000 0.000000
30 15.25 0 0.000000 0.000000
31 15.75 0 0.000000 0.000000
32 16.25 0 0.000000 0.000000
33 16.75 12 0.345833 0.069696
34 17.25 49 0.125714 0.016401
35 17.75 20 0.064500 0.039105
36 18.25 0 0.000000 0.000000
37 18.75 0 0.000000 0.000000
38 19.25 0 0.000000 0.000000
39 19.75 0 0.000000 0.000000

0 0.25 0 0.000000 0.000000
1 0.75 0 0.000000 0.000000
2 1.25 0 0.000000 0.000000
3 1.75 0 0.000000 0.000000
4 2.25 0 0.000000 0.000000
5 2.75 0 0.000000 0.000000
6 3.25 238 38.125084 0.013448
7 3.75 0 0.000000 0.000000
8 4.25 0 0.000000 0.000000
9 4.75 82 28.962439 0.026595
10 5.25 1 29.940000 0.000000
11 5.75 7 16.431429 0.224894
12 6.25 73 15.352603 0.024568
13 6.75 0 0.000000 0.000000
14 7.25 0 0.000000 0.000000
15 7.75 0 0.000000 0.000000
16 8.25 0 0.000000 0.000000
17 8.75 67 -0.026119 0.012370
18 9.25 16 -0.104375 0.058197
19 9.75 0 0.000000 0.000000
20 10.25 0 0.000000 0.000000
21 10.75 0 0.000000 0.000000
22 11.25 37 -0.202703 0.020094
23 11.75 43 0.068372 0.017099
24 12.25 0 0.000000 0.000000
25 12.75 0 0.000000 0.000000
26 13.25 0 0.000000 0.000000
27 13.75 0 0.000000 0.000000
28 14.25 0 0.000000 0.000000
29 14.75 0 0.000000 0.000000
30 15.25 0 0.000000 0.000000
31 15.75 0 0.000000 0.000000
32 16.25 0 0.000000 0.000000
33 16.75 17 -0.221176 0.040133
34 17.25 50 0.063600 0.013698
35 17.75 17 0.204118 0.046838
36 18.25 0 0.000000 0.000000
37 18.75 0 0.000000 0.000000
38 19.25 0 0.000000 0.000000
39 19.75 0 0.000000 0.000000

0 0.25 0 0.000000 0.000000
1 0.75 0 0.000000 0.000000
2 1.25 0 0.000000 0.000000
3 1.75 0 0.000000 0.000000
4 2.25 0 0.000000 0.000000
5 2.75 0 0.000000 0.000000
6 3.25 220 37.795455 0.013341
7 3.75 0 0.000000 0.000000
8 4.25 0 0.000000 0.000000
9 4.75 71 29.333380 0.028752
10 5.25 0 0.000000 0.000000
11 5.75 10 17.405000 0.131918
12 6.25 66 15.468939 0.023577
13 6.75 0 0.000000 0.000000
14 7.25 0 0.000000 0.000000
15 7.75 0 0.000000 0.000000
16 8.25 0 0.000000 0.000000
17 8.75 59 0.130847 0.012458
18 9.25 12 -0.131667 0.052218
19 9.75 0 0.000000 0.000000
20 10.25 0 0.000000 0.000000
21 10.75 0 0.000000 0.000000
22 11.25 39 0.120000 0.017075
23 11.75 37 0.052703 0.021539
24 12.25 0 0.000000 0.000000
25 12.75 0 0.000000 0.000000
26 13.25 0 0.000000 0.000000
27 13.75 0 0.000000 0.000000
28 14.25 0 0.000000 0.000000
29 14.75 0 0.000000 0.000000
30 15.25 0 0.000000 0.000000
31 15.75 0 0.000000 0.000000
32 16.25 0 0.000000 0.000000
33 16.75 17 0.261765 0.056933
34 17.25 44 -0.030227 0.015697
35 17.75 12 0.349167 0.065982
36 18.25 0 0.000000 0.000000
37 18.75 0 0.000000 0.000000
38 19.25 0 0.000000 0.000000
39 19.75 0 0.000000 0.000000

0 0.25 0 0.000000 0.000000
1 0.75 0 0.000000 0.000000
2 1.25 0 0.000000 0.000000
3 1.75 0 0.000000 0.000000
4 2.25 0 0.000000 0.000000
5 2.75 2 34.665000 0.731856
6 3.25 246 37.952236 0.012193
7 3.75 0 0.000000 0.000000
8 4.25 0 0.000000 0.000000
9 4.75 80 29.376625 0.027086
10 5.25 0 0.000000 0.000000
11 5.75 12 17.988333 0.118840
12 6.25 70 15.335714 0.021734
13 6.75 0 0.000000 0.000000
14 7.25 0 0.000000 0.000000
15 7.75 0 0.000000 0.000000
16 8.25 0 0.000000 0.000000
17 8.75 73 -0.058493 0.010134
18 9.25 8 -0.227500 0.089627
19 9.75 0 0.000000 0.000000
20 10.25 0 0.000000 0.000000
21 10.75 0 0.000000 0.000000
22 11.25 46 0.021522 0.018988
23 11.75 36 -0.083056 0.018052
24 12.25 0 0.000000 0.000000
25 12.75 0 0.000000 0.000000
26 13.25 0 0.000000 0.000000
27 13.75 0 0.000000 0.000000
28 14.25 0 0.000000 0.000000
29 14.75 0 0.000000 0.000000
30 15.25 0 0.000000 0.000000
31 15.75 0 0.000000 0.000000
32 16.25 0 0.000000 0.000000
33 16.75 22 -0.099545 0.041184
34 17.25 50 0.023800 0.016392
35 17.75 9 -0.663333 0.130900
36 18.25 0 0.000000 0.000000
37 18.75 0 0.000000 0.000000
38 19.25 0 0.000000 0.000000
39 19.75 0 0.000000 0.000000

0 0.25 0 0.000000 0.000000
1 0.75 0 0.000000 0.000000
2 1.25 0 0.000000 0.000000
3 1.75 0 0.000000 0.000000
4 2.25 0 0.000000 0.000000
5 2.75 6 33.515000 0.565623
6 3.25 227 37.636035 0.013726
7 3.75 0 0.000000 0.000000
8 4.25 0 0.000000 0.000000
9 4.75 84 29.189405 0.028132
10 5.25 0 0.000000 0.000000
11 5.75 14 17.380000 0.082647
12 6.25 64 15.493750 0.023929
13 6.75 0 0.000000 0.000000
14 7.25 0 0.000000 0.000000
15 7.75 0 0.000000 0.000000
16 8.25 0 0.000000 0.000000
17 8.75 79 -0.076835 0.009585
18 9.25 4 0.067500 0.147654
19 9.75 0 0.000000 0.000000
20 10.25 0 0.000000 0.000000
21 10.75 0 0.000000 0.000000
22 11.25 48 0.137500 0.015323
23 11.75 30 -0.061667 0.021553
24 12.25 0 0.000000 0.000000
25 12.75 0 0.000000 0.000000
26 13.25 0 0.000000 0.000000
27 13.75 0 0.000000 0.000000
28 14.25 0 0.000000 0.000000
29 14.75 0 0.000000 0.000000
30 15.25 0 0.000000 0.000000
31 15.75 0 0.000000 0.000000
32 16.25 0 0.000000 0.000000
33 16.75 28 -0.042857 0.022562
34 17.25 50 -0.045000 0.015598
35 17.75 6 -0.120000 0.082165
36 18.25 0 0.000000 0.000000
37 18.75 0 0.000000 0.000000
38 19.25 0 0.000000 0.000000
39 19.75 0 0.000000 0.000000

0 0.25 0 0.000000 0.000000
1 0.75 0 0.000000 0.000000
2 1.25 0 0.000000 0.000000
3 1.75 0 0.000000 0.000000
4 2.25 0 0.000000 0.000000
5 2.75 14 34.082857 0.121663
6 3.25 216 37.347222 0.014188
7 3.75 0 0.000000 0.000000
8 4.25 0 0.000000 0.000000
9 4.75 69 29.686377 0.035489
10 5.25 0 0.000000 0.000000
11 5.75 18 18.578333 0.077816
12 6.25 60 16.593667 0.027874
13 6.75 0 0.000000 0.000000
14 7.25 0 0.000000 0.000000
15 7.75 0 0.000000 0.000000
16 8.25 2 -0.400000 0.141421
17 8.75 66 -0.026970 0.010573
18 9.25 3 0.066667 0.341147
19 9.75 0 0.000000 0.000000
20 10.25 0 0.000000 0.000000
21 10.75 0 0.000000 0.000000
22 11.25 52 0.085577 0.013671
23 11.75 26 0.089615 0.032648
24 12.25 0 0.000000 0.000000
25 12.75 0 0.000000 0.000000
26 13.25 0 0.000000 0.000000
27 13.75 0 0.000000 0.000000
28 14.25 0 0.000000 0.000000
29 14.75 0 0.000000 0.000000
30 15.25 0 0.000000 0.000000
31 15.75 0 0.000000 0.000000
32 16.25 0 0.000000 0.000000
33 16.75 26 0.200000 0.020526
34 17.25 42 0.026905 0.018180
35 17.75 5 -0.698000 0.149602
36 18.25 0 0.000000 0.000000
37 18.75 0 0.000000 0.000000
38 19.25 0 0.000000 0.000000
39 19.75 0 0.000000 0.000000

0 0.25 0 0.000000 0.000000
1 0.75 0 0.000000 0.000000
2 1.25 0 0.000000 0.000000
3 1.75 0 0.000000 0.000000
4 2.25 0 0.000000 0.000000
5 2.75 14 36.142857 0.210313
6 3.25 236 37.678432 0.012495
7 3.75 0 0.000000 0.000000
8 4.25 0 0.000000 0.000000
9 4.75 81 30.330988 0.026402
10 5.25 0 0.000000 0.000000
11 5.75 23 19.070435 0.059007
12 6.25 60 17.881167 0.026647
13 6.75 0 0.000000 0.000000
14 7.25 0 0.000000 0.000000
15 7.75 0 0.000000 0.000000
16 8.25 3 -0.396667 0.288412
17 8.75 79 -0.069114 0.008723
18 9.25 1 0.820000 0.000000
19 9.75 0 0.000000 0.000000
20 10.25 0 0.000000 0.000000
21 10.75 0 0.000000 0.000000
22 11.25 58 0.131379 0.014437
23 11.75 25 0.058800 0.032998
24 12.25 0 0.000000 0.000000
25 12.75 0 0.000000 0.000000
26 13.25 0 0.000000 0.000000
27 13.75 0 0.000000 0.000000
28 14.25 0 0.000000 0.000000
29 14.75 0 0.000000 0.000000
30 15.25 0 0.000000 0.000000
31 15.75 0 0.000000 0.000000
32 16.25 0 0.000000 0.000000
33 16.75 35 -0.093429 0.022702
34 17.25 46 -0.012826 0.017755
35 17.75 2 0.490000 0.056569
36 18.25 0 0.000000 0.000000
37 18.75 0 0.000000 0.000000
38 19.25 0 0.000000 0.000000
39 19.75 0 0.000000 0.000000

0 0.25 0 0.000000 0.000000
1 0.75 0 0.000000 0.000000
2 1.25 0 0.000000 0.000000
3 1.75 0 0.000000 0.000000
4 2.25 0 0.000000 0.000000
5 2.75 26 36.560769 0.081665
6 3.25 205 37.626049 0.013660
7 3.75 0 0.000000 0.000000
8 4.25 0 0.000000 0.000000
9 4.75 83 30.490361 0.029145
10 5.25 0 0.000000 0.000000
11 5.75 23 20.453043 0.064582
12 6.25 53 18.723019 0.027279
13 6.75 0 0.000000 0.000000
14 7.25 0 0.000000 0.000000
15 7.75 0 0.000000 0.000000
16 8.25 6 0.466667 0.164852
17 8.75 78 0.045641 0.008909
18 9.25 0 0.000000 0.000000
19 9.75 0 0.000000 0.000000
20 10.25 0 0.000000 0.000000
21 10.75 0 0.000000 0.000000
22 11.25 60 -0.171000 0.012361
23 11.75 20 -0.013000 0.035145
24 12.25 0 0.000000 0.000000
25 12.75 0 0.000000 0.000000
26 13.25 0 0.000000 0.000000
27 13.75 0 0.000000 0.000000
28 14.25 0 0.000000 0.000000
29 14.75 0 0.000000 0.000000
30 15.25 0 0.000000 0.000000
31 15.75 0 0.000000 0.000000
32 16.25 0 0.000000 0.000000
33 16.75 38 0.034474 0.018792
34 17.25 44 -0.010227 0.015705
35 17.75 1 -0.240000 0.000000
36 18.25 0 0.000000 0.000000
37 18.75 0 0.000000 0.000000
38 19.25 0 0.000000 0.000000
39 19.75 0 0.000000 0.000000

0 0.25 0 0.000000 0.000000
1 0.75 0 0.000000 0.000000
2 1.25 0 0.000000 0.000000
3 1.75 0 0.000000 0.000000
4 2.25 0 0.000000 0.000000
5 2.75 33 36.117879 0.069079
6 3.25 194 38.008711 0.014911
7 3.75 0 0.000000 0.000000
8 4.25 0 0.000000 0.000000
9 4.75 70 31.218000 0.034370
10 5.25 0 0.000000 0.000000
11 5.75 28 21.283214 0.052674
12 6.25 51 19.928824 0.034683
13 6.75 0 0.000000 0.000000
14 7.25 0 0.000000 0.000000
15 7.75 0 0.000000 0.000000
16 8.25 8 -0.352500 0.078319
17 8.75 64 -0.036094 0.011129
18 9.25 0 0.000000 0.000000
19 9.75 0 0.000000 0.000000
20 10.25 0 0.000000 0.000000
21 10.75 1 -0.250000 0.000000
22 11.25 61 0.061475 0.011489
23 11.75 14 -0.084286 0.051658
24 12.25 0 0.000000 0.000000
25 12.75 0 0.000000 0.000000
26 13.25 0 0.000000 0.000000
27 13.75 0 0.000000 0.000000
28 14.25 0 0.000000 0.000000
29 14.75 0 0.000000 0.000000
30 15.25 0 0.000000 0.000000
31 15.75 0 0.000000 0.000000
32 16.25 0 0.000000 0.000000
33 16.75 36 -0.296389 0.021641
34 17.25 36 -0.156944 0.024740
35 17.75 0 0.000000 0.000000
36 18.25 0 0.000000 0.000000
37 18.75 0 0.000000 0.000000
38 19.25 0 0.000000 0.000000
39 19.75 0 0.000000 0.000000

0 0.25 0 0.000000 0.000000
1 0.75 0 0.000000 0.000000
2 1.25 0 0.000000 0.000000
3 1.75 0 0.000000 0.000000
4 2.25 0 0.000000 0.000000
5 2.75 46 36.863478 0.057925
6 3.25 196 38.363878 0.014176
7 3.75 0 0.000000 0.000000
8 4.25 0 0.000000 0.000000
9 4.75 80 31.997625 0.025016
10 5.25 0 0.000000 0.000000
11 5.75 32 21.665625 0.045800
12 6.25 48 20.147083 0.037216
13 6.75 0 0.000000 0.000000
14 7.25 0 0.000000 0.000000
15 7.75 0 0.000000 0.000000
16 8.25 10 -0.062000 0.068418
17 8.75 69 -0.160725 0.011072
18 9.25 0 0.000000 0.000000
19 9.75 0 0.000000 0.000000
20 10.25 0 0.000000 0.000000
21 10.75 2 -0.475000 0.130815
22 11.25 66 -0.131364 0.011819
23 11.75 14 -0.245714 0.052829
24 12.25 0 0.000000 0.000000
25 12.75 0 0.000000 0.000000
26 13.25 0 0.000000 0.000000
27 13.75 0 0.000000 0.000000
28 14.25 0 0.000000 0.000000
29 14.75 0 0.000000 0.000000
30 15.25 0 0.000000 0.000000
31 15.75 0 0.000000 0.000000
32 16.25 1 0.120000 0.000000
33 16.75 44 0.174318 0.017987
34 17.25 38 -0.018684 0.017965
35 17.75 0 0.000000 0.000000
36 18.25 0 0.000000 0.000000
37 18.75 0 0.000000 0.000000
38 19.25 0 0.000000 0.000000
39 19.75 0 0.000000 0.000000

0 0.25 0 0.000000 0.000000
1 0.75 0 0.000000 0.000000
2 1.25 0 0.000000 0.000000
3 1.75 0 0.000000 0.000000
4 2.25 0 0.000000 0.000000
5 2.75 49 37.870000 0.053244
6 3.25 176 38.707898 0.013342
7 3.75 0 0.000000 0.000000
8 4.25 0 0.000000 0.000000
9 4.75 80 31.426875 0.031830
10 5.25 0 0.000000 0.000000
11 5.75 33 23.155758 0.058205
12 6.25 42 21.130952 0.040310
13 6.75 0 0.000000 0.000000
14 7.25 0 0.000000 0.000000
15 7.75 0 0.000000 0.000000
16 8.25 14 0.322857 0.056366
17 8.75 66 0.078939 0.012072
18 9.25 0 0.000000 0.000000
19 9.75 0 0.000000 0.000000
20 10.25 0 0.000000 0.000000
21 10.75 6 -0.546667 0.084008
22 11.25 60 -0.244167 0.011629
23 11.75 10 -0.224000 0.100887
24 12.25 0 0.000000 0.000000
25 12.75 0 0.000000 0.000000
26 13.25 0 0.000000 0.000000
27 13.75 0 0.000000 0.000000
28 14.25 0 0.000000 0.000000
29 14.75 0 0.000000 0.000000
30 15.25 0 0.000000 0.000000
31 15.75 0 0.000000 0.000000
32 16.25 2 -0.225000 0.060104
33 16.75 45 0.018444 0.020440
34 17.25 32 0.141875 0.022059
35 17.75 0 0.000000 0.000000
36 18.25 0 0.000000 0.000000
37 18.75 0 0.000000 0.000000
38 19.25 0 0.000000 0.000000
39 19.75 0 0.000000 0.000000

0 0.25 0 0.000000 0.000000
1 0.75 0 0.000000 0.000000
2 1.25 0 0.000000 0.000000
3 1.75 0 0.000000 0.000000
4 2.25 0 0.000000 0.000000
5 2.75 63 37.935714 0.048130
6 3.25 175 38.387886 0.013798
7 3.75 0 0.000000 0.000000
8 4.25 0 0.000000 0.000000
9 4.75 73 32.076438 0.032002
10 5.25 0 0.000000 0.000000
11 5.75 39 23.184359 0.052290
12 6.25 42 22.452381 0.036613
13 6.75 0 0.000000 0.000000
14 7.25 0 0.000000 0.000000
15 7.75 0 0.000000 0.000000
16 8.25 15 -0.109333 0.046315
17 8.75 56 0.012321 0.012445
18 9.25 0 0.000000 0.000000
19 9.75 0 0.000000 0.000000
20 10.25 0 0.000000 0.000000
21 10.75 6 0.285000 0.079125
22 11.25 64 -0.276094 0.011174
23 11.75 7 -0.235714 0.129415
24 12.25 0 0.000000 0.000000
25 12.75 0 0.000000 0.000000
26 13.25 0 0.000000 0.000000
27 13.75 0 0.000000 0.000000
28 14.25 0 0.000000 0.000000
29 14.75 0 0.000000 0.000000
30 15.25 0 0.000000 0.000000
31 15.75 0 0.000000 0.000000
32 16.25 6 -0.073333 0.257539
33 16.75 43 -0.028605 0.017788
34 17.25 23 -0.028261 0.032262
35 17.75 0 0.000000 0.000000
36 18.25 0 0.000000 0.000000
37 18.75 0 0.000000 0.000000
38 19.25 0 0.000000 0.000000
39 19.75 0 0.000000 0.000000

0 0.25 0 0.000000 0.000000
1 0.75 0 0.000000 0.000000
2 1.25 0 0.000000 0.000000
3 1.75 0 0.000000 0.000000
4 2.25 0 0.000000 0.000000
5 2.75 79 38.162532 0.030700
6 3.25 167 38.769042 0.016418
7 3.75 0 0.000000 0.000000
8 4.25 0 0.000000 0.000000
9 4.75 82 32.579146 0.030699
10 5.25 0 0.000000 0.000000
11 5.75 44 23.957273 0.036499
12 6.25 38 22.542632 0.041238
13 6.75 0 0.000000 0.000000
14 7.25 0 0.000000 0.000000
15 7.75 0 0.000000 0.000000
16 8.25 22 0.076818 0.032919
17 8.75 61 -0.202459 0.014395
18 9.25 0 0.000000 0.000000
19 9.75 0 0.000000 0.000000
20 10.25 0 0.000000 0.000000
21 10.75 9 -0.176667 0.076000
22 11.25 67 -0.034776 0.011220
23 11.75 5 0.472000 0.107437
24 12.25 0 0.000000 0.000000
25 12.75 0 0.000000 0.000000
26 13.25 0 0.000000 0.000000
27 13.75 0 0.000000 0.000000
28 14.25 0 0.000000 0.000000
29 14.75 0 0.000000 0.000000
30 15.25 0 0.000000 0.000000
31 15.75 0 0.000000 0.000000
32 16.25 7 0.377143 0.094324
33 16.75 50 -0.101600 0.015655
34 17.25 25 -0.244000 0.027103
35 17.75 0 0.000000 0.000000
36 18.25 0 0.000000 0.000000
37 18.75 0 0.000000 0.000000
38 19.25 0 0.000000 0.000000
39 19.75 0 0.000000 0.000000

0 0.25 0 0.000000 0.000000
1 0.75 0 0.000000 0.000000
2 1.25 0 0.000000 0.000000
3 1.75 0 0.000000 0.000000
4 2.25 0 0.000000 0.000000
5 2.75 74 38.449595 0.037519
6 3.25 153 38.897778 0.016421
7 3.75 0 0.000000 0.000000
8 4.25 1 32.410000 0.000000
9 4.75 78 32.037179 0.032364
10 5.25 0 0.000000 0.000000
11 5.75 42 24.201905 0.049680
12 6.25 29 23.354483 0.059382
13 6.75 0 0.000000 0.000000
14 7.25 0 0.000000 0.000000
15 7.75 0 0.000000 0.000000
16 8.25 24 0.830417 0.099523
17 8.75 55 -0.101818 0.014173
18 9.25 0 0.000000 0.000000
19 9.75 0 0.000000 0.000000
20 10.25 0 0.000000 0.000000
21 10.75 11 0.294545 0.102693
22 11.25 56 0.063571 0.012025
23 11.75 4 -0.775000 0.071575
24 12.25 0 0.000000 0.000000
25 12.75 0 0.000000 0.000000
26 13.25 0 0.000000 0.000000
27 13.75 0 0.000000 0.000000
28 14.25 0 0.000000 0.000000
29 14.75 0 0.000000 0.000000
30 15.25 0 0.000000 0.000000
31 15.75 0 0.000000 0.000000
32 16.25 9 0.085556 0.074312
33 16.75 50 -0.077000 0.012772
34 17.25 20 0.236500 0.037177
35 17.75 0 0.000000 0.000000
36 18.25 0 0.000000 0.000000
37 18.75 0 0.000000 0.000000
38 19.25 0 0.000000 0.000000
39 19.75 0 0.000000 0.000000

0 0.25 0 0.000000 0.000000
1 0.75 0 0.000000 0.000000
2 1.25 0 0.000000 0.000000
3 1.75 0 0.000000 0.000000
4 2.25 0 0.000000 0.000000
5 2.75 91 38.849451 0.030779
6 3.25 149 39.224631 0.018286
7 3.75 0 0.000000 0.000000
8 4.25 3 33.216667 1.226079
9 4.75 75 32.767067 0.032904
10 5.25 0 0.000000 0.000000
11 5.75 50 24.622000 0.040433
12 6.25 32 23.922812 0.061453
13 6.75 0 0.000000 0.000000
14 7.25 0 0.000000 0.000000
15 7.75 0 0.000000 0.000000
16 8.25 25 7.831600 0.038749
17 8.75 51 0.306471 0.031174
18 9.25 0 0.000000 0.000000
19 9.75 0 0.000000 0.000000
20 10.25 0 0.000000 0.000000
21 10.75 14 0.017143 0.043797
22 11.25 66 0.116970 0.009365
23 11.75 2 -0.695000 0.533866
24 12.25 0 0.000000 0.000000
25 12.75 0 0.000000 0.000000
26 13.25 0 0.000000 0.000000
27 13.75 0 0.000000 0.000000
28 14.25 0 0.000000 0.000000
29 14.75 0 0.000000 0.000000
30 15.25 0 0.000000 0.000000
31 15.75 0 0.000000 0.000000
32 16.25 12 -0.043333 0.097855
33 16.75 48 -0.099792 0.012345
34 17.25 17 -0.193529 0.045006
35 17.75 0 0.000000 0.000000
36 18.25 0 0.000000 0.000000
37 18.75 0 0.000000 0.000000
38 19.25 0 0.000000 0.000000
39 19.75 0 0.000000 0.000000

0 0.25 0 0.000000 0.000000
1 0.75 0 0.000000 0.000000
2 1.25 0 0.000000 0.000000
3 1.75 0 0.000000 0.000000
4 2.25 0 0.000000 0.000000
5 2.75 99 38.955758 0.027953
6 3.25 143 39.754336 0.018918
7 3.75 0 0.000000 0.000000
8 4.25 3 32.483333 0.368546
9 4.75 79 32.563418 0.027508
10 5.25 0 0.000000 0.000000
11 5.75 51 24.996667 0.040799
12 6.25 29 23.635172 0.048519
13 6.75 0 0.000000 0.000000
14 7.25 0 0.000000 0.000000
15 7.75 0 0.000000 0.000000
16 8.25 31 8.833226 0.033480
17 8.75 52 4.939038 0.078442
18 9.25 0 0.000000 0.000000
19 9.75 0 0.000000 0.000000
20 10.25 0 0.000000 0.000000
21 10.75 18 0.196667 0.035805
22 11.25 63 0.078254 0.010351
23 11.75 1 1.160000 0.000000
24 12.25 0 0.000000 0.000000
25 12.75 0 0.000000 0.000000
26 13.25 0 0.000000 0.000000
27 13.75 0 0.000000 0.000000
28 14.25 0 0.000000 0.000000
29 14.75 0 0.000000 0.000000
30 15.25 0 0.000000 0.000000
31 15.75 0 0.000000 0.000000
32 16.25 17 -0.251176 0.045297
33 16.75 51 -0.119020 0.016159
34 17.25 16 0.073750 0.028474
35 17.75 0 0.000000 0.000000
36 18.25 0 0.000000 0.000000
37 18.75 0 0.000000 0.000000
38 19.25 0 0.000000 0.000000
39 19.75 0 0.000000 0.000000

0 0.25 0 0.000000 0.000000
1 0.75 0 0.000000 0.000000
2 1.25 0 0.000000 0.000000
3 1.75 0 0.000000 0.000000
4 2.25 0 0.000000 0.000000
5 2.75 99 39.431616 0.029132
6 3.25 124 39.726935 0.022035
7 3.75 0 0.000000 0.000000
8 4.25 5 33.996000 0.175326
9 4.75 73 32.565616 0.035622
10 5.25 0 0.000000 0.000000
11 5.75 54 25.176852 0.032613
12 6.25 22 23.682273 0.086565
13 6.75 0 0.000000 0.000000
14 7.25 0 0.000000 0.000000
15 7.75 0 0.000000 0.000000
16 8.25 32 9.858125 0.027763
17 8.75 47 8.386809 0.023693
18 9.25 0 0.000000 0.000000
19 9.75 0 0.000000 0.000000
20 10.25 0 0.000000 0.000000
21 10.75 16 -0.041250 0.042638
22 11.25 60 0.064000 0.011986
23 11.75 0 0.000000 0.000000
24 12.25 0 0.000000 0.000000
25 12.75 0 0.000000 0.000000
26 13.25 0 0.000000 0.000000
27 13.75 0 0.000000 0.000000
28 14.25 0 0.000000 0.000000
29 14.75 0 0.000000 0.000000
30 15.25 0 0.000000 0.000000
31 15.75 0 0.000000 0.000000
32 16.25 17 -0.088235 0.050207
33 16.75 50 -0.101800 0.015666
34 17.25 11 0.176364 0.070774
35 17.75 0 0.000000 0.000000
36 18.25 0 0.000000 0.000000
37 18.75 0 0.000000 0.000000
38 19.25 0 0.000000 0.000000
39 19.75 0 0.000000 0.000000

0 0.25 0 0.000000 0.000000
1 0.75 0 0.000000 0.000000
2 1.25 0 0.000000 0.000000
3 1.75 0 0.000000 0.000000
4 2.25 0 0.000000 0.000000
5 2.75 113 39.117611 0.023611
6 3.25 126 40.731190 0.020455
7 3.75 0 0.000000 0.000000
8 4.25 7 35.230000 0.218542
9 4.75 71 32.540423 0.030359
10 5.25 0 0.000000 0.000000
11 5.75 57 25.081053 0.036034
12 6.25 24 24.458750 0.068558
13 6.75 0 0.000000 0.000000
14 7.25 0 0.000000 0.000000
15 7.75 0 0.000000 0.000000
16 8.25 33 10.443939 0.031203
17 8.75 44 8.879091 0.028281
18 9.25 0 0.000000 0.000000
19 9.75 0 0.000000 0.000000
20 10.25 0 0.000000 0.000000
21 10.75 24 -0.086667 0.030311
22 11.25 59 0.079322 0.014787
23 11.75 0 0.000000 0.000000
24 12.25 0 0.000000 0.000000
25 12.75 0 0.000000 0.000000
26 13.25 0 0.000000 0.000000
27 13.75 0 0.000000 0.000000
28 14.25 0 0.000000 0.000000
29 14.75 0 0.000000 0.000000
30 15.25 0 0.000000 0.000000
31 15.75 0 0.000000 0.000000
32 16.25 20 0.039000 0.034869
33 16.75 48 0.133750 0.012535
34 17.25 9 0.064444 0.073483
35 17.75 0 0.000000 0.000000
36 18.25 0 0.000000 0.000000
37 18.75 0 0.000000 0.000000
38 19.25 0 0.000000 0.000000
39 19.75 0 0.000000 0.000000

0 0.25 0 0.000000 0.000000
1 0.75 0 0.000000 0.000000
2 1.25 0 0.000000 0.000000
3 1.75 0 0.000000 0.000000
4 2.25 0 0.000000 0.000000
5 2.75 122 39.498770 0.022925
6 3.25 118 40.585339 0.026483
7 3.75 0 0.000000 0.000000
8 4.25 10 34.099000 0.258902
9 4.75 71 32.528873 0.034064
10 5.25 0 0.000000 0.000000
11 5.75 59 25.923559 0.034297
12 6.25 20 23.981000 0.069610
13 6.75 0 0.000000 0.000000
14 7.25 0 0.000000 0.000000
15 7.75 0 0.000000 0.000000
16 8.25 37 10.648378 0.028634
17 8.75 43 9.193721 0.022979
18 9.25 0 0.000000 0.000000
19 9.75 0 0.000000 0.000000
20 10.25 0 0.000000 0.000000
21 10.75 25 0.148400 0.025778
22 11.25 55 -0.009818 0.014244
23 11.75 0 0.000000 0.000000
24 12.25 0 0.000000 0.000000
25 12.75 0 0.000000 0.000000
26 13.25 0 0.000000 0.000000
27 13.75 0 0.000000 0.000000
28 14.25 0 0.000000 0.000000
29 14.75 0 0.000000 0.000000
30 15.25 0 0.000000 0.000000
31 15.75 0 0.000000 0.000000
32 16.25 25 0.186800 0.031386
33 16.75 50 -0.012200 0.014198
34 17.25 8 0.315000 0.131084
35 17.75 0 0.000000 0.000000
36 18.25 0 0.000000 0.000000
37 18.75 0 0.000000 0.000000
38 19.25 0 0.000000 0.000000
39 19.75 0 0.000000 0.000000

0 0.25 0 0.000000 0.000000
1 0.75 0 0.000000 0.000000
2 1.25 0 0.000000 0.000000
3 1.75 0 0.000000 0.000000
4 2.25 0 0.000000 0.000000
5 2.75 120 40.125500 0.023972
6 3.25 103 40.591456 0.029468
7 3.75 0 0.000000 0.000000
8 4.25 12 36.850000 0.109977
9 4.75 63 33.099683 0.045295
10 5.25 0 0.000000 0.000000
11 5.75 60 24.846000 0.030794
12 6.25 16 24.773750 0.113855
13 6.75 0 0.000000 0.000000
14 7.25 0 0.000000 0.000000
15 7.75 0 0.000000 0.000000
16 8.25 37 10.612162 0.027273
17 8.75 38 9.210263 0.032673
18 9.25 0 0.000000 0.000000
19 9.75 0 0.000000 0.000000
20 10.25 0 0.000000 0.000000
21 10.75 25 -0.280400 0.027905
22 11.25 50 -0.097800 0.014227
23 11.75 0 0.000000 0.000000
24 12.25 0 0.000000 0.000000
25 12.75 0 0.000000 0.000000
26 13.25 0 0.000000 0.000000
27 13.75 0 0.000000 0.000000
28 14.25 0 0.000000 0.000000
29 14.75 0 0.000000 0.000000
30 15.25 0 0.000000 0.000000
31 15.75 0 0.000000 0.000000
32 16.25 24 -0.082500 0.039078
33 16.75 45 0.011556 0.014798
34 17.25 7 0.098571 0.110264
35 17.75 0 0.000000 0.000000
36 18.25 0 0.000000 0.000000
37 18.75 0 0.000000 0.000000
38 19.25 0 0.000000 0.000000
39 19.75 0 0.000000 0.000000

0 0.25 0 0.000000 0.000000
1 0.75 0 0.000000 0.000000
2 1.25 0 0.000000 0.000000
3 1.75 0 0.000000 0.000000
4 2.25 0 0.000000 0.000000
5 2.75 139 40.046906 0.022709
6 3.25 104 40.641827 0.026571
7 3.75 0 0.000000 0.000000
8 4.25 15 35.834667 0.143789
9 4.75 64 33.047344 0.036375
10 5.25 0 0.000000 0.000000
11 5.75 66 25.810758 0.028954
12 6.25 15 24.952667 0.126236
13 6.75 0 0.000000 0.000000
14 7.25 0 0.000000 0.000000
15 7.75 0 0.000000 0.000000
16 8.25 41 10.833415 0.026858
17 8.75 37 9.383514 0.026079
18 9.25 0 0.000000 0.000000
19 9.75 0 0.000000 0.000000
20 10.25 0 0.000000 0.000000
21 10.75 32 0.075625 0.023480
22 11.25 50 0.022200 0.015590
23 11.75 0 0.000000 0.000000
24 12.25 0 0.000000 0.000000
25 12.75 0 0.000000 0.000000
26 13.25 0 0.000000 0.000000
27 13.75 0 0.000000 0.000000
28 14.25 0 0.000000 0.000000
29 14.75 0 0.000000 0.000000
30 15.25 0 0.000000 0.000000
31 15.75 0 0.000000 0.000000
32 16.25 29 0.106207 0.021269
33 16.75 47 0.092553 0.017142
34 17.25 6 -0.035000 0.104205
35 17.75 0 0.000000 0.000000
36 18.25 0 0.000000 0.000000
37 18.75 0 0.000000 0.000000
38 19.25 0 0.000000 0.000000
39 19.75 0 0.000000 0.000000

0 0.25 0 0.000000 0.000000
1 0.75 0 0.000000 0.000000
2 1.25 0 0.000000 0.000000
3 1.75 0 0.000000 0.000000
4 2.25 0 0.000000 0.000000
5 2.75 141 39.842837 0.020440
6 3.25 87 40.871034 0.032667
7 3.75 0 0.000000 0.000000
8 4.25 17 35.101765 0.132290
9 4.75 62 34.124677 0.045979
10 5.25 0 0.000000 0.000000
11 5.75 64 25.477031 0.031065
12 6.25 10 24.130000 0.151443
13 6.75 0 0.000000 0.000000
14 7.25 0 0.000000 0.000000
15 7.75 0 0.000000 0.000000
16 8.25 46 10.643261 0.023709
17 8.75 34 9.383824 0.022882
18 9.25 0 0.000000 0.000000
19 9.75 0 0.000000 0.000000
20 10.25 0 0.000000 0.000000
21 10.75 31 -0.196129 0.019583
22 11.25 45 0.171111 0.016943
23 11.75 0 0.000000 0.000000
24 12.25 0 0.000000 0.000000
25 12.75 0 0.000000 0.000000
26 13.25 0 0.000000 0.000000
27 13.75 0 0.000000 0.000000
28 14.25 0 0.000000 0.000000
29 14.75 0 0.000000 0.000000
30 15.25 0 0.000000 0.000000
31 15.75 0 0.000000 0.000000
32 16.25 32 0.055938 0.019077
33 16.75 47 -0.141277 0.015551
34 17.25 3 0.390000 0.118462
35 17.75 0 0.000000 0.000000
36 18.25 0 0.000000 0.000000
37 18.75 0 0.000000 0.000000
38 19.25 0 0.000000 0.000000
39 19.75 0 0.000000 0.000000

0 0.25 0 0.000000 0.000000
1 0.75 0 0.000000 0.000000
2 1.25 0 0.000000 0.000000
3 1.75 0 0.000000 0.000000
4 2.25 0 0.000000 0.000000
5 2.75 158 40.854873 0.014564
6 3.25 74 41.130270 0.044173
7 3.75 0 0.000000 0.000000
8 4.25 18 36.073333 0.163213
9 4.75 59 34.164576 0.040688
10 5.25 0 0.000000 0.000000
11 5.75 69 25.584928 0.021335
12 6.25 10 24.042000 0.130501
13 6.75 0 0.000000 0.000000
14 7.25 0 0.000000 0.000000
15 7.75 0 0.000000 0.000000
16 8.25 50 11.003400 0.023304
17 8.75 28 9.344286 0.040286
18 9.25 0 0.000000 0.000000
19 9.75 0 0.000000 0.000000
20 10.25 0 0.000000 0.000000
21 10.75 36 -0.057778 0.022519
22 11.25 43 0.133721 0.012815
23 11.75 0 0.000000 0.000000
24 12.25 0 0.000000 0.000000
25 12.75 0 0.000000 0.000000
26 13.25 0 0.000000 0.000000
27 13.75 0 0.000000 0.000000
28 14.25 0 0.000000 0.000000
29 14.75 0 0.000000 0.000000
30 15.25 0 0.000000 0.000000
31 15.75 0 0.000000 0.000000
32 16.25 31 -0.394839 0.026708
33 16.75 42 -0.002857 0.016023
34 17.25 1 -1.340000 0.000000
35 17.75 0 0.000000 0.000000
36 18.25 0 0.000000 0.000000
37 18.75 0 0.000000 0.000000
38 19.25 0 0.000000 0.000000
39 19.75 0 0.000000 0.000000

0 0.25 0 0.000000 0.000000
1 0.75 0 0.000000 0.000000
2 1.25 0 0.000000 0.000000
3 1.75 0 0.000000 0.000000
4 2.25 0 0.000000 0.000000
5 2.75 166 40.818735 0.017269
6 3.25 78 42.286667 0.040409
7 3.75 0 0.000000 0.000000
8 4.25 23 36.533043 0.090742
9 4.75 58 34.557759 0.040711
10 5.25 0 0.000000 0.000000
11 5.75 76 25.643947 0.022371
12 6.25 7 23.677143 0.165027
13 6.75 0 0.000000 0.000000
14 7.25 0 0.000000 0.000000
15 7.75 0 0.000000 0.000000
16 8.25 52 10.970000 0.019989
17 8.75 30 9.664667 0.039176
18 9.25 0 0.000000 0.000000
19 9.75 0 0.000000 0.000000
20 10.25 0 0.000000 0.000000
21 10.75 41 0.176341 0.016946
22 11.25 43 -0.100233 0.015391
23 11.75 0 0.000000 0.000000
24 12.25 0 0.000000 0.000000
25 12.75 0 0.000000 0.000000
26 13.25 0 0.000000 0.000000
27 13.75 0 0.000000 0.000000
28 14.25 0 0.000000 0.000000
29 14.75 0 0.000000 0.000000
30 15.25 0 0.000000 0.000000
31 15.75 0 0.000000 0.000000
32 16.25 39 0.094615 0.020331
33 16.75 43 -0.220000 0.012065
34 17.25 0 0.000000 0.000000
35 17.75 0 0.000000 0.000000
36 18.25 0 0.000000 0.000000
37 18.75 0 0.000000 0.000000
38 19.25 0 0.000000 0.000000
39 19.75 0 0.000000 0.000000

0 0.25 0 0.000000 0.000000
1 0.75 0 0.000000 0.000000
2 1.25 0 0.000000 0.000000
3 1.75 0 0.000000 0.000000
4 2.25 0 0.000000 0.000000
5 2.75 180 40.773222 0.015599
6 3.25 64 41.178281 0.046806
7 3.75 0 0.000000 0.000000
8 4.25 24 35.785833 0.086255
9 4.75 55 34.643636 0.047935
10 5.25 0 0.000000 0.000000
11 5.75 68 25.719118 0.031972
12 6.25 8 25.565000 0.226442
13 6.75 0 0.000000 0.000000
14 7.25 0 0.000000 0.000000
15 7.75 0 0.000000 0.000000
16 8.25 54 11.083333 0.024094
17 8.75 27 9.649259 0.044420
18 9.25 0 0.000000 0.000000
19 9.75 0 0.000000 0.000000
20 10.25 0 0.000000 0.000000
21 10.75 39 0.190000 0.024208
22 11.25 37 0.171351 0.019507
23 11.75 0 0.000000 0.000000
24 12.25 0 0.000000 0.000000
25 12.75 0 0.000000 0.000000
26 13.25 0 0.000000 0.000000
27 13.75 0 0.000000 0.000000
28 14.25 0 0.000000 0.000000
29 14.75 0 0.000000 0.000000
30 15.25 0 0.000000 0.000000
31 15.75 0 0.000000 0.000000
32 16.25 41 0.181951 0.017322
33 16.75 42 0.027619 0.015974
34 17.25 0 0.000000 0.000000
35 17.75 0 0.000000 0.000000
36 18.25 0 0.000000 0.000000
37 18.75 0 0.000000 0.000000
38 19.25 0 0.000000 0.000000
39 19.75 0 0.000000 0.000000

0 0.25 0 0.000000 0.000000
1 0.75 0 0.000000 0.000000
2 1.25 0 0.000000 0.000000
3 1.75 0 0.000000 0.000000
4 2.25 0 0.000000 0.000000
5 2.75 174 41.311092 0.016105
6 3.25 63 41.667460 0.049596
7 3.75 0 0.000000 0.000000
8 4.25 24 36.189583 0.103589
9 4.75 52 35.083654 0.062431
10 5.25 0 0.000000 0.000000
11 5.75 76 26.214737 0.023343
12 6.25 5 23.892000 0.344985
13 6.75 0 0.000000 0.000000
14 7.25 0 0.000000 0.000000
15 7.75 0 0.000000 0.000000
16 8.25 54 10.766296 0.021719
17 8.75 23 9.523043 0.037177
18 9.25 0 0.000000 0.000000
19 9.75 0 0.000000 0.000000
20 10.25 0 0.000000 0.000000
21 10.75 44 0.082500 0.018892
22 11.25 37 0.011351 0.017362
23 11.75 0 0.000000 0.000000
24 12.25 0 0.000000 0.000000
25 12.75 0 0.000000 0.000000
26 13.25 0 0.000000 0.000000
27 13.75 0 0.000000 0.000000
28 14.25 0 0.000000 0.000000
29 14.75 0 0.000000 0.000000
30 15.25 0 0.000000 0.000000
31 15.75 1 0.580000 0.000000
32 16.25 43 0.091395 0.020022
33 16.75 35 -0.095714 0.021462
34 17.25 0 0.000000 0.000000
35 17.75 0 0.000000 0.000000
36 18.25 0 0.000000 0.000000
37 18.75 0 0.000000 0.000000
38 19.25 0 0.000000 0.000000
39 19.75 0 0.000000 0.000000

0 0.25 0 0.000000 0.000000
1 0.75 0 0.000000 0.000000
2 1.25 0 0.000000 0.000000
3 1.75 0 0.000000 0.000000
4 2.25 0 0.000000 0.000000
5 2.75 187 41.200802 0.014287
6 3.25 55 42.190364 0.050840
7 3.75 0 0.000000 0.000000
8 4.25 30 37.796000 0.089278
9 4.75 53 35.061887 0.036456
10 5.25 0 0.000000 0.000000
11 5.75 77 25.948701 0.024452
12 6.25 3 27.126667 0.611095
13 6.75 0 0.000000 0.000000
14 7.25 0 0.000000 0.000000
15 7.75 0 0.000000 0.000000
16 8.25 60 10.809833 0.021756
17 8.75 23 9.291304 0.039869
18 9.25 0 0.000000 0.000000
19 9.75 0 0.000000 0.000000
20 10.25 0 0.000000 0.000000
21 10.75 46 0.313261 0.015370
22 11.25 34 0.203529 0.018016
23 11.75 0 0.000000 0.000000
24 12.25 0 0.000000 0.000000
25 12.75 0 0.000000 0.000000
26 13.25 0 0.000000 0.000000
27 13.75 0 0.000000 0.000000
28 14.25 0 0.000000 0.000000
29 14.75 0 0.000000 0.000000
30 15.25 0 0.000000 0.000000
31 15.75 2 -0.830000 0.311127
32 16.25 44 0.127955 0.014881
33 16.75 35 -0.030857 0.020459
34 17.25 0 0.000000 0.000000
35 17.75 0 0.000000 0.000000
36 18.25 0 0.000000 0.000000
37 18.75 0 0.000000 0.000000
38 19.25 0 0.000000 0.000000
39 19.75 0 0.000000 0.000000

0 0.25 0 0.000000 0.000000
1 0.75 0 0.000000 0.000000
2 1.25 0 0.000000 0.000000
3 1.75 0 0.000000 0.000000
4 2.25 0 0.000000 0.000000
5 2.75 183 42.318415 0.016590
6 3.25 42 41.791667 0.058660
7 3.75 0 0.000000 0.000000
8 4.25 30 38.103333 0.092522
9 4.75 47 35.345957 0.063918
10 5.25 0 0.000000 0.000000
11 5.75 75 25.677600 0.025921
12 6.25 2 24.115000 0.385373
13 6.75 0 0.000000 0.000000
14 7.25 0 0.000000 0.000000
15 7.75 0 0.000000 0.000000
16 8.25 60 10.882167 0.020046
17 8.75 17 9.181765 0.070395
18 9.25 0 0.000000 0.000000
19 9.75 0 0.000000 0.000000
20 10.25 0 0.000000 0.000000
21 10.75 51 -0.026863 0.013964
22 11.25 28 0.106786 0.028102
23 11.75 0 0.000000 0.000000
24 12.25 0 0.000000 0.000000
25 12.75 0 0.000000 0.000000
26 13.25 0 0.000000 0.000000
27 13.75 0 0.000000 0.000000
28 14.25 0 0.000000 0.000000
29 14.75 0 0.000000 0.000000
30 15.25 0 0.000000 0.000000
31 15.75 4 0.227500 0.126958
32 16.25 44 -0.163864 0.017202
33 16.75 32 0.043437 0.024699
34 17.25 0 0.000000 0.000000
35 17.75 0 0.000000 0.000000
36 18.25 0 0.000000 0.000000
37 18.75 0 0.000000 0.000000
38 19.25 0 0.000000 0.000000
39 19.75 0 0.000000 0.000000

0 0.25 0 0.000000 0.000000
1 0.75 0 0.000000 0.000000
2 1.25 0 0.000000 0.000000
3 1.75 0 0.000000 0.000000
4 2.25 0 0.000000 0.000000
5 2.75 201 42.845473 0.014483
6 3.25 41 44.453415 0.075627
7 3.75 0 0.000000 0.000000
8 4.25 32 37.141875 0.104368
9 4.75 47 35.727021 0.055060
10 5.25 0 0.000000 0.000000
11 5.75 80 25.462125 0.022989
12 6.25 1 21.840000 0.000000
13 6.75 0 0.000000 0.000000
14 7.25 0 0.000000 0.000000
15 7.75 0 0.000000 0.000000
16 8.25 63 9.863968 0.017387
17 8.75 15 8.628667 0.066426
18 9.25 0 0.000000 0.000000
19 9.75 0 0.000000 0.000000
20 10.25 0 0.000000 0.000000
21 10.75 50 0.145600 0.013484
22 11.25 31 0.008387 0.020050
23 11.75 0 0.000000 0.000000
24 12.25 0 0.000000 0.000000
25 12.75 0 0.000000 0.000000
26 13.25 0 0.000000 0.000000
27 13.75 0 0.000000 0.000000
28 14.25 0 0.000000 0.000000
29 14.75 0 0.000000 0.000000
30 15.25 0 0.000000 0.000000
31 15.75 5 0.448000 0.058299
32 16.25 46 -0.053478 0.019533
33 16.75 28 0.034286 0.025135
34 17.25 0 0.000000 0.000000
35 17.75 0 0.000000 0.000000
36 18.25 0 0.000000 0.000000
37 18.75 0 0.000000 0.000000
38 19.25 0 0.000000 0.000000
39 19.75 0 0.000000 0.000000

0 0.25 0 0.000000 0.000000
1 0.75 0 0.000000 0.000000
2 1.25 0 0.000000 0.000000
3 1.75 0 0.000000 0.000000
4 2.25 0 0.000000 0.000000
5 2.75 200 44.138800 0.014425
6 3.25 32 44.061563 0.065086
7 3.75 0 0.000000 0.000000
8 4.25 35 37.560857 0.054788
9 4.75 45 35.308222 0.048048
10 5.25 0 0.000000 0.000000
11 5.75 77 25.177013 0.028746
12 6.25 0 0.000000 0.000000
13 6.75 0 0.000000 0.000000
14 7.25 0 0.000000 0.000000
15 7.75 0 0.000000 0.000000
16 8.25 66 9.472576 0.016239
17 8.75 15 6.470667 0.184447
18 9.25 0 0.000000 0.000000
19 9.75 0 0.000000 0.000000
20 10.25 0 0.000000 0.000000
21 10.75 51 0.028824 0.017927
22 11.25 27 0.348889 0.024471
23 11.75 0 0.000000 0.000000
24 12.25 0 0.000000 0.000000
25 12.75 0 0.000000 0.000000
26 13.25 0 0.000000 0.000000
27 13.75 0 0.000000 0.000000
28 14.25 0 0.000000 0.000000
29 14.75 0 0.000000 0.000000
30 15.25 0 0.000000 0.000000
31 15.75 4 0.117500 0.091067
32 16.25 49 0.046327 0.015083
33 16.75 28 0.218571 0.031887
34 17.25 0 0.000000 0.000000
35 17.75 0 0.000000 0.000000
36 18.25 0 0.000000 0.000000
37 18.75 0 0.000000 0.000000
38 19.25 0 0.000000 0.000000
39 19.75 0 0.000000 0.000000

0 0.25 0 0.000000 0.000000
1 0.75 0 0.000000 0.000000
2 1.25 0 0.000000 0.000000
3 1.75 0 0.000000 0.000000
4 2.25 0 0.000000 0.000000
5 2.75 203 46.470936 0.015739
6 3.25 29 46.505172 0.098010
7 3.75 0 0.000000 0.000000
8 4.25 36 38.033611 0.052402
9 4.75 42 34.882381 0.046696
10 5.25 0 0.000000 0.000000
11 5.75 76 24.949211 0.025719
12 6.25 0 0.000000 0.000000
13 6.75 0 0.000000 0.000000
14 7.25 0 0.000000 0.000000
15 7.75 0 0.000000 0.000000
16 8.25 63 7.430952 0.040239
17 8.75 11 0.319091 0.069455
18 9.25 0 0.000000 0.000000
19 9.75 0 0.000000 0.000000
20 10.25 0 0.000000 0.000000
21 10.75 51 -0.030784 0.015587
22 11.25 24 0.349583 0.033607
23 11.75 0 0.000000 0.000000
24 12.25 0 0.000000 0.000000
25 12.75 0 0.000000 0.000000
26 13.25 0 0.000000 0.000000
27 13.75 0 0.000000 0.000000
28 14.25 0 0.000000 0.000000
29 14.75 0 0.000000 0.000000
30 15.25 0 0.000000 0.000000
31 15.75 7 -0.421429 0.075891
32 16.25 46 0.125435 0.016106
33 16.75 23 -0.111739 0.025736
34 17.25 0 0.000000 0.000000
35 17.75 0 0.000000 0.000000
36 18.25 0 0.000000 0.000000
37 18.75 0 0.000000 0.000000
38 19.25 0 0.000000 0.000000
39 19.75 0 0.000000 0.000000

0 0.25 0 0.000000 0.000000
1 0.75 0 0.000000 0.000000
2 1.25 0 0.000000 0.000000
3 1.75 0 0.000000 0.000000
4 2.25 0 0.000000 0.000000
5 2.75 212 47.160943 0.014026
6 3.25 29 47.245517 0.088259
7 3.75 0 0.000000 0.000000
8 4.25 38 36.422895 0.064806
9 4.75 38 34.882105 0.051857
10 5.25 0 0.000000 0.000000
11 5.75 82 24.968780 0.023189
12 6.25 0 0.000000 0.000000
13 6.75 0 0.000000 0.000000
14 7.25 0 0.000000 0.000000
15 7.75 0 0.000000 0.000000
16 8.25 66 3.360000 0.057482
17 8.75 13 -0.069231 0.058997
18 9.25 0 0.000000 0.000000
19 9.75 0 0.000000 0.000000
20 10.25 0 0.000000 0.000000
21 10.75 56 -0.028214 0.014918
22 11.25 25 -0.205600 0.026155
23 11.75 0 0.000000 0.000000
24 12.25 0 0.000000 0.000000
25 12.75 0 0.000000 0.000000
26 13.25 0 0.000000 0.000000
27 13.75 0 0.000000 0.000000
28 14.25 0 0.000000 0.000000
29 14.75 0 0.000000 0.000000
30 15.25 0 0.000000 0.000000
31 15.75 8 0.362500 0.101178
32 16.25 46 0.133478 0.017959
33 16.75 24 0.292500 0.028897
34 17.25 0 0.000000 0.000000
35 17.75 0 0.000000 0.000000
36 18.25 0 0.000000 0.000000
37 18.75 0 0.000000 0.000000
38 19.25 0 0.000000 0.000000
39 19.75 0 0.000000 0.000000

0 0.25 0 0.000000 0.000000
1 0.75 0 0.000000 0.000000
2 1.25 0 0.000000 0.000000
3 1.75 0 0.000000 0.000000
4 2.25 0 0.000000 0.000000
5 2.75 206 48.778252 0.016655
6 3.25 25 49.560400 0.097133
7 3.75 0 0.000000 0.000000
8 4.25 41 36.889756 0.061814
9 4.75 38 34.345000 0.073562
10 5.25 0 0.000000 0.000000
11 5.75 76 24.374211 0.028912
12 6.25 0 0.000000 0.000000
13 6.75 0 0.000000 0.000000
14 7.25 0 0.000000 0.000000
15 7.75 0 0.000000 0.000000
16 8.25 69 0.774928 0.033787
17 8.75 10 -0.078000 0.093492
18 9.25 0 0.000000 0.000000
19 9.75 0 0.000000 0.000000
20 10.25 0 0.000000 0.000000
21 10.75 56 -0.092857 0.012718
22 11.25 20 0.096000 0.033173
23 11.75 0 0.000000 0.000000
24 12.25 0 0.000000 0.000000
25 12.75 0 0.000000 0.000000
26 13.25 0 0.000000 0.000000
27 13.75 0 0.000000 0.000000
28 14.25 0 0.000000 0.000000
29 14.75 0 0.000000 0.000000
30 15.25 0 0.000000 0.000000
31 15.75 10 -0.103000 0.049338
32 16.25 48 -0.070417 0.018030
33 16.75 23 0.160870 0.031256
34 17.25 0 0.000000 0.000000
35 17.75 0 0.000000 0.000000
36 18.25 0 0.000000 0.000000
37 18.75 0 0.000000 0.000000
38 19.25 0 0.000000 0.000000
39 19.75 0 0.000000 0.000000

0 0.25 0 0.000000 0.000000
1 0.75 0 0.000000 0.000000
2 1.25 0 0.000000 0.000000
3 1.75 0 0.000000 0.000000
4 2.25 0 0.000000 0.000000
5 2.75 209 47.268900 0.015039
6 3.25 20 47.632000 0.178748
7 3.75 0 0.000000 0.000000
8 4.25 43 36.112093 0.067300
9 4.75 33 34.459697 0.078619
10 5.25 0 0.000000 0.000000
11 5.75 78 24.141667 0.021341
12 6.25 0 0.000000 0.000000
13 6.75 0 0.000000 0.000000
14 7.25 0 0.000000 0.000000
15 7.75 0 0.000000 0.000000
16 8.25 68 -0.105000 0.012524
17 8.75 10 -0.078000 0.073134
18 9.25 0 0.000000 0.000000
19 9.75 0 0.000000 0.000000
20 10.25 0 0.000000 0.000000
21 10.75 59 0.066610 0.013001
22 11.25 21 0.086667 0.027640
23 11.75 0 0.000000 0.000000
24 12.25 0 0.000000 0.000000
25 12.75 0 0.000000 0.000000
26 13.25 0 0.000000 0.000000
27 13.75 0 0.000000 0.000000
28 14.25 0 0.000000 0.000000
29 14.75 0 0.000000 0.000000
30 15.25 0 0.000000 0.000000
31 15.75 11 0.500000 0.046360
32 16.25 53 -0.379434 0.013785
33 16.75 18 0.119444 0.036363
34 17.25 0 0.000000 0.000000
35 17.75 0 0.000000 0.000000
36 18.25 0 0.000000 0.000000
37 18.75 0 0.000000 0.000000
38 19.25 0 0.000000 0.000000
39 19.75 0 0.000000 0.000000

0 0.25 0 0.000000 0.000000
1 0.75 0 0.000000 0.000000
2 1.25 0 0.000000 0.000000
3 1.75 0 0.000000 0.000000
4 2.25 0 0.000000 0.000000
5 2.75 226 44.462788 0.012307
6 3.25 14 44.254286 0.234292
7 3.75 0 0.000000 0.000000
8 4.25 47 34.911277 0.054695
9 4.75 37 33.198649 0.055765
10 5.25 0 0.000000 0.000000
11 5.75 80 22.794375 0.023720
12 6.25 0 0.000000 0.000000
13 6.75 0 0.000000 0.000000
14 7.25 0 0.000000 0.000000
15 7.75 0 0.000000 0.000000
16 8.25 75 0.073333 0.009583
17 8.75 7 -0.430000 0.106455
18 9.25 0 0.000000 0.000000
19 9.75 0 0.000000 0.000000
20 10.25 0 0.000000 0.000000
21 10.75 60 0.012500 0.011641
22 11.25 20 0.102000 0.040029
23 11.75 0 0.000000 0.000000
24 12.25 0 0.000000 0.000000
25 12.75 0 0.000000 0.000000
26 13.25 0 0.000000 0.000000
27 13.75 0 0.000000 0.000000
28 14.25 0 0.000000 0.000000
29 14.75 0 0.000000 0.000000
30 15.25 0 0.000000 0.000000
31 15.75 15 0.364000 0.046229
32 16.25 48 -0.033542 0.014028
33 16.75 20 -0.175500 0.037867
34 17.25 0 0.000000 0.000000
35 17.75 0 0.000000 0.000000
36 18.25 0 0.000000 0.000000
37 18.75 0 0.000000 0.000000
38 19.25 0 0.000000 0.000000
39 19.75 0 0.000000 0.000000

0 0.25 0 0.000000 0.000000
1 0.75 0 0.000000 0.000000
2 1.25 0 0.000000 0.000000
3 1.75 0 0.000000 0.000000
4 2.25 0 0.000000 0.000000
5 2.75 219 41.959635 0.014504
6 3.25 13 43.400000 0.228866
7 3.75 0 0.000000 0.000000
8 4.25 46 34.461957 0.045296
9 4.75 30 32.571333 0.077806
10 5.25 0 0.000000 0.000000
11 5.75 81 22.352222 0.026146
12 6.25 0 0.000000 0.000000
13 6.75 0 0.000000 0.000000
14 7.25 0 0.000000 0.000000
15 7.75 0 0.000000 0.000000
16 8.25 71 -0.070704 0.010201
17 8.75 6 0.263333 0.132311
18 9.25 0 0.000000 0.000000
19 9.75 0 0.000000 0.000000
20 10.25 0 0.000000 0.000000
21 10.75 67 -0.166119 0.012098
22 11.25 17 -0.115882 0.046748
23 11.75 0 0.000000 0.000000
24 12.25 0 0.000000 0.000000
25 12.75 0 0.000000 0.000000
26 13.25 0 0.000000 0.000000
27 13.75 0 0.000000 0.000000
28 14.25 0 0.000000 0.000000
29 14.75 0 0.000000 0.000000
30 15.25 0 0.000000 0.000000
31 15.75 15 -0.224667 0.049369
32 16.25 48 0.195833 0.017096
33 16.75 18 -0.043333 0.040676
34 17.25 0 0.000000 0.000000
35 17.75 0 0.000000 0.000000
36 18.25 0 0.000000 0.000000
37 18.75 0 0.000000 0.000000
38 19.25 0 0.000000 0.000000
39 19.75 0 0.000000 0.000000

0 0.25 0 0.000000 0.000000
1 0.75 0 0.000000 0.000000
2 1.25 0 0.000000 0.000000
3 1.75 0 0.000000 0.000000
4 2.25 0 0.000000 0.000000
5 2.75 233 39.828541 0.012729
6 3.25 5 43.270000 0.499544
7 3.75 0 0.000000 0.000000
8 4.25 47 34.111064 0.050155
9 4.75 30 33.721000 0.068257
10 5.25 0 0.000000 0.000000
11 5.75 81 22.116543 0.022350
12 6.25 0 0.000000 0.000000
13 6.75 0 0.000000 0.000000
14 7.25 0 0.000000 0.000000
15 7.75 0 0.000000 0.000000
16 8.25 70 -0.111429 0.008910
17 8.75 7 0.182857 0.102249
18 9.25 0 0.000000 0.000000
19 9.75 0 0.000000 0.000000
20 10.25 0 0.000000 0.000000
21 10.75 65 0.013538 0.009739
22 11.25 18 -0.032222 0.053387
23 11.75 0 0.000000 0.000000
24 12.25 0 0.000000 0.000000
25 12.75 0 0.000000 0.000000
26 13.25 0 0.000000 0.000000
27 13.75 0 0.000000 0.000000
28 14.25 0 0.000000 0.000000
29 14.75 0 0.000000 0.000000
30 15.25 0 0.000000 0.000000
31 15.75 14 0.577143 0.027948
32 16.25 48 -0.031458 0.014716
33 16.75 14 -0.602143 0.045912
34 17.25 0 0.000000 0.000000
35 17.75 0 0.000000 0.000000
36 18.25 0 0.000000 0.000000
37 18.75 0 0.000000 0.000000
38 19.25 0 0.000000 0.000000
39 19.75 0 0.000000 0.000000

0 0.25 0 0.000000 0.000000
1 0.75 0 0.000000 0.000000
2 1.25 0 0.000000 0.000000
3 1.75 0 0.000000 0.000000
4 2.25 0 0.000000 0.000000
5 2.75 235 37.423064 0.012806
6 3.25 1 38.940000 0.000000
7 3.75 0 0.000000 0.000000
8 4.25 52 33.764038 0.050741
9 4.75 30 32.388333 0.054520
10 5.25 0 0.000000 0.000000
11 5.75 79 21.172911 0.022377
12 6.25 0 0.000000 0.000000
13 6.75 0 0.000000 0.000000
14 7.25 0 0.000000 0.000000
15 7.75 0 0.000000 0.000000
16 8.25 77 0.104805 0.009796
17 8.75 3 0.016667 0.146262
18 9.25 0 0.000000 0.000000
19 9.75 0 0.000000 0.000000
20 10.25 0 0.000000 0.000000
21 10.75 65 -0.076308 0.014403
22 11.25 15 0.191333 0.039570
23 11.75 0 0.000000 0.000000
24 12.25 0 0.000000 0.000000
25 12.75 0 0.000000 0.000000
26 13.25 0 0.000000 0.000000
27 13.75 0 0.000000 0.000000
28 14.25 0 0.000000 0.000000
29 14.75 0 0.000000 0.000000
30 15.25 0 0.000000 0.000000
31 15.75 18 0.018333 0.043423
32 16.25 48 -0.174167 0.015594
33 16.75 17 -0.151176 0.045498
34 17.25 0 0.000000 0.000000
35 17.75 0 0.000000 0.000000
36 18.25 0 0.000000 0.000000
37 18.75 0 0.000000 0.000000
38 19.25 0 0.000000 0.000000
39 19.75 0 0.000000 0.000000

0 0.25 0 0.000000 0.000000
1 0.75 0 0.000000 0.000000
2 1.25 0 0.000000 0.000000
3 1.75 0 0.000000 0.000000
4 2.25 0 0.000000 0.000000
5 2.75 233 35.564335 0.010764
6 3.25 4 35.655000 0.417136
7 3.75 0 0.000000 0.000000
8 4.25 55 33.086545 0.045119
9 4.75 23 32.453043 0.092766
10 5.25 0 0.000000 0.000000
11 5.75 78 20.632051 0.025029
12 6.25 0 0.000000 0.000000
13 6.75 0 0.000000 0.000000
14 7.25 0 0.000000 0.000000
15 7.75 0 0.000000 0.000000
16 8.25 70 0.137714 0.009171
17 8.75 3 -0.600000 0.155885
18 9.25 0 0.000000 0.000000
19 9.75 0 0.000000 0.000000
20 10.25 3 0.090000 0.000000
21 10.75 63 0.024127 0.011288
22 11.25 11 -0.177273 0.046793
23 11.75 0 0.000000 0.000000
24 12.25 0 0.000000 0.000000
25 12.75 0 0.000000 0.000000
26 13.25 0 0.000000 0.000000
27 13.75 0 0.000000 0.000000
28 14.25 0 0.000000 0.000000
29 14.75 0 0.000000 0.000000
30 15.25 0 0.000000 0.000000
31 15.75 17 0.834118 0.028135
32 16.25 46 -0.081957 0.014954
33 16.75 13 -0.024615 0.026004
34 17.25 0 0.000000 0.000000
35 17.75 0 0.000000 0.000000
36 18.25 0 0.000000 0.000000
37 18.75 0 0.000000 0.000000
38 19.25 0 0.000000 0.000000
39 19.75 0 0.000000 0.000000

0 0.25 0 0.000000 0.000000
1 0.75 0 0.000000 0.000000
2 1.25 0 0.000000 0.000000
3 1.75 0 0.000000 0.000000
4 2.25 0 0.000000 0.000000
5 2.75 236 35.258475 0.010602
6 3.25 6 35.770000 0.560097
7 3.75 0 0.000000 0.000000
8 4.25 51 33.377451 0.056948
9 4.75 27 32.007037 0.073617
10 5.25 0 0.000000 0.000000
11 5.75 81 19.599383 0.016648
12 6.25 0 0.000000 0.000000
13 6.75 0 0.000000 0.000000
14 7.25 0 0.000000 0.000000
15 7.75 0 0.000000 0.000000
16 8.25 77 -0.104416 0.011710
17 8.75 3 1.273333 0.194375
18 9.25 0 0.000000 0.000000
19 9.75 0 0.000000 0.000000
20 10.25 3 -0.520000 0.000000
21 10.75 65 -0.215692 0.009197
22 11.25 12 -0.020833 0.070396
23 11.75 0 0.000000 0.000000
24 12.25 0 0.000000 0.000000
25 12.75 0 0.000000 0.000000
26 13.25 0 0.000000 0.000000
27 13.75 0 0.000000 0.000000
28 14.25 0 0.000000 0.000000
29 14.75 0 0.000000 0.000000
30 15.25 0 0.000000 0.000000
31 15.75 19 0.304211 0.028741
32 16.25 49 -0.164082 0.018101
33 16.75 10 -0.180000 0.046935
34 17.25 0 0.000000 0.000000
35 17.75 0 0.000000 0.000000
36 18.25 0 0.000000 0.000000
37 18.75 0 0.000000 0.000000
38 19.25 0 0.000000 0.000000
39 19.75 0 0.000000 0.000000

0 0.25 0 0.000000 0.000000
1 0.75 0 0.000000 0.000000
2 1.25 0 0.000000 0.000000
3 1.75 0 0.000000 0.000000
4 2.25 0 0.000000 0.000000
5 2.75 231 34.708701 0.010431
6 3.25 0 0.000000 0.000000
7 3.75 0 0.000000 0.000000
8 4.25 53 33.419811 0.042662
9 4.75 27 31.903333 0.073958
10 5.25 0 0.000000 0.000000
11 5.75 73 19.973288 0.025678
12 6.25 0 0.000000 0.000000
13 6.75 0 0.000000 0.000000
14 7.25 0 0.000000 0.000000
15 7.75 1 -1.280000 0.000000
16 8.25 77 -0.190909 0.009230
17 8.75 2 0.040000 0.000000
18 9.25 0 0.000000 0.000000
19 9.75 0 0.000000 0.000000
20 10.25 5 0.026000 0.053677
21 10.75 62 -0.135806 0.012663
22 11.25 11 -0.353636 0.089652
23 11.75 0 0.000000 0.000000
24 12.25 0 0.000000 0.000000
25 12.75 0 0.000000 0.000000
26 13.25 0 0.000000 0.000000
27 13.75 0 0.000000 0.000000
28 14.25 0 0.000000 0.000000
29 14.75 0 0.000000 0.000000
30 15.25 0 0.000000 0.000000
31 15.75 22 0.116364 0.035497
32 16.25 49 0.081224 0.010242
33 16.75 10 0.328000 0.075342
34 17.25 0 0.000000 0.000000
35 17.75 0 0.000000 0.000000
36 18.25 0 0.000000 0.000000
37 18.75 0 0.000000 0.000000
38 19.25 0 0.000000 0.000000
39 19.75 0 0.000000 0.000000

0 0.25 0 0.000000 0.000000
1 0.75 0 0.000000 0.000000
2 1.25 0 0.000000 0.000000
3 1.75 0 0.000000 0.000000
4 2.25 0 0.000000 0.000000
5 2.75 226 34.855708 0.010307
6 3.25 6 34.670000 0.060249
7 3.75 0 0.000000 0.000000
8 4.25 51 32.854510 0.048387
9 4.75 21 30.991429 0.098673
10 5.25 0 0.000000 0.000000
11 5.75 79 19.480380 0.021415
12 6.25 0 0.000000 0.000000
13 6.75 0 0.000000 0.000000
14 7.25 0 0.000000 0.000000
15 7.75 1 -0.220000 0.000000
16 8.25 75 0.304133 0.009666
17 8.75 3 -2.150000 0.000000
18 9.25 0 0.000000 0.000000
19 9.75 0 0.000000 0.000000
20 10.25 6 0.101667 0.122218
21 10.75 65 0.057077 0.011545
22 11.25 9 -0.237778 0.041584
23 11.75 0 0.000000 0.000000
24 12.25 0 0.000000 0.000000
25 12.75 0 0.000000 0.000000
26 13.25 0 0.000000 0.000000
27 13.75 0 0.000000 0.000000
28 14.25 0 0.000000 0.000000
29 14.75 0 0.000000 0.000000
30 15.25 0 0.000000 0.000000
31 15.75 18 -0.143889 0.049548
32 16.25 54 0.315556 0.015998
33 16.75 9 0.046667 0.103371
34 17.25 0 0.000000 0.000000
35 17.75 0 0.000000 0.000000
36 18.25 0 0.000000 0.000000
37 18.75 0 0.000000 0.000000
38 19.25 0 0.000000 0.000000
39 19.75 0 0.000000 0.000000

0 0.25 0 0.000000 0.000000
1 0.75 0 0.000000 0.000000
2 1.25 0 0.000000 0.000000
3 1.75 0 0.000000 0.000000
4 2.25 0 0.000000 0.000000
5 2.75 236 34.887542 0.010916
6 3.25 3 34.470000 0.000000
7 3.75 0 0.000000 0.000000
8 4.25 54 33.169074 0.045962
9 4.75 29 32.146207 0.083124
10 5.25 0 0.000000 0.000000
11 5.75 79 19.614684 0.023752
12 6.25 0 0.000000 0.000000
13 6.75 0 0.000000 0.000000
14 7.25 0 0.000000 0.000000
15 7.75 1 0.420000 0.000000
16 8.25 80 -0.017750 0.008360
17 8.75 3 -0.300000 0.000000
18 9.25 0 0.000000 0.000000
19 9.75 0 0.000000 0.000000
20 10.25 3 -0.343333 0.523464
21 10.75 68 -0.033824 0.010348
22 11.25 10 -0.422000 0.050051
23 11.75 0 0.000000 0.000000
24 12.25 0 0.000000 0.000000
25 12.75 0 0.000000 0.000000
26 13.25 0 0.000000 0.000000
27 13.75 0 0.000000 0.000000
28 14.25 0 0.000000 0.000000
29 14.75 0 0.000000 0.000000
30 15.25 0 0.000000 0.000000
31 15.75 23 -0.085652 0.033498
32 16.25 50 -0.211600 0.013098
33 16.75 6 -0.493333 0.062063
34 17.25 0 0.000000 0.000000
35 17.75 0 0.000000 0.000000
36 18.25 0 0.000000 0.000000
37 18.75 0 0.000000 0.000000
38 19.25 0 0.000000 0.000000
39 19.75 0 0.000000 0.000000

0 0.25 0 0.000000 0.000000
1 0.75 0 0.000000 0.000000
2 1.25 0 0.000000 0.000000
3 1.75 0 0.000000 0.000000
4 2.25 0 0.000000 0.000000
5 2.75 225 34.499111 0.011688
6 3.25 0 0.000000 0.000000
7 3.75 0 0.000000 0.000000
8 4.25 54 34.149074 0.036667
9 4.75 23 33.082609 0.096449
10 5.25 0 0.000000 0.000000
11 5.75 78 19.712179 0.027320
12 6.25 0 0.000000 0.000000
13 6.75 0 0.000000 0.000000
14 7.25 0 0.000000 0.000000
15 7.75 3 0.760000 0.132791
16 8.25 71 -0.129014 0.011560
17 8.75 3 -0.440000 0.000000
18 9.25 0 0.000000 0.000000
19 9.75 0 0.000000 0.000000
20 10.25 6 0.323333 0.040616
21 10.75 68 0.052794 0.010244
22 11.25 10 -0.015000 0.022756
23 11.75 0 0.000000 0.000000
24 12.25 0 0.000000 0.000000
25 12.75 0 0.000000 0.000000
26 13.25 0 0.000000 0.000000
27 13.75 0 0.000000 0.000000
28 14.25 0 0.000000 0.000000
29 14.75 0 0.000000 0.000000
30 15.25 0 0.000000 0.000000
31 15.75 23 0.127391 0.037105
32 16.25 50 -0.239000 0.013527
33 16.75 7 -0.465714 0.145253
34 17.25 0 0.000000 0.000000
35 17.75 0 0.000000 0.000000
36 18.25 0 0.000000 0.000000
37 18.75 0 0.000000 0.000000
38 19.25 0 0.000000 0.000000
39 19.75 0 0.000000 0.000000

0 0.25 0 0.000000 0.000000
1 0.75 0 0.000000 0.000000
2 1.25 0 0.000000 0.000000
3 1.75 0 0.000000 0.000000
4 2.25 0 0.000000 0.000000
5 2.75 239 34.901172 0.010181
6 3.25 0 0.000000 0.000000
7 3.75 0 0.000000 0.000000
8 4.25 53 33.199811 0.043302
9 4.75 27 30.761852 0.097187
10 5.25 0 0.000000 0.000000
11 5.75 82 20.445732 0.026956
12 6.25 0 0.000000 0.000000
13 6.75 0 0.000000 0.000000
14 7.25 0 0.000000 0.000000
15 7.75 4 0.332500 0.142088
16 8.25 76 -0.037500 0.009802
17 8.75 0 0.000000 0.000000
18 9.25 0 0.000000 0.000000
19 9.75 0 0.000000 0.000000
20 10.25 5 -0.970000 0.101311
21 10.75 67 0.038806 0.009231
22 11.25 10 -0.078000 0.029873
23 11.75 0 0.000000 0.000000
24 12.25 0 0.000000 0.000000
25 12.75 0 0.000000 0.000000
26 13.25 0 0.000000 0.000000
27 13.75 0 0.000000 0.000000
28 14.25 0 0.000000 0.000000
29 14.75 0 0.000000 0.000000
30 15.25 0 0.000000 0.000000
31 15.75 23 0.169130 0.031465
32 16.25 46 -0.127826 0.016571
33 16.75 7 -0.748571 0.057288
34 17.25 0 0.000000 0.000000
35 17.75 0 0.000000 0.000000
36 18.25 0 0.000000 0.000000
37 18.75 0 0.000000 0.000000
38 19.25 0 0.000000 0.000000
39 19.75 0 0.000000 0.000000

0 0.25 0 0.000000 0.000000
1 0.75 0 0.000000 0.000000
2 1.25 0 0.000000 0.000000
3 1.75 0 0.000000 0.000000
4 2.25 0 0.000000 0.000000
5 2.75 231 34.868312 0.009932
6 3.25 0 0.000000 0.000000
7 3.75 0 0.000000 0.000000
8 4.25 53 33.500189 0.039977
9 4.75 27 31.438519 0.065558
10 5.25 0 0.000000 0.000000
11 5.75 76 19.994737 0.021192
12 6.25 0 0.000000 0.000000
13 6.75 0 0.000000 0.000000
14 7.25 0 0.000000 0.000000
15 7.75 3 1.386667 0.232865
16 8.25 77 -0.153766 0.008757
17 8.75 0 0.000000 0.000000
18 9.25 0 0.000000 0.000000
19 9.75 0 0.000000 0.000000
20 10.25 3 0.880000 0.409919
21 10.75 67 -0.227761 0.008848
22 11.25 10 -0.005000 0.034974
23 11.75 0 0.000000 0.000000
24 12.25 0 0.000000 0.000000
25 12.75 0 0.000000 0.000000
26 13.25 0 0.000000 0.000000
27 13.75 0 0.000000 0.000000
28 14.25 0 0.000000 0.000000
29 14.75 0 0.000000 0.000000
30 15.25 0 0.000000 0.000000
31 15.75 25 -0.241600 0.032045
32 16.25 49 0.313061 0.018757
33 16.75 7 -0.147143 0.100128
34 17.25 0 0.000000 0.000000
35 17.75 0 0.000000 0.000000
36 18.25 0 0.000000 0.000000
37 18.75 0 0.000000 0.000000
38 19.25 0 0.000000 0.000000
39 19.75 0 0.000000 0.000000

0 0.25 0 0.000000 0.000000
1 0.75 0 0.000000 0.000000
2 1.25 0 0.000000 0.000000
3 1.75 0 0.000000 0.000000
4 2.25 0 0.000000 0.000000
5 2.75 234 34.704915 0.008825
6 3.25 0 0.000000 0.000000
7 3.75 0 0.000000 0.000000
8 4.25 61 32.695410 0.046120
9 4.75 16 31.505000 0.087979
10 5.25 0 0.000000 0.000000
11 5.75 77 20.277662 0.022647
12 6.25 0 0.000000 0.000000
13 6.75 0 0.000000 0.000000
14 7.25 0 0.000000 0.000000
15 7.75 6 -0.375000 0.115632
16 8.25 73 -0.089452 0.011396
17 8.75 0 0.000000 0.000000
18 9.25 0 0.000000 0.000000
19 9.75 0 0.000000 0.000000
20 10.25 6 -0.100000 0.073937
21 10.75 62 -0.079032 0.009344
22 11.25 7 0.005714 0.027858
23 11.75 0 0.000000 0.000000
24 12.25 0 0.000000 0.000000
25 12.75 0 0.000000 0.000000
26 13.25 0 0.000000 0.000000
27 13.75 0 0.000000 0.000000
28 14.25 0 0.000000 0.000000
29 14.75 0 0.000000 0.000000
30 15.25 0 0.000000 0.000000
31 15.75 23 0.120870 0.035038
32 16.25 46 -0.262174 0.015127
33 16.75 7 -0.710000 0.031912
34 17.25 0 0.000000 0.000000
35 17.75 0 0.000000 0.000000
36 18.25 0 0.000000 0.000000
37 18.75 0 0.000000 0.000000
38 19.25 0 0.000000 0.000000
39 19.75 0 0.000000 0.000000

