# stratiform Vertical Profile Reflectivity (VPR) with Standard Deviation
# Format: bin_index bin_center_height_km point_count avg_reflectivity_dBZ std_deviation_dBZ
# Height bins: 0-20 km in 0.5 km increments
# Bins 0-39: stratiform
# Standard deviation is sample standard deviation (dividing by n-1)
#
0 0.25 285 27.181509 0.011629
1 0.75 268 27.889776 0.013417
2 1.25 141 29.725816 0.029665
3 1.75 163 30.590000 0.027828
4 2.25 254 32.116969 0.014643
5 2.75 178 34.224775 0.024148
6 3.25 196 37.110510 0.035964
7 3.75 212 42.345094 0.028692
8 4.25 163 37.026442 0.036625
9 4.75 216 32.004861 0.023418
10 5.25 209 25.708230 0.020699
11 5.75 180 20.385667 0.023339
12 6.25 202 15.483020 0.018315
13 6.75 196 9.491888 0.019282
14 7.25 184 -0.137554 0.012497
15 7.75 188 -0.020798 0.011786
16 8.25 156 -0.003718 0.013745
17 8.75 178 0.033539 0.010879
18 9.25 183 -0.125519 0.010050
19 9.75 164 -0.062927 0.009702
20 10.25 171 -0.089357 0.008115
21 10.75 120 0.000333 0.012978
22 11.25 84 0.263571 0.019935
23 11.75 56 -0.208571 0.026783
24 12.25 7 0.144286 0.213823
25 12.75 0 0.000000 0.000000
26 13.25 0 0.000000 0.000000
27 13.75 0 0.000000 0.000000
28 14.25 0 0.000000 0.000000
29 14.75 0 0.000000 0.000000
30 15.25 0 0.000000 0.000000
31 15.75 0 0.000000 0.000000
32 16.25 0 0.000000 0.000000
33 16.75 0 0.000000 0.000000
34 17.25 0 0.000000 0.000000
35 17.75 0 0.000000 0.000000
36 18.25 0 0.000000 0.000000
37 18.75 0 0.000000 0.000000
38 19.25 0 0.000000 0.000000
39 19.75 0 0.000000 0.000000

0 0.25 288 26.989063 0.011763
1 0.75 267 27.977640 0.012531
2 1.25 169 29.477278 0.025471
3 1.75 161 30.723913 0.028927
4 2.25 225 32.123867 0.018627
5 2.75 206 33.659903 0.019752
6 3.25 195 37.448256 0.036809
7 3.75 225 42.456089 0.024924
8 4.25 186 36.191129 0.026785
9 4.75 195 31.788564 0.027226
10 5.25 226 25.756991 0.018013
11 5.75 190 20.121947 0.020735
12 6.25 196 15.379031 0.019561
13 6.75 205 9.484049 0.017861
14 7.25 165 -0.298121 0.015069
15 7.75 186 0.113602 0.011700
16 8.25 183 0.165355 0.010487
17 8.75 161 -0.076832 0.011891
18 9.25 178 -0.135730 0.009703
19 9.75 180 -0.165556 0.008154
20 10.25 138 -0.074928 0.010662
21 10.75 114 0.151579 0.013205
22 11.25 57 0.321404 0.031365
23 11.75 30 -0.100333 0.045261
24 12.25 0 0.000000 0.000000
25 12.75 0 0.000000 0.000000
26 13.25 0 0.000000 0.000000
27 13.75 0 0.000000 0.000000
28 14.25 0 0.000000 0.000000
29 14.75 0 0.000000 0.000000
30 15.25 0 0.000000 0.000000
31 15.75 0 0.000000 0.000000
32 16.25 0 0.000000 0.000000
33 16.75 0 0.000000 0.000000
34 17.25 0 0.000000 0.000000
35 17.75 0 0.000000 0.000000
36 18.25 0 0.000000 0.000000
37 18.75 0 0.000000 0.000000
38 19.25 0 0.000000 0.000000
39 19.75 0 0.000000 0.000000

0 0.25 284 27.249613 0.012172
1 0.75 263 27.802966 0.013082
2 1.25 198 29.434242 0.020709
3 1.75 159 30.701572 0.026963
4 2.25 207 32.083816 0.020066
5 2.75 238 33.759958 0.018109
6 3.25 200 38.285350 0.036228
7 3.75 213 42.165822 0.028519
8 4.25 208 36.104615 0.024401
9 4.75 186 31.190269 0.028026
10 5.25 204 26.175196 0.022460
11 5.75 223 20.531435 0.018140
12 6.25 199 15.004874 0.018502
13 6.75 211 9.546161 0.017820
14 7.25 184 -0.016413 0.013094
15 7.75 165 0.092485 0.014477
16 8.25 190 0.072789 0.011870
17 8.75 176 -0.032841 0.011089
18 9.25 171 0.170058 0.011622
19 9.75 181 0.017348 0.010044
20 10.25 171 -0.109591 0.008915
21 10.75 135 -0.004519 0.011564
22 11.25 108 -0.174352 0.014879
23 11.75 57 0.168421 0.029447
24 12.25 33 -0.439697 0.039819
25 12.75 0 0.000000 0.000000
26 13.25 0 0.000000 0.000000
27 13.75 0 0.000000 0.000000
28 14.25 0 0.000000 0.000000
29 14.75 0 0.000000 0.000000
30 15.25 0 0.000000 0.000000
31 15.75 0 0.000000 0.000000
32 16.25 0 0.000000 0.000000
33 16.75 0 0.000000 0.000000
34 17.25 0 0.000000 0.000000
35 17.75 0 0.000000 0.000000
36 18.25 0 0.000000 0.000000
37 18.75 0 0.000000 0.000000
38 19.25 0 0.000000 0.000000
39 19.75 0 0.000000 0.000000

0 0.25 285 27.143368 0.012552
1 0.75 261 27.587471 0.014345
2 1.25 225 29.728800 0.017245
3 1.75 156 30.942756 0.030205
4 2.25 228 31.895439 0.018804
5 2.75 224 33.655848 0.019006
6 3.25 192 37.717656 0.041001
7 3.75 213 43.062207 0.030309
8 4.25 234 36.596239 0.021396
9 4.75 201 31.203035 0.023556
10 5.25 204 26.298382 0.023166
11 5.75 211 20.545972 0.018816
12 6.25 202 15.115347 0.018435
13 6.75 206 9.895097 0.016497
14 7.25 216 -0.191806 0.011376
15 7.75 171 -0.044327 0.013661
16 8.25 170 0.067235 0.013567
17 8.75 186 0.032634 0.010843
18 9.25 177 0.089153 0.011255
19 9.75 176 0.080909 0.010099
20 10.25 182 -0.063407 0.008873
21 10.75 159 -0.014969 0.008995
22 11.25 129 -0.004806 0.011126
23 11.75 102 -0.080098 0.013725
24 12.25 54 0.083704 0.029037
25 12.75 30 0.319333 0.033231
26 13.25 0 0.000000 0.000000
27 13.75 0 0.000000 0.000000
28 14.25 0 0.000000 0.000000
29 14.75 0 0.000000 0.000000
30 15.25 0 0.000000 0.000000
31 15.75 0 0.000000 0.000000
32 16.25 0 0.000000 0.000000
33 16.75 0 0.000000 0.000000
34 17.25 0 0.000000 0.000000
35 17.75 0 0.000000 0.000000
36 18.25 0 0.000000 0.000000
37 18.75 0 0.000000 0.000000
38 19.25 0 0.000000 0.000000
39 19.75 0 0.000000 0.000000

0 0.25 287 27.105575 0.012858
1 0.75 258 27.769186 0.014560
2 1.25 252 29.442659 0.015167
3 1.75 176 31.188466 0.025070
4 2.25 206 32.040922 0.022277
5 2.75 222 33.670225 0.020109
6 3.25 192 37.515469 0.041952
7 3.75 227 42.708282 0.028045
8 4.25 229 36.965240 0.023858
9 4.75 220 31.120273 0.022195
10 5.25 199 25.958191 0.023700
11 5.75 219 20.640548 0.018708
12 6.25 224 14.903973 0.016367
13 6.75 195 9.613590 0.020141
14 7.25 189 -0.033862 0.012367
15 7.75 191 0.027435 0.011909
16 8.25 172 0.072616 0.013636
17 8.75 176 0.304034 0.010667
18 9.25 183 0.099672 0.010334
19 9.75 171 0.150936 0.010501
20 10.25 178 -0.114944 0.008219
21 10.75 153 -0.196863 0.010911
22 11.25 105 0.116000 0.014580
23 11.75 75 -0.182267 0.018334
24 12.25 47 0.246170 0.035731
25 12.75 1 -1.060000 0.000000
26 13.25 0 0.000000 0.000000
27 13.75 0 0.000000 0.000000
28 14.25 0 0.000000 0.000000
29 14.75 0 0.000000 0.000000
30 15.25 0 0.000000 0.000000
31 15.75 0 0.000000 0.000000
32 16.25 0 0.000000 0.000000
33 16.75 0 0.000000 0.000000
34 17.25 0 0.000000 0.000000
35 17.75 0 0.000000 0.000000
36 18.25 0 0.000000 0.000000
37 18.75 0 0.000000 0.000000
38 19.25 0 0.000000 0.000000
39 19.75 0 0.000000 0.000000

0 0.25 285 27.181509 0.013243
1 0.75 257 27.948833 0.014611
2 1.25 262 29.804771 0.014076
3 1.75 198 31.056515 0.021210
4 2.25 199 32.447035 0.021534
5 2.75 227 33.654934 0.019996
6 3.25 240 38.318500 0.029050
7 3.75 189 42.200053 0.034468
8 4.25 218 37.543899 0.028289
9 4.75 250 31.366640 0.018939
10 5.25 216 25.833611 0.020735
11 5.75 209 20.452727 0.019492
12 6.25 223 15.055471 0.016764
13 6.75 220 9.341273 0.016984
14 7.25 185 0.128270 0.014232
15 7.75 177 -0.080113 0.013836
16 8.25 194 0.003144 0.011801
17 8.75 174 0.300287 0.012611
18 9.25 179 -0.077933 0.010480
19 9.75 183 0.108852 0.010174
20 10.25 168 -0.033214 0.010263
21 10.75 171 -0.069006 0.009415
22 11.25 147 0.005306 0.010991
23 11.75 99 -0.065354 0.014160
24 12.25 66 0.141970 0.022954
25 12.75 42 -0.378810 0.038231
26 13.25 0 0.000000 0.000000
27 13.75 0 0.000000 0.000000
28 14.25 0 0.000000 0.000000
29 14.75 0 0.000000 0.000000
30 15.25 0 0.000000 0.000000
31 15.75 0 0.000000 0.000000
32 16.25 0 0.000000 0.000000
33 16.75 0 0.000000 0.000000
34 17.25 0 0.000000 0.000000
35 17.75 0 0.000000 0.000000
36 18.25 0 0.000000 0.000000
37 18.75 0 0.000000 0.000000
38 19.25 0 0.000000 0.000000
39 19.75 0 0.000000 0.000000

0 0.25 284 27.140387 0.013505
1 0.75 254 27.593346 0.014885
2 1.25 285 29.610807 0.012775
3 1.75 200 31.233950 0.022057
4 2.25 200 32.214550 0.021888
5 2.75 247 33.894939 0.016657
6 3.25 231 38.158874 0.030496
7 3.75 211 42.029194 0.028714
8 4.25 224 36.945848 0.025590
9 4.75 219 31.748904 0.023087
10 5.25 239 26.161339 0.017983
11 5.75 220 20.566864 0.019009
12 6.25 224 15.132366 0.017063
13 6.75 226 9.502876 0.016634
14 7.25 210 -0.076857 0.011307
15 7.75 171 -0.037310 0.014869
16 8.25 182 0.020604 0.011959
17 8.75 181 -0.017403 0.012242
18 9.25 175 0.046800 0.012109
19 9.75 177 0.021130 0.010873
20 10.25 184 -0.102228 0.009322
21 10.75 172 0.103372 0.008552
22 11.25 162 0.065432 0.008987
23 11.75 132 0.273333 0.011419
24 12.25 93 -0.126452 0.014962
25 12.75 57 -0.143860 0.023555
26 13.25 35 0.152000 0.036620
27 13.75 0 0.000000 0.000000
28 14.25 0 0.000000 0.000000
29 14.75 0 0.000000 0.000000
30 15.25 0 0.000000 0.000000
31 15.75 0 0.000000 0.000000
32 16.25 0 0.000000 0.000000
33 16.75 0 0.000000 0.000000
34 17.25 0 0.000000 0.000000
35 17.75 0 0.000000 0.000000
36 18.25 0 0.000000 0.000000
37 18.75 0 0.000000 0.000000
38 19.25 0 0.000000 0.000000
39 19.75 0 0.000000 0.000000

0 0.25 285 27.340947 0.013208
1 0.75 254 27.333386 0.014679
2 1.25 285 29.241825 0.013540
3 1.75 224 31.049464 0.018705
4 2.25 225 32.684178 0.019559
5 2.75 221 33.545611 0.020685
6 3.25 244 37.434672 0.028450
7 3.75 244 42.017582 0.024979
8 4.25 208 36.507115 0.027081
9 4.75 230 32.037391 0.023691
10 5.25 235 26.082596 0.019365
11 5.75 228 20.627368 0.018230
12 6.25 218 15.067202 0.018309
13 6.75 230 9.518478 0.017252
14 7.25 205 -0.152439 0.012014
15 7.75 182 -0.201703 0.012487
16 8.25 175 -0.102629 0.012523
17 8.75 178 0.068764 0.011654
18 9.25 186 0.109946 0.011519
19 9.75 166 -0.016807 0.011489
20 10.25 171 0.208655 0.009765
21 10.75 184 -0.067120 0.008497
22 11.25 156 0.159615 0.009781
23 11.75 117 0.005983 0.012203
24 12.25 90 0.140111 0.016587
25 12.75 58 -0.094828 0.024401
26 13.25 21 -0.062857 0.072285
27 13.75 10 -0.033000 0.167529
28 14.25 0 0.000000 0.000000
29 14.75 0 0.000000 0.000000
30 15.25 0 0.000000 0.000000
31 15.75 0 0.000000 0.000000
32 16.25 0 0.000000 0.000000
33 16.75 0 0.000000 0.000000
34 17.25 0 0.000000 0.000000
35 17.75 0 0.000000 0.000000
36 18.25 0 0.000000 0.000000
37 18.75 0 0.000000 0.000000
38 19.25 0 0.000000 0.000000
39 19.75 0 0.000000 0.000000

0 0.25 284 27.450775 0.014010
1 0.75 258 27.465853 0.014782
2 1.25 276 29.124565 0.013712
3 1.75 260 30.938462 0.015110
4 2.25 219 32.444977 0.020485
5 2.75 225 33.831378 0.020913
6 3.25 248 36.871492 0.029641
7 3.75 243 41.828848 0.025539
8 4.25 237 36.289283 0.023112
9 4.75 222 31.222387 0.023644
10 5.25 234 26.107051 0.019557
11 5.75 239 20.344226 0.015742
12 6.25 237 14.686920 0.016085
13 6.75 217 9.443594 0.019258
14 7.25 192 -0.099740 0.013653
15 7.75 184 0.078370 0.012909
16 8.25 182 0.083791 0.012912
17 8.75 173 -0.077283 0.013129
18 9.25 182 -0.135879 0.010289
19 9.75 177 0.030282 0.010010
20 10.25 174 0.104195 0.010908
21 10.75 172 -0.089244 0.008913
22 11.25 166 0.058494 0.008873
23 11.75 135 0.098963 0.011310
24 12.25 91 -0.085714 0.016495
25 12.75 63 0.214762 0.023070
26 13.25 39 0.378205 0.038122
27 13.75 1 -0.980000 0.000000
28 14.25 0 0.000000 0.000000
29 14.75 0 0.000000 0.000000
30 15.25 0 0.000000 0.000000
31 15.75 0 0.000000 0.000000
32 16.25 0 0.000000 0.000000
33 16.75 0 0.000000 0.000000
34 17.25 0 0.000000 0.000000
35 17.75 0 0.000000 0.000000
36 18.25 0 0.000000 0.000000
37 18.75 0 0.000000 0.000000
38 19.25 0 0.000000 0.000000
39 19.75 0 0.000000 0.000000

0 0.25 285 27.187895 0.014114
1 0.75 279 27.393620 0.013576
2 1.25 252 29.239762 0.016218
3 1.75 282 31.057660 0.014148
4 2.25 224 32.470491 0.019955
5 2.75 243 33.820329 0.017078
6 3.25 236 36.821356 0.033023
7 3.75 254 42.622441 0.024538
8 4.25 252 36.870794 0.021093
9 4.75 234 31.214573 0.021599
10 5.25 239 26.109540 0.019179
11 5.75 236 20.724534 0.017932
12 6.25 250 15.055560 0.014654
13 6.75 234 9.220342 0.017537
14 7.25 199 0.162312 0.012569
15 7.75 177 0.031356 0.014226
16 8.25 178 -0.081966 0.013287
17 8.75 179 -0.085028 0.012741
18 9.25 169 -0.092308 0.013253
19 9.75 168 -0.275000 0.012244
20 10.25 178 0.073764 0.010228
21 10.75 182 0.050000 0.009178
22 11.25 168 -0.038631 0.008234
23 11.75 153 -0.015294 0.009541
24 12.25 121 0.128512 0.012257
25 12.75 81 -0.104938 0.017406
26 13.25 53 0.033396 0.028988
27 13.75 28 -0.606071 0.058668
28 14.25 0 0.000000 0.000000
29 14.75 0 0.000000 0.000000
30 15.25 0 0.000000 0.000000
31 15.75 0 0.000000 0.000000
32 16.25 0 0.000000 0.000000
33 16.75 0 0.000000 0.000000
34 17.25 0 0.000000 0.000000
35 17.75 0 0.000000 0.000000
36 18.25 0 0.000000 0.000000
37 18.75 0 0.000000 0.000000
38 19.25 0 0.000000 0.000000
39 19.75 0 0.000000 0.000000

0 0.25 288 26.981840 0.014246
1 0.75 288 27.496597 0.012540
2 1.25 246 29.067642 0.016738
3 1.75 284 30.560528 0.014476
4 2.25 261 32.264138 0.016031
5 2.75 229 33.313275 0.020119
6 3.25 248 37.288347 0.031273
7 3.75 253 42.547036 0.026150
8 4.25 253 36.801462 0.022307
9 4.75 257 31.532412 0.020132
10 5.25 241 25.979087 0.019522
11 5.75 245 20.433224 0.017079
12 6.25 245 15.013102 0.014885
13 6.75 247 9.601417 0.016157
14 7.25 220 -0.092136 0.010526
15 7.75 174 0.005920 0.014955
16 8.25 170 -0.212706 0.014440
17 8.75 176 -0.136023 0.013263
18 9.25 176 -0.040511 0.013543
19 9.75 167 -0.001257 0.011617
20 10.25 165 -0.144182 0.012265
21 10.75 174 -0.147759 0.010367
22 11.25 171 -0.022865 0.009412
23 11.75 170 0.184588 0.009422
24 12.25 135 0.178963 0.010700
25 12.75 103 -0.047282 0.014018
26 13.25 78 -0.048718 0.019739
27 13.75 42 -0.189048 0.030833
28 14.25 16 0.353125 0.101175
29 14.75 0 0.000000 0.000000
30 15.25 0 0.000000 0.000000
31 15.75 0 0.000000 0.000000
32 16.25 0 0.000000 0.000000
33 16.75 0 0.000000 0.000000
34 17.25 0 0.000000 0.000000
35 17.75 0 0.000000 0.000000
36 18.25 0 0.000000 0.000000
37 18.75 0 0.000000 0.000000
38 19.25 0 0.000000 0.000000
39 19.75 0 0.000000 0.000000

0 0.25 287 27.261324 0.014494
1 0.75 288 27.559861 0.012402
2 1.25 267 28.955843 0.013523
3 1.75 271 30.500185 0.015184
4 2.25 287 31.997596 0.013538
5 2.75 250 33.994200 0.017599
6 3.25 250 37.491000 0.029871
7 3.75 254 42.560551 0.025254
8 4.25 258 37.147597 0.023109
9 4.75 254 31.584252 0.021127
10 5.25 264 25.784886 0.016159
11 5.75 248 20.530766 0.016420
12 6.25 248 15.191895 0.015624
13 6.75 243 9.756831 0.016979
14 7.25 229 0.002445 0.010609
15 7.75 182 -0.078956 0.013589
16 8.25 171 0.138947 0.014786
17 8.75 169 -0.063136 0.014078
18 9.25 168 -0.083988 0.013042
19 9.75 170 -0.067000 0.011959
20 10.25 172 0.014128 0.011545
21 10.75 170 -0.323353 0.011110
22 11.25 163 0.112515 0.009900
23 11.75 167 -0.014012 0.009189
24 12.25 161 0.055466 0.009124
25 12.75 119 0.092941 0.012549
26 13.25 89 0.104719 0.016972
27 13.75 67 0.005224 0.019652
28 14.25 37 0.072973 0.040769
29 14.75 6 -0.648333 0.139799
30 15.25 0 0.000000 0.000000
31 15.75 0 0.000000 0.000000
32 16.25 0 0.000000 0.000000
33 16.75 0 0.000000 0.000000
34 17.25 0 0.000000 0.000000
35 17.75 0 0.000000 0.000000
36 18.25 0 0.000000 0.000000
37 18.75 0 0.000000 0.000000
38 19.25 0 0.000000 0.000000
39 19.75 0 0.000000 0.000000

0 0.25 288 27.248160 0.014655
1 0.75 294 27.485306 0.012255
2 1.25 295 29.045186 0.012826
3 1.75 272 30.708640 0.015270
4 2.25 276 32.520906 0.015432
5 2.75 278 33.675108 0.015204
6 3.25 260 38.107462 0.029437
7 3.75 264 42.098220 0.022422
8 4.25 255 36.770314 0.021810
9 4.75 262 31.382939 0.017917
10 5.25 262 25.752328 0.016683
11 5.75 264 20.258409 0.014120
12 6.25 258 14.753721 0.014526
13 6.75 251 9.546096 0.015883
14 7.25 229 0.066507 0.024220
15 7.75 184 -0.186250 0.014211
16 8.25 170 0.257824 0.016198
17 8.75 169 -0.066331 0.014597
18 9.25 162 0.039198 0.014243
19 9.75 159 0.063082 0.014300
20 10.25 161 0.120311 0.013373
21 10.75 172 0.142151 0.010788
22 11.25 163 0.256626 0.011118
23 11.75 161 -0.088199 0.011181
24 12.25 163 -0.166503 0.009366
25 12.75 142 0.122535 0.010148
26 13.25 108 0.133519 0.014232
27 13.75 79 -0.099241 0.019912
28 14.25 52 -0.007308 0.030890
29 14.75 31 0.000323 0.053717
30 15.25 0 0.000000 0.000000
31 15.75 0 0.000000 0.000000
32 16.25 0 0.000000 0.000000
33 16.75 0 0.000000 0.000000
34 17.25 0 0.000000 0.000000
35 17.75 0 0.000000 0.000000
36 18.25 0 0.000000 0.000000
37 18.75 0 0.000000 0.000000
38 19.25 0 0.000000 0.000000
39 19.75 0 0.000000 0.000000

0 0.25 292 27.165856 0.014247
1 0.75 313 27.760288 0.011055
2 1.25 300 29.159367 0.012442
3 1.75 285 30.770386 0.014632
4 2.25 279 32.246308 0.015928
5 2.75 287 33.897875 0.016206
6 3.25 277 37.979783 0.025701
7 3.75 268 42.037052 0.022230
8 4.25 266 36.657368 0.019916
9 4.75 263 31.337871 0.018370
10 5.25 266 25.781692 0.016260
11 5.75 264 20.553636 0.015623
12 6.25 271 14.840221 0.016134
13 6.75 263 9.363460 0.019198
14 7.25 243 0.194198 0.034592
15 7.75 181 0.153260 0.014896
16 8.25 161 -0.006335 0.016559
17 8.75 161 0.052981 0.016591
18 9.25 165 0.039515 0.014220
19 9.75 160 0.024500 0.014383
20 10.25 156 -0.029487 0.014176
21 10.75 162 -0.011049 0.012250
22 11.25 155 0.178581 0.013187
23 11.75 155 -0.053677 0.010847
24 12.25 160 0.056188 0.010120
25 12.75 153 -0.039020 0.009554
26 13.25 124 -0.397903 0.012068
27 13.75 101 0.033960 0.015372
28 14.25 67 0.109701 0.023303
29 14.75 42 -0.292143 0.037316
30 15.25 16 -0.123125 0.084355
31 15.75 0 0.000000 0.000000
32 16.25 0 0.000000 0.000000
33 16.75 0 0.000000 0.000000
34 17.25 0 0.000000 0.000000
35 17.75 0 0.000000 0.000000
36 18.25 0 0.000000 0.000000
37 18.75 0 0.000000 0.000000
38 19.25 0 0.000000 0.000000
39 19.75 0 0.000000 0.000000

0 0.25 296 27.204527 0.013627
1 0.75 325 27.503754 0.010828
2 1.25 306 29.167288 0.012702
3 1.75 299 30.775117 0.013790
4 2.25 282 32.304220 0.015867
5 2.75 288 33.982604 0.016264
6 3.25 288 37.936667 0.024164
7 3.75 287 42.029199 0.020062
8 4.25 273 36.563333 0.018423
9 4.75 279 31.088387 0.015591
10 5.25 269 25.930186 0.016730
11 5.75 275 20.566509 0.015769
12 6.25 275 15.230909 0.016671
13 6.75 268 9.595336 0.021659
14 7.25 251 -0.158167 0.046124
15 7.75 200 -0.031300 0.012588
16 8.25 156 -0.113590 0.016892
17 8.75 153 -0.004967 0.016530
18 9.25 156 -0.097179 0.015523
19 9.75 155 -0.087419 0.015962
20 10.25 155 0.133097 0.014480
21 10.75 159 -0.047296 0.013249
22 11.25 150 0.019733 0.012588
23 11.75 146 -0.003425 0.013472
24 12.25 156 0.079231 0.011461
25 12.75 152 -0.076382 0.010022
26 13.25 140 0.008643 0.010541
27 13.75 115 0.069652 0.012684
28 14.25 82 -0.019146 0.017087
29 14.75 61 0.101311 0.027574
30 15.25 34 0.587059 0.042122
31 15.75 6 -0.856667 0.108560
32 16.25 0 0.000000 0.000000
33 16.75 0 0.000000 0.000000
34 17.25 0 0.000000 0.000000
35 17.75 0 0.000000 0.000000
36 18.25 0 0.000000 0.000000
37 18.75 0 0.000000 0.000000
38 19.25 0 0.000000 0.000000
39 19.75 0 0.000000 0.000000

0 0.25 325 27.226954 0.012926
1 0.75 335 27.595612 0.010392
2 1.25 310 28.823710 0.012386
3 1.75 307 30.655570 0.012957
4 2.25 296 32.227568 0.015769
5 2.75 289 33.863875 0.017558
6 3.25 293 37.270990 0.025792
7 3.75 295 42.043966 0.019868
8 4.25 287 36.834390 0.018156
9 4.75 287 31.322962 0.015286
10 5.25 284 26.038873 0.015219
11 5.75 278 20.467842 0.017012
12 6.25 282 14.918191 0.021030
13 6.75 271 9.622731 0.025241
14 7.25 259 -0.067220 0.050019
15 7.75 206 0.007379 0.029355
16 8.25 161 -0.163789 0.017038
17 8.75 154 0.141688 0.017380
18 9.25 148 -0.042027 0.016604
19 9.75 145 0.005655 0.017921
20 10.25 146 0.171918 0.015684
21 10.75 151 0.025298 0.014660
22 11.25 149 0.193624 0.014731
23 11.75 143 -0.175874 0.014225
24 12.25 148 -0.006959 0.013028
25 12.75 143 -0.227692 0.012704
26 13.25 141 -0.099716 0.011260
27 13.75 135 0.133630 0.012271
28 14.25 99 0.024141 0.013621
29 14.75 73 -0.062055 0.018602
30 15.25 50 0.087200 0.025930
31 15.75 25 0.608000 0.049022
32 16.25 1 0.200000 0.000000
33 16.75 0 0.000000 0.000000
34 17.25 0 0.000000 0.000000
35 17.75 0 0.000000 0.000000
36 18.25 0 0.000000 0.000000
37 18.75 0 0.000000 0.000000
38 19.25 0 0.000000 0.000000
39 19.75 0 0.000000 0.000000

0 0.25 350 27.337771 0.012095
1 0.75 336 27.460982 0.010664
2 1.25 319 29.220188 0.012414
3 1.75 307 30.715537 0.012859
4 2.25 307 31.939870 0.015340
5 2.75 299 33.801037 0.017076
6 3.25 299 37.547793 0.023845
7 3.75 301 42.395847 0.020127
8 4.25 301 36.945814 0.017803
9 4.75 295 31.287932 0.015489
10 5.25 294 26.114796 0.015479
11 5.75 296 20.581149 0.016675
12 6.25 293 14.920922 0.022055
13 6.75 279 9.636272 0.028055
14 7.25 265 0.090113 0.054165
15 7.75 217 0.031613 0.041387
16 8.25 161 -0.088571 0.017135
17 8.75 145 0.133862 0.020338
18 9.25 143 -0.023357 0.018838
19 9.75 144 0.191944 0.018547
20 10.25 141 -0.040071 0.016776
21 10.75 141 -0.123404 0.015901
22 11.25 137 -0.024161 0.017319
23 11.75 136 -0.083750 0.015131
24 12.25 142 0.068099 0.013625
25 12.75 140 -0.146429 0.013336
26 13.25 135 0.068667 0.011765
27 13.75 138 -0.010000 0.010862
28 14.25 115 -0.060522 0.012794
29 14.75 93 -0.009247 0.017320
30 15.25 66 -0.273636 0.020164
31 15.75 37 0.298649 0.034511
32 16.25 19 0.159474 0.086263
33 16.75 0 0.000000 0.000000
34 17.25 0 0.000000 0.000000
35 17.75 0 0.000000 0.000000
36 18.25 0 0.000000 0.000000
37 18.75 0 0.000000 0.000000
38 19.25 0 0.000000 0.000000
39 19.75 0 0.000000 0.000000

0 0.25 382 27.128403 0.010953
1 0.75 342 27.634708 0.011198
2 1.25 321 28.873551 0.011764
3 1.75 319 30.862853 0.013153
4 2.25 319 32.507304 0.014374
5 2.75 313 33.534505 0.017725
6 3.25 308 37.839773 0.022753
7 3.75 311 42.185305 0.018261
8 4.25 303 37.218251 0.017854
9 4.75 318 31.567390 0.013998
10 5.25 302 26.066556 0.016053
11 5.75 305 20.538885 0.018261
12 6.25 308 15.079058 0.022375
13 6.75 290 9.425241 0.030798
14 7.25 281 -0.033594 0.053304
15 7.75 223 0.142332 0.053048
16 8.25 176 0.030909 0.016518
17 8.75 136 -0.089044 0.023304
18 9.25 133 0.110075 0.021868
19 9.75 136 -0.098529 0.018770
20 10.25 135 0.052074 0.018365
21 10.75 134 0.177612 0.017767
22 11.25 131 0.068168 0.018613
23 11.75 129 -0.042326 0.017094
24 12.25 132 -0.027424 0.015606
25 12.75 127 0.161575 0.016487
26 13.25 130 0.076385 0.013996
27 13.75 133 -0.216617 0.011721
28 14.25 125 0.057360 0.012553
29 14.75 106 -0.010849 0.013950
30 15.25 82 0.178171 0.020207
31 15.75 59 -0.014915 0.021039
32 16.25 32 0.119688 0.042050
33 16.75 9 -0.067778 0.184322
34 17.25 0 0.000000 0.000000
35 17.75 0 0.000000 0.000000
36 18.25 0 0.000000 0.000000
37 18.75 0 0.000000 0.000000
38 19.25 0 0.000000 0.000000
39 19.75 0 0.000000 0.000000

0 0.25 406 27.243695 0.010020
1 0.75 348 27.646494 0.011059
2 1.25 331 29.012870 0.011266
3 1.75 336 30.687708 0.011926
4 2.25 326 32.219571 0.014331
5 2.75 322 33.778199 0.016512
6 3.25 321 37.524579 0.022922
7 3.75 322 42.459689 0.017689
8 4.25 315 37.059556 0.016572
9 4.75 328 31.500915 0.013706
10 5.25 316 25.921835 0.015163
11 5.75 310 20.475613 0.019388
12 6.25 315 15.301810 0.023715
13 6.75 301 9.538007 0.031816
14 7.25 292 0.041610 0.055264
15 7.75 243 0.003539 0.053379
16 8.25 189 -0.134127 0.033790
17 8.75 145 0.130483 0.019839
18 9.25 126 0.165238 0.023116
19 9.75 126 -0.009603 0.022062
20 10.25 126 0.163889 0.020483
21 10.75 125 -0.084560 0.021150
22 11.25 126 -0.106508 0.019484
23 11.75 124 -0.164919 0.018174
24 12.25 125 0.025920 0.018118
25 12.75 120 -0.048000 0.018159
26 13.25 119 0.056807 0.017221
27 13.75 123 0.161951 0.014795
28 14.25 120 0.135167 0.014087
29 14.75 122 0.154016 0.012842
30 15.25 98 0.201939 0.012423
31 15.75 75 -0.117333 0.017090
32 16.25 52 0.158269 0.023407
33 16.75 25 0.491600 0.051448
34 17.25 7 -0.420000 0.224787
35 17.75 0 0.000000 0.000000
36 18.25 0 0.000000 0.000000
37 18.75 0 0.000000 0.000000
38 19.25 0 0.000000 0.000000
39 19.75 0 0.000000 0.000000

0 0.25 430 27.084140 0.009717
1 0.75 356 27.613258 0.011014
2 1.25 350 29.305886 0.011117
3 1.75 344 30.791395 0.011720
4 2.25 333 32.106547 0.015194
5 2.75 338 33.791479 0.017024
6 3.25 336 37.506012 0.021206
7 3.75 334 42.251018 0.017126
8 4.25 328 36.950122 0.015738
9 4.75 337 31.311751 0.013685
10 5.25 330 25.766970 0.015543
11 5.75 319 20.395580 0.021062
12 6.25 324 15.018179 0.025579
13 6.75 314 9.429936 0.033264
14 7.25 277 -0.017798 0.064250
15 7.75 227 -0.145419 0.067545
16 8.25 175 0.060286 0.056651
17 8.75 134 0.014701 0.022154
18 9.25 119 0.239664 0.026069
19 9.75 117 0.104786 0.025630
20 10.25 117 0.045726 0.023836
21 10.75 115 0.230957 0.023053
22 11.25 115 0.004696 0.022773
23 11.75 115 0.121478 0.020581
24 12.25 120 -0.312917 0.018418
25 12.75 113 -0.001504 0.019734
26 13.25 110 0.050455 0.017509
27 13.75 115 0.109043 0.017872
28 14.25 106 -0.188396 0.016468
29 14.75 115 0.009739 0.012081
30 15.25 89 0.088989 0.018318
31 15.75 64 -0.072187 0.022062
32 16.25 38 0.058684 0.040930
33 16.75 17 0.028235 0.110864
34 17.25 0 0.000000 0.000000
35 17.75 0 0.000000 0.000000
36 18.25 0 0.000000 0.000000
37 18.75 0 0.000000 0.000000
38 19.25 0 0.000000 0.000000
39 19.75 0 0.000000 0.000000

0 0.25 451 27.099335 0.009285
1 0.75 367 27.859264 0.011395
2 1.25 367 29.278447 0.010642
3 1.75 353 30.954958 0.011709
4 2.25 352 32.102557 0.013961
5 2.75 344 33.830756 0.017647
6 3.25 351 37.908319 0.020773
7 3.75 344 42.232064 0.016573
8 4.25 345 37.114522 0.014680
9 4.75 348 31.431466 0.012088
10 5.25 338 25.863787 0.015412
11 5.75 330 20.491121 0.019393
12 6.25 334 15.292335 0.024993
13 6.75 327 9.491223 0.032635
14 7.25 294 0.136122 0.061771
15 7.75 247 -0.137368 0.063363
16 8.25 191 -0.061257 0.066100
17 8.75 154 -0.053831 0.018965
18 9.25 114 -0.125789 0.026992
19 9.75 112 -0.036250 0.027048
20 10.25 112 0.172768 0.025780
21 10.75 110 -0.052909 0.026463
22 11.25 108 -0.235556 0.025591
23 11.75 105 -0.269810 0.024081
24 12.25 108 -0.159722 0.022334
25 12.75 105 -0.114190 0.023145
26 13.25 104 -0.079231 0.020678
27 13.75 106 -0.098491 0.021438
28 14.25 100 -0.174200 0.018711
29 14.75 103 0.125437 0.015635
30 15.25 104 0.112692 0.014993
31 15.75 84 -0.026190 0.016030
32 16.25 60 0.213167 0.022964
33 16.75 37 0.045946 0.043681
34 17.25 16 0.251250 0.072732
35 17.75 0 0.000000 0.000000
36 18.25 0 0.000000 0.000000
37 18.75 0 0.000000 0.000000
38 19.25 0 0.000000 0.000000
39 19.75 0 0.000000 0.000000

0 0.25 466 27.076931 0.009606
1 0.75 382 27.649398 0.010309
2 1.25 379 29.476702 0.010166
3 1.75 368 31.023614 0.010488
4 2.25 365 32.489370 0.013081
5 2.75 360 33.649750 0.016767
6 3.25 364 37.750604 0.019940
7 3.75 356 41.940843 0.015815
8 4.25 353 37.041615 0.014775
9 4.75 361 31.487368 0.011941
10 5.25 354 25.880508 0.014837
11 5.75 341 20.711760 0.018946
12 6.25 343 15.131633 0.025661
13 6.75 334 9.592156 0.034349
14 7.25 319 -0.011818 0.057795
15 7.75 267 0.042434 0.059194
16 8.25 213 0.052394 0.062906
17 8.75 172 0.038721 0.038900
18 9.25 130 0.153077 0.023407
19 9.75 102 -0.013922 0.031473
20 10.25 102 -0.156667 0.032677
21 10.75 100 0.245300 0.031714
22 11.25 99 -0.150505 0.030192
23 11.75 98 -0.124388 0.027474
24 12.25 100 -0.268800 0.026675
25 12.75 96 0.181771 0.024050
26 13.25 96 0.216146 0.026824
27 13.75 101 -0.000891 0.022546
28 14.25 91 0.021319 0.022462
29 14.75 98 0.029286 0.017611
30 15.25 95 0.032526 0.017311
31 15.75 95 -0.113158 0.017013
32 16.25 82 0.104878 0.017317
33 16.75 58 0.075690 0.026079
34 17.25 38 -0.054211 0.034357
35 17.75 18 0.429444 0.081272
36 18.25 0 0.000000 0.000000
37 18.75 0 0.000000 0.000000
38 19.25 0 0.000000 0.000000
39 19.75 0 0.000000 0.000000

0 0.25 479 27.219269 0.009661
1 0.75 397 27.573980 0.010834
2 1.25 390 29.159718 0.009723
3 1.75 383 30.774204 0.010337
4 2.25 376 32.467234 0.013053
5 2.75 376 33.977367 0.015405
6 3.25 372 37.835108 0.019896
7 3.75 369 42.267995 0.014851
8 4.25 364 36.750027 0.013924
9 4.75 372 31.555242 0.010777
10 5.25 360 25.974611 0.014648
11 5.75 351 20.515613 0.020419
12 6.25 356 15.159579 0.025347
13 6.75 343 9.622274 0.033960
14 7.25 317 -0.008896 0.060529
15 7.75 261 0.246897 0.064254
16 8.25 210 -0.082048 0.069741
17 8.75 167 -0.012216 0.061008
18 9.25 131 -0.045878 0.023093
19 9.75 93 0.195806 0.036735
20 10.25 93 -0.015806 0.034941
21 10.75 93 0.043333 0.032673
22 11.25 91 -0.083956 0.032950
23 11.75 90 0.171778 0.033145
24 12.25 90 -0.071444 0.033000
25 12.75 87 -0.038966 0.028481
26 13.25 85 -0.157765 0.031645
27 13.75 93 -0.084731 0.025550
28 14.25 88 0.026818 0.025105
29 14.75 90 -0.084222 0.022600
30 15.25 88 -0.246932 0.022683
31 15.75 85 0.221176 0.019937
32 16.25 78 0.003718 0.019950
33 16.75 54 0.010000 0.027821
34 17.25 34 -0.037647 0.039088
35 17.75 12 -0.208333 0.116949
36 18.25 0 0.000000 0.000000
37 18.75 0 0.000000 0.000000
38 19.25 0 0.000000 0.000000
39 19.75 0 0.000000 0.000000

0 0.25 486 27.154074 0.009622
1 0.75 414 27.628019 0.010093
2 1.25 400 29.115975 0.009548
3 1.75 399 30.904286 0.009576
4 2.25 387 32.363178 0.012116
5 2.75 390 34.028769 0.015961
6 3.25 380 37.926342 0.018292
7 3.75 382 42.547801 0.014002
8 4.25 374 37.020080 0.012951
9 4.75 383 31.179843 0.011181
10 5.25 369 25.936585 0.013438
11 5.75 367 20.560599 0.018620
12 6.25 369 15.059566 0.025474
13 6.75 351 9.421425 0.034143
14 7.25 346 -0.042601 0.054295
15 7.75 287 0.181220 0.058778
16 8.25 243 -0.101646 0.061257
17 8.75 196 0.134490 0.060223
18 9.25 157 -0.091465 0.017260
19 9.75 115 0.017217 0.025945
20 10.25 84 -0.050952 0.042234
21 10.75 84 0.129048 0.038332
22 11.25 83 0.184819 0.039506
23 11.75 82 0.029878 0.039012
24 12.25 82 0.315610 0.036580
25 12.75 79 -0.203671 0.037938
26 13.25 79 0.374177 0.034276
27 13.75 84 0.044881 0.030626
28 14.25 82 0.293293 0.028880
29 14.75 82 -0.248902 0.027533
30 15.25 79 0.149873 0.028635
31 15.75 75 0.032667 0.025008
32 16.25 75 -0.282400 0.024865
33 16.75 79 -0.045443 0.016996
34 17.25 60 0.315333 0.024690
35 17.75 36 0.003889 0.046992
36 18.25 19 -0.159474 0.075012
37 18.75 1 4.050000 0.000000
38 19.25 0 0.000000 0.000000
39 19.75 0 0.000000 0.000000

0 0.25 497 27.191670 0.009174
1 0.75 429 27.778205 0.009800
2 1.25 412 29.572743 0.009595
3 1.75 410 30.897805 0.009408
4 2.25 401 32.311147 0.012015
5 2.75 395 33.907316 0.015523
6 3.25 394 37.593147 0.018264
7 3.75 395 42.396456 0.013405
8 4.25 386 36.851244 0.012651
9 4.75 387 31.271886 0.010506
10 5.25 381 25.820210 0.013576
11 5.75 378 20.517354 0.017723
12 6.25 376 14.984468 0.024055
13 6.75 363 9.445455 0.032360
14 7.25 347 0.044092 0.053664
15 7.75 296 -0.036047 0.056884
16 8.25 242 -0.002107 0.061575
17 8.75 204 -0.014853 0.059135
18 9.25 160 -0.090938 0.017370
19 9.75 116 0.238966 0.026763
20 10.25 84 -0.036548 0.043812
21 10.75 75 -0.096400 0.049339
22 11.25 74 -0.134595 0.046442
23 11.75 74 -0.067838 0.043253
24 12.25 76 0.062632 0.042073
25 12.75 75 0.046133 0.037739
26 13.25 72 0.072222 0.036553
27 13.75 77 -0.040260 0.035082
28 14.25 74 -0.050405 0.033151
29 14.75 74 0.043108 0.030343
30 15.25 71 0.275634 0.029876
31 15.75 69 0.120000 0.028735
32 16.25 74 0.039595 0.021992
33 16.75 70 -0.310286 0.024653
34 17.25 60 -0.012333 0.024373
35 17.75 36 0.362778 0.047394
36 18.25 19 -0.226316 0.049840
37 18.75 1 -0.820000 0.000000
38 19.25 0 0.000000 0.000000
39 19.75 0 0.000000 0.000000

0 0.25 500 27.002460 0.008802
1 0.75 439 27.995854 0.009394
2 1.25 424 29.366604 0.008808
3 1.75 423 30.633333 0.008913
4 2.25 404 32.371683 0.011839
5 2.75 405 33.801901 0.015966
6 3.25 404 37.464802 0.017579
7 3.75 408 42.428799 0.013100
8 4.25 387 36.901886 0.012361
9 4.75 397 31.270227 0.010738
10 5.25 392 25.910000 0.012875
11 5.75 380 20.551105 0.017877
12 6.25 384 15.156563 0.023214
13 6.75 367 9.502343 0.032005
14 7.25 358 0.058296 0.050343
15 7.75 301 -0.053455 0.055419
16 8.25 255 0.006863 0.055333
17 8.75 208 0.071298 0.056118
18 9.25 171 -0.001287 0.015743
19 9.75 125 -0.001920 0.022954
20 10.25 88 -0.022386 0.039299
21 10.75 72 0.227639 0.050690
22 11.25 70 0.186714 0.050846
23 11.75 67 -0.291940 0.052130
24 12.25 70 -0.047429 0.047239
25 12.75 66 0.219848 0.048742
26 13.25 65 -0.255538 0.046240
27 13.75 69 0.231304 0.037873
28 14.25 64 0.379687 0.041198
29 14.75 64 0.232969 0.039030
30 15.25 67 -0.305224 0.032457
31 15.75 66 0.070303 0.028299
32 16.25 66 -0.105606 0.028386
33 16.75 60 0.100167 0.029288
34 17.25 61 0.094098 0.030265
35 17.75 39 -0.340769 0.033248
36 18.25 21 0.275714 0.065326
37 18.75 2 0.250000 0.721249
38 19.25 0 0.000000 0.000000
39 19.75 0 0.000000 0.000000

0 0.25 495 27.124606 0.008774
1 0.75 451 27.791729 0.008551
2 1.25 436 29.195940 0.007841
3 1.75 430 31.010186 0.008920
4 2.25 411 32.678613 0.011734
5 2.75 415 33.726313 0.015636
6 3.25 417 38.223717 0.015744
7 3.75 408 42.190637 0.013356
8 4.25 399 36.662080 0.012900
9 4.75 407 31.049214 0.010584
10 5.25 392 25.638469 0.013427
11 5.75 393 20.492239 0.016726
12 6.25 386 15.001813 0.023118
13 6.75 377 9.584509 0.029355
14 7.25 366 0.005000 0.049214
15 7.75 311 0.111222 0.051204
16 8.25 264 -0.016477 0.052448
17 8.75 222 -0.040225 0.051045
18 9.25 180 -0.094333 0.014716
19 9.75 137 0.060876 0.020510
20 10.25 101 0.027921 0.032364
21 10.75 69 0.056667 0.053643
22 11.25 63 -0.113016 0.062743
23 11.75 58 0.075172 0.065537
24 12.25 61 0.032951 0.055823
25 12.75 60 0.060667 0.053882
26 13.25 58 0.024655 0.055768
27 13.75 62 -0.046290 0.048635
28 14.25 61 -0.448361 0.048261
29 14.75 62 0.059194 0.038833
30 15.25 59 0.268814 0.039342
31 15.75 59 0.176780 0.044497
32 16.25 55 0.383091 0.037078
33 16.75 58 -0.105172 0.030656
34 17.25 59 0.173220 0.029586
35 17.75 45 -0.127778 0.037299
36 18.25 25 0.236800 0.077983
37 18.75 5 0.324000 0.242605
38 19.25 0 0.000000 0.000000
39 19.75 0 0.000000 0.000000

0 0.25 501 27.256387 0.008501
1 0.75 444 27.985315 0.008647
2 1.25 448 29.160737 0.008284
3 1.75 424 30.618608 0.009691
4 2.25 419 32.494630 0.011686
5 2.75 426 33.660352 0.015293
6 3.25 414 37.833792 0.017038
7 3.75 414 42.127126 0.013189
8 4.25 411 36.803528 0.012416
9 4.75 402 31.434328 0.010198
10 5.25 400 25.952075 0.012615
11 5.75 390 20.515026 0.017017
12 6.25 395 15.145899 0.022106
13 6.75 380 9.468184 0.030227
14 7.25 360 0.015528 0.049857
15 7.75 296 -0.104189 0.056188
16 8.25 254 -0.044882 0.055284
17 8.75 204 -0.041863 0.057815
18 9.25 167 0.050060 0.016832
19 9.75 124 -0.093629 0.024319
20 10.25 85 0.128706 0.040210
21 10.75 56 -0.226786 0.079936
22 11.25 54 -0.278704 0.070965
23 11.75 51 -0.060392 0.076700
24 12.25 57 -0.320702 0.060384
25 12.75 56 0.053393 0.057321
26 13.25 56 -0.054464 0.059758
27 13.75 57 -0.129474 0.045608
28 14.25 51 0.102157 0.054397
29 14.75 50 -0.060200 0.051089
30 15.25 50 0.080800 0.049740
31 15.75 56 -0.128571 0.035073
32 16.25 54 -0.031852 0.034124
33 16.75 49 0.312041 0.033703
34 17.25 45 0.021111 0.035840
35 17.75 24 0.609583 0.058399
36 18.25 3 0.803333 0.527113
37 18.75 0 0.000000 0.000000
38 19.25 0 0.000000 0.000000
39 19.75 0 0.000000 0.000000

0 0.25 504 27.163631 0.007774
1 0.75 433 27.564134 0.008399
2 1.25 453 29.178389 0.007816
3 1.75 422 30.938626 0.009261
4 2.25 433 32.329215 0.011884
5 2.75 420 33.812143 0.015568
6 3.25 421 37.679739 0.017478
7 3.75 427 42.032927 0.013316
8 4.25 404 37.020371 0.012121
9 4.75 414 31.620386 0.010607
10 5.25 403 25.928387 0.012253
11 5.75 398 20.570804 0.016406
12 6.25 393 15.157303 0.021751
13 6.75 390 9.684000 0.027914
14 7.25 369 0.035691 0.047883
15 7.75 317 -0.080473 0.049925
16 8.25 270 -0.051481 0.050470
17 8.75 220 0.188182 0.049162
18 9.25 183 0.198415 0.013758
19 9.75 138 0.100000 0.020050
20 10.25 97 0.085567 0.034300
21 10.75 68 -0.294412 0.054553
22 11.25 51 0.086078 0.080249
23 11.75 50 -0.064800 0.086234
24 12.25 54 -0.045741 0.069587
25 12.75 49 0.068776 0.075782
26 13.25 48 0.035000 0.066816
27 13.75 48 0.117708 0.068998
28 14.25 45 0.200222 0.070651
29 14.75 51 -0.282353 0.054763
30 15.25 49 -0.025102 0.051018
31 15.75 49 -0.050816 0.044014
32 16.25 42 0.033333 0.047235
33 16.75 46 0.056739 0.040601
34 17.25 49 0.362653 0.035656
35 17.75 30 -0.033667 0.051007
36 18.25 11 -0.346364 0.205191
37 18.75 0 0.000000 0.000000
38 19.25 0 0.000000 0.000000
39 19.75 0 0.000000 0.000000

0 0.25 508 27.266516 0.007743
1 0.75 436 27.585986 0.008060
2 1.25 434 29.225023 0.008139
3 1.75 425 30.793059 0.009783
4 2.25 435 32.327264 0.011605
5 2.75 416 33.494495 0.017148
6 3.25 426 37.321338 0.017589
7 3.75 421 42.290784 0.012974
8 4.25 413 36.916780 0.012349
9 4.75 410 31.508976 0.011246
10 5.25 407 25.891130 0.011379
11 5.75 395 20.537013 0.016724
12 6.25 401 15.064663 0.021396
13 6.75 385 9.496000 0.028709
14 7.25 365 -0.049068 0.047340
15 7.75 310 0.088935 0.050129
16 8.25 257 0.078716 0.052372
17 8.75 217 0.116359 0.050550
18 9.25 169 0.084260 0.015012
19 9.75 125 0.064720 0.023076
20 10.25 92 -0.062065 0.035066
21 10.75 56 -0.029821 0.072419
22 11.25 45 0.646667 0.100932
23 11.75 44 -0.050000 0.092675
24 12.25 46 0.385217 0.091432
25 12.75 40 -0.032500 0.099453
26 13.25 45 0.016667 0.075806
27 13.75 46 0.110652 0.065230
28 14.25 45 0.123333 0.068974
29 14.75 43 -0.472326 0.066348
30 15.25 38 0.442368 0.078108
31 15.75 44 0.004091 0.053252
32 16.25 46 0.197174 0.046138
33 16.75 41 -0.002927 0.049237
34 17.25 32 -0.650000 0.046285
35 17.75 14 0.386429 0.116489
36 18.25 0 0.000000 0.000000
37 18.75 0 0.000000 0.000000
38 19.25 0 0.000000 0.000000
39 19.75 0 0.000000 0.000000

0 0.25 506 27.424447 0.007590
1 0.75 447 27.849754 0.007630
2 1.25 416 29.385409 0.008800
3 1.75 430 30.585558 0.010134
4 2.25 419 32.298401 0.012679
5 2.75 422 33.716706 0.016663
6 3.25 420 37.080048 0.018111
7 3.75 422 42.575379 0.012725
8 4.25 410 36.767951 0.012299
9 4.75 412 31.568932 0.010338
10 5.25 407 26.099066 0.011535
11 5.75 403 20.616352 0.015867
12 6.25 398 15.176206 0.021349
13 6.75 390 9.586103 0.027274
14 7.25 355 -0.082254 0.049059
15 7.75 303 -0.099604 0.052317
16 8.25 249 -0.107430 0.055854
17 8.75 207 -0.042657 0.054028
18 9.25 154 -0.087208 0.018225
19 9.75 121 0.138264 0.024946
20 10.25 85 -0.028824 0.039387
21 10.75 49 0.168776 0.088750
22 11.25 39 -0.504615 0.123400
23 11.75 41 -0.015854 0.097409
24 12.25 41 0.094878 0.099567
25 12.75 41 -0.369756 0.092110
26 13.25 40 0.080250 0.088357
27 13.75 39 0.278974 0.090068
28 14.25 35 -0.174000 0.090365
29 14.75 41 -0.328780 0.078230
30 15.25 41 -0.392439 0.065523
31 15.75 39 0.061026 0.056530
32 16.25 36 -0.093333 0.050517
33 16.75 34 0.142059 0.045025
34 17.25 18 -0.337778 0.086289
35 17.75 0 0.000000 0.000000
36 18.25 0 0.000000 0.000000
37 18.75 0 0.000000 0.000000
38 19.25 0 0.000000 0.000000
39 19.75 0 0.000000 0.000000

0 0.25 504 27.271607 0.007091
1 0.75 448 27.518371 0.007199
2 1.25 403 29.067643 0.009319
3 1.75 436 30.608326 0.009717
4 2.25 413 32.467530 0.013079
5 2.75 421 33.667767 0.016267
6 3.25 410 37.110390 0.019254
7 3.75 422 42.554313 0.012349
8 4.25 407 37.032752 0.012090
9 4.75 406 31.421034 0.011348
10 5.25 407 25.965921 0.012098
11 5.75 391 20.409054 0.016806
12 6.25 400 14.852175 0.021441
13 6.75 379 9.496042 0.028663
14 7.25 342 -0.004123 0.052022
15 7.75 298 0.052047 0.052521
16 8.25 239 0.101130 0.056925
17 8.75 195 0.018615 0.058911
18 9.25 148 -0.006757 0.019636
19 9.75 117 0.100855 0.024374
20 10.25 80 0.151125 0.040207
21 10.75 41 0.259268 0.112354
22 11.25 33 0.379394 0.148921
23 11.75 34 -0.214706 0.140501
24 12.25 37 -0.125405 0.108730
25 12.75 35 0.178571 0.116285
26 13.25 36 -0.013333 0.094152
27 13.75 37 -0.003514 0.091181
28 14.25 34 0.132647 0.093025
29 14.75 36 0.272222 0.076643
30 15.25 32 -0.266250 0.075428
31 15.75 33 0.282424 0.068632
32 16.25 37 -0.156757 0.047141
33 16.75 22 0.173182 0.064327
34 17.25 1 2.110000 0.000000
35 17.75 0 0.000000 0.000000
36 18.25 0 0.000000 0.000000
37 18.75 0 0.000000 0.000000
38 19.25 0 0.000000 0.000000
39 19.75 0 0.000000 0.000000

0 0.25 501 27.123513 0.006858
1 0.75 439 27.744282 0.007640
2 1.25 411 29.264234 0.008435
3 1.75 411 30.641776 0.010150
4 2.25 421 32.172874 0.012752
5 2.75 408 33.473162 0.018154
6 3.25 421 37.684489 0.016900
7 3.75 405 42.221654 0.013418
8 4.25 409 36.930391 0.012467
9 4.75 402 31.313507 0.011979
10 5.25 395 25.843215 0.012055
11 5.75 391 20.256471 0.016906
12 6.25 389 15.043805 0.021785
13 6.75 372 9.669892 0.028735
14 7.25 355 -0.054254 0.048536
15 7.75 313 0.054569 0.048255
16 8.25 256 -0.047148 0.051895
17 8.75 215 -0.044744 0.050137
18 9.25 168 -0.059464 0.014897
19 9.75 125 -0.013120 0.020373
20 10.25 89 0.046854 0.037094
21 10.75 50 -0.100400 0.085355
22 11.25 30 0.280000 0.179775
23 11.75 34 0.267647 0.137728
24 12.25 36 -0.281667 0.124742
25 12.75 31 0.311290 0.128556
26 13.25 29 0.389655 0.158744
27 13.75 32 -0.067500 0.107801
28 14.25 29 0.470690 0.116819
29 14.75 33 0.654848 0.091282
30 15.25 32 -0.077812 0.079460
31 15.75 29 -0.010345 0.089414
32 16.25 29 -0.095517 0.066999
33 16.75 23 0.542609 0.046939
34 17.25 5 -0.024000 0.285715
35 17.75 0 0.000000 0.000000
36 18.25 0 0.000000 0.000000
37 18.75 0 0.000000 0.000000
38 19.25 0 0.000000 0.000000
39 19.75 0 0.000000 0.000000

0 0.25 496 27.382964 0.006940
1 0.75 425 27.638447 0.007720
2 1.25 420 29.120476 0.008338
3 1.75 400 30.664750 0.011231
4 2.25 420 32.240024 0.013148
5 2.75 398 33.871859 0.017167
6 3.25 407 37.543612 0.018580
7 3.75 412 42.197257 0.013656
8 4.25 395 36.306354 0.014373
9 4.75 385 31.512468 0.012191
10 5.25 391 25.916445 0.012253
11 5.75 376 20.369601 0.017627
12 6.25 385 15.239688 0.021061
13 6.75 381 9.575853 0.027119
14 7.25 357 -0.103557 0.047933
15 7.75 307 0.020749 0.049255
16 8.25 249 0.026225 0.052798
17 8.75 204 0.004314 0.052514
18 9.25 161 0.054845 0.015833
19 9.75 113 0.146283 0.026731
20 10.25 81 -0.155309 0.041302
21 10.75 50 0.099800 0.084631
22 11.25 31 0.009032 0.166456
23 11.75 28 -0.306786 0.174192
24 12.25 27 -0.202222 0.178309
25 12.75 26 0.185385 0.160803
26 13.25 32 0.144375 0.127329
27 13.75 31 -0.164516 0.113024
28 14.25 25 0.076000 0.132822
29 14.75 26 -0.580000 0.123492
30 15.25 30 0.456000 0.083525
31 15.75 32 0.087188 0.065856
32 16.25 20 0.626500 0.095233
33 16.75 10 -0.120000 0.126189
34 17.25 0 0.000000 0.000000
35 17.75 0 0.000000 0.000000
36 18.25 0 0.000000 0.000000
37 18.75 0 0.000000 0.000000
38 19.25 0 0.000000 0.000000
39 19.75 0 0.000000 0.000000

0 0.25 488 27.320266 0.008262
1 0.75 412 27.847597 0.009951
2 1.25 427 29.146557 0.010772
3 1.75 386 30.751865 0.015252
4 2.25 405 32.112617 0.016882
5 2.75 405 33.603383 0.020000
6 3.25 393 38.066616 0.019962
7 3.75 393 42.111501 0.014896
8 4.25 386 36.921166 0.013614
9 4.75 368 31.388886 0.012824
10 5.25 388 26.047216 0.011747
11 5.75 386 20.748005 0.015822
12 6.25 389 14.978638 0.020683
13 6.75 372 9.423387 0.027934
14 7.25 345 0.078000 0.047754
15 7.75 295 -0.110136 0.050645
16 8.25 239 -0.019958 0.052198
17 8.75 193 -0.126891 0.046788
18 9.25 161 -0.054410 0.016628
19 9.75 116 -0.220690 0.023584
20 10.25 74 -0.045135 0.046215
21 10.75 39 0.206923 0.124372
22 11.25 21 0.555238 0.296636
23 11.75 25 -0.223600 0.209454
24 12.25 33 -0.039091 0.128106
25 12.75 27 -0.190370 0.159430
26 13.25 20 0.538000 0.236830
27 13.75 23 -0.162609 0.167826
28 14.25 29 0.408966 0.120034
29 14.75 29 -0.076552 0.101834
30 15.25 24 0.590833 0.114577
31 15.75 22 -0.457727 0.098603
32 16.25 17 -0.272941 0.092752
33 16.75 0 0.000000 0.000000
34 17.25 0 0.000000 0.000000
35 17.75 0 0.000000 0.000000
36 18.25 0 0.000000 0.000000
37 18.75 0 0.000000 0.000000
38 19.25 0 0.000000 0.000000
39 19.75 0 0.000000 0.000000

0 0.25 487 27.276181 0.014006
1 0.75 391 27.689233 0.016841
2 1.25 410 29.158902 0.016652
3 1.75 394 31.018934 0.019340
4 2.25 390 32.228256 0.021597
5 2.75 393 33.544351 0.023308
6 3.25 393 37.846412 0.021180
7 3.75 371 42.183046 0.015332
8 4.25 378 37.421640 0.013012
9 4.75 384 31.458464 0.011807
10 5.25 384 25.915859 0.012225
11 5.75 373 20.470912 0.016105
12 6.25 379 14.910290 0.020762
13 6.75 358 9.312709 0.027830
14 7.25 333 0.027087 0.048074
15 7.75 291 0.035808 0.046976
16 8.25 240 0.057000 0.046567
17 8.75 195 0.170103 0.031982
18 9.25 149 -0.195168 0.017273
19 9.75 98 0.097755 0.031178
20 10.25 61 -0.125738 0.063753
21 10.75 36 -0.340833 0.135027
22 11.25 30 0.077667 0.147955
23 11.75 26 -0.026538 0.182815
24 12.25 20 -0.250500 0.257877
25 12.75 17 0.082353 0.294760
26 13.25 28 -0.492857 0.133993
27 13.75 27 0.433333 0.119767
28 14.25 19 -0.110526 0.179500
29 14.75 19 -0.268421 0.186209
30 15.25 28 0.123571 0.056774
31 15.75 17 -0.152941 0.108591
32 16.25 2 -0.180000 0.021213
33 16.75 0 0.000000 0.000000
34 17.25 0 0.000000 0.000000
35 17.75 0 0.000000 0.000000
36 18.25 0 0.000000 0.000000
37 18.75 0 0.000000 0.000000
38 19.25 0 0.000000 0.000000
39 19.75 0 0.000000 0.000000

0 0.25 493 27.161947 0.019973
1 0.75 372 27.729543 0.026409
2 1.25 392 29.483367 0.023385
3 1.75 398 30.845101 0.024191
4 2.25 377 32.473979 0.026948
5 2.75 372 33.822312 0.028775
6 3.25 358 37.424385 0.027057
7 3.75 387 42.638811 0.014287
8 4.25 382 36.682696 0.014077
9 4.75 371 31.487520 0.011934
10 5.25 372 26.058817 0.011974
11 5.75 368 20.388913 0.015744
12 6.25 363 15.068017 0.020500
13 6.75 352 9.577131 0.025648
14 7.25 335 -0.039164 0.044434
15 7.75 288 -0.140278 0.044513
16 8.25 233 -0.129227 0.045349
17 8.75 181 -0.055691 0.014752
18 9.25 131 -0.022214 0.021298
19 9.75 98 0.032653 0.030576
20 10.25 63 0.009365 0.058120
21 10.75 31 0.016129 0.151655
22 11.25 17 0.200588 0.358180
23 11.75 15 -0.322667 0.405757
24 12.25 26 0.091538 0.162388
25 12.75 26 -0.261923 0.146134
26 13.25 17 -0.234706 0.258318
27 13.75 14 0.160714 0.292347
28 14.25 28 0.085714 0.097717
29 14.75 24 -0.609583 0.088677
30 15.25 13 0.791538 0.164939
31 15.75 9 -0.363333 0.106394
32 16.25 0 0.000000 0.000000
33 16.75 0 0.000000 0.000000
34 17.25 0 0.000000 0.000000
35 17.75 0 0.000000 0.000000
36 18.25 0 0.000000 0.000000
37 18.75 0 0.000000 0.000000
38 19.25 0 0.000000 0.000000
39 19.75 0 0.000000 0.000000

0 0.25 500 27.276200 0.025200
1 0.75 354 27.994605 0.037407
2 1.25 374 29.320936 0.033619
3 1.75 380 30.857895 0.030881
4 2.25 381 32.246089 0.030859
5 2.75 344 33.679709 0.035473
6 3.25 368 37.438152 0.026967
7 3.75 371 42.639407 0.016262
8 4.25 372 36.985618 0.013532
9 4.75 367 31.259101 0.011620
10 5.25 364 25.764505 0.012294
11 5.75 334 20.639850 0.016917
12 6.25 363 15.284242 0.018236
13 6.75 356 9.440618 0.023736
14 7.25 328 -0.071768 0.043567
15 7.75 278 -0.131439 0.043120
16 8.25 212 -0.011745 0.039094
17 8.75 175 0.075657 0.013343
18 9.25 135 -0.077852 0.020406
19 9.75 97 -0.133402 0.029978
20 10.25 42 -0.383333 0.108994
21 10.75 11 0.380909 0.744592
22 11.25 24 -0.021667 0.206987
23 11.75 24 -0.078333 0.212789
24 12.25 18 -0.184444 0.282289
25 12.75 9 0.005556 0.716705
26 13.25 25 0.294400 0.139250
27 13.75 22 0.183636 0.139487
28 14.25 16 -0.527500 0.204432
29 14.75 14 0.182143 0.181159
30 15.25 15 0.098667 0.100369
31 15.75 0 0.000000 0.000000
32 16.25 0 0.000000 0.000000
33 16.75 0 0.000000 0.000000
34 17.25 0 0.000000 0.000000
35 17.75 0 0.000000 0.000000
36 18.25 0 0.000000 0.000000
37 18.75 0 0.000000 0.000000
38 19.25 0 0.000000 0.000000
39 19.75 0 0.000000 0.000000

0 0.25 507 27.197633 0.030050
1 0.75 334 28.064341 0.052288
2 1.25 353 29.231558 0.044762
3 1.75 368 30.926060 0.039352
4 2.25 361 32.564238 0.037640
5 2.75 355 33.943070 0.034894
6 3.25 360 37.496167 0.029600
7 3.75 362 42.046575 0.017431
8 4.25 359 36.530139 0.015608
9 4.75 345 31.532667 0.012029
10 5.25 345 26.107159 0.012410
11 5.75 350 20.730400 0.014660
12 6.25 358 15.100447 0.017276
13 6.75 350 9.323600 0.022806
14 7.25 327 0.005657 0.040587
15 7.75 266 0.032556 0.040253
16 8.25 231 0.216537 0.022913
17 8.75 183 0.101475 0.013248
18 9.25 135 -0.099852 0.020207
19 9.75 83 -0.355060 0.039914
20 10.25 52 -0.170962 0.069999
21 10.75 23 0.374783 0.250351
22 11.25 19 0.310526 0.311780
23 11.75 10 0.493000 0.764750
24 12.25 19 0.636842 0.294501
25 12.75 24 -0.390417 0.167243
26 13.25 14 0.219286 0.340407
27 13.75 10 0.460000 0.474838
28 14.25 24 0.295000 0.095353
29 14.75 21 0.165238 0.089576
30 15.25 3 -1.563333 0.785496
31 15.75 0 0.000000 0.000000
32 16.25 0 0.000000 0.000000
33 16.75 0 0.000000 0.000000
34 17.25 0 0.000000 0.000000
35 17.75 0 0.000000 0.000000
36 18.25 0 0.000000 0.000000
37 18.75 0 0.000000 0.000000
38 19.25 0 0.000000 0.000000
39 19.75 0 0.000000 0.000000

0 0.25 512 27.181133 0.034616
1 0.75 315 27.898825 0.067251
2 1.25 339 29.336785 0.055505
3 1.75 363 30.954793 0.046557
4 2.25 333 32.117207 0.047493
5 2.75 352 33.974631 0.037695
6 3.25 357 37.400028 0.032127
7 3.75 355 41.855831 0.018328
8 4.25 353 36.644646 0.015167
9 4.75 323 31.271362 0.013596
10 5.25 348 26.071810 0.012148
11 5.75 338 20.429734 0.014812
12 6.25 344 15.111221 0.017561
13 6.75 325 9.296769 0.023458
14 7.25 317 -0.088580 0.038693
15 7.75 270 -0.006037 0.034463
16 8.25 221 -0.031357 0.010435
17 8.75 164 -0.219695 0.015059
18 9.25 115 -0.114696 0.024553
19 9.75 84 -0.119762 0.034680
20 10.25 48 -0.249583 0.079461
21 10.75 11 1.004545 0.889548
22 11.25 11 -0.297273 0.681938
23 11.75 22 -0.273182 0.217404
24 12.25 20 -0.040500 0.197449
25 12.75 5 0.076000 1.413627
26 13.25 19 0.286842 0.184222
27 13.75 23 0.125652 0.115857
28 14.25 12 0.167500 0.212510
29 14.75 11 -0.563636 0.139604
30 15.25 0 0.000000 0.000000
31 15.75 0 0.000000 0.000000
32 16.25 0 0.000000 0.000000
33 16.75 0 0.000000 0.000000
34 17.25 0 0.000000 0.000000
35 17.75 0 0.000000 0.000000
36 18.25 0 0.000000 0.000000
37 18.75 0 0.000000 0.000000
38 19.25 0 0.000000 0.000000
39 19.75 0 0.000000 0.000000

0 0.25 519 27.035511 0.029091
1 0.75 291 27.832887 0.066135
2 1.25 339 29.695280 0.046685
3 1.75 335 30.819701 0.046320
4 2.25 328 32.121006 0.040883
5 2.75 346 33.854451 0.035087
6 3.25 338 37.411716 0.029320
7 3.75 348 42.268448 0.016512
8 4.25 321 37.133551 0.014999
9 4.75 342 31.513333 0.010922
10 5.25 335 25.793254 0.012748
11 5.75 336 20.568393 0.013817
12 6.25 322 14.978478 0.017050
13 6.75 328 9.351738 0.019750
14 7.25 312 0.143494 0.035594
15 7.75 261 0.098314 0.028960
16 8.25 192 -0.057656 0.012228
17 8.75 157 0.155287 0.015005
18 9.25 114 0.093421 0.024110
19 9.75 68 0.057353 0.053673
20 10.25 18 -0.362222 0.336590
21 10.75 17 0.371765 0.379577
22 11.25 19 -0.503684 0.312942
23 11.75 11 -0.233636 0.599948
24 12.25 9 -0.004444 0.681899
25 12.75 21 0.176190 0.177526
26 13.25 17 0.604118 0.219411
27 13.75 4 0.962500 1.767750
28 14.25 21 0.188095 0.072479
29 14.75 0 0.000000 0.000000
30 15.25 0 0.000000 0.000000
31 15.75 0 0.000000 0.000000
32 16.25 0 0.000000 0.000000
33 16.75 0 0.000000 0.000000
34 17.25 0 0.000000 0.000000
35 17.75 0 0.000000 0.000000
36 18.25 0 0.000000 0.000000
37 18.75 0 0.000000 0.000000
38 19.25 0 0.000000 0.000000
39 19.75 0 0.000000 0.000000

0 0.25 498 27.229438 0.025178
1 0.75 297 27.929865 0.049512
2 1.25 341 29.379238 0.039382
3 1.75 301 30.861927 0.041942
4 2.25 342 32.365965 0.031463
5 2.75 322 33.712267 0.030925
6 3.25 338 37.933284 0.025110
7 3.75 314 42.446656 0.016971
8 4.25 333 36.861201 0.013662
9 4.75 326 31.420245 0.012017
10 5.25 330 25.690939 0.012210
11 5.75 311 20.566206 0.013355
12 6.25 320 15.206438 0.014433
13 6.75 325 9.401723 0.017780
14 7.25 299 -0.182943 0.035169
15 7.75 228 -0.094298 0.023866
16 8.25 192 0.005625 0.012194
17 8.75 150 0.034333 0.015203
18 9.25 95 -0.112421 0.031577
19 9.75 44 0.403409 0.093808
20 10.25 20 -0.019500 0.289621
21 10.75 19 -0.279474 0.307919
22 11.25 5 -0.558000 1.989434
23 11.75 16 -0.065000 0.290492
24 12.25 18 -0.051111 0.223076
25 12.75 8 -0.075000 0.641739
26 13.25 11 0.093636 0.335876
27 13.75 20 0.091500 0.097493
28 14.25 0 0.000000 0.000000
29 14.75 0 0.000000 0.000000
30 15.25 0 0.000000 0.000000
31 15.75 0 0.000000 0.000000
32 16.25 0 0.000000 0.000000
33 16.75 0 0.000000 0.000000
34 17.25 0 0.000000 0.000000
35 17.75 0 0.000000 0.000000
36 18.25 0 0.000000 0.000000
37 18.75 0 0.000000 0.000000
38 19.25 0 0.000000 0.000000
39 19.75 0 0.000000 0.000000

0 0.25 475 27.245811 0.020670
1 0.75 302 27.996126 0.037490
2 1.25 326 29.426472 0.031816
3 1.75 309 30.641845 0.031153
4 2.25 322 32.395466 0.026398
5 2.75 325 33.831692 0.024378
6 3.25 316 38.396203 0.022542
7 3.75 314 42.361911 0.016910
8 4.25 314 36.842006 0.014507
9 4.75 323 31.208514 0.012561
10 5.25 313 25.844217 0.011777
11 5.75 301 20.319568 0.013157
12 6.25 320 15.201406 0.012811
13 6.75 314 9.236401 0.016467
14 7.25 267 -0.098090 0.036418
15 7.75 226 0.047257 0.010664
16 8.25 176 -0.128409 0.012908
17 8.75 125 -0.066960 0.021161
18 9.25 70 0.128857 0.045460
19 9.75 41 -0.059756 0.089922
20 10.25 16 0.091875 0.362425
21 10.75 1 0.090000 0.000000
22 11.25 17 0.455294 0.274252
23 11.75 17 0.214706 0.246609
24 12.25 0 0.000000 0.000000
25 12.75 17 -0.053529 0.159173
26 13.25 17 -0.005294 0.131315
27 13.75 1 1.130000 0.000000
28 14.25 0 0.000000 0.000000
29 14.75 0 0.000000 0.000000
30 15.25 0 0.000000 0.000000
31 15.75 0 0.000000 0.000000
32 16.25 0 0.000000 0.000000
33 16.75 0 0.000000 0.000000
34 17.25 0 0.000000 0.000000
35 17.75 0 0.000000 0.000000
36 18.25 0 0.000000 0.000000
37 18.75 0 0.000000 0.000000
38 19.25 0 0.000000 0.000000
39 19.75 0 0.000000 0.000000

0 0.25 449 27.171269 0.015146
1 0.75 305 27.749869 0.026405
2 1.25 305 29.278098 0.025494
3 1.75 310 30.948484 0.021208
4 2.25 306 32.253758 0.020452
5 2.75 316 34.197563 0.019126
6 3.25 298 37.709295 0.023377
7 3.75 310 42.338000 0.016066
8 4.25 317 36.937476 0.013767
9 4.75 316 31.431456 0.012865
10 5.25 290 26.304828 0.013178
11 5.75 310 20.687323 0.011595
12 6.25 313 15.077157 0.011687
13 6.75 290 9.492069 0.014585
14 7.25 268 -0.061343 0.025789
15 7.75 209 0.079282 0.010768
16 8.25 157 0.280701 0.015965
17 8.75 99 0.160808 0.028152
18 9.25 63 -0.061270 0.053210
19 9.75 18 0.153889 0.317172
20 10.25 2 -1.630000 16.944771
21 10.75 17 0.093529 0.298753
22 11.25 15 0.101333 0.328705
23 11.75 2 -1.450000 11.103475
24 12.25 17 -0.025294 0.160757
25 12.75 13 0.290769 0.244874
26 13.25 2 -0.170000 0.883883
27 13.75 0 0.000000 0.000000
28 14.25 0 0.000000 0.000000
29 14.75 0 0.000000 0.000000
30 15.25 0 0.000000 0.000000
31 15.75 0 0.000000 0.000000
32 16.25 0 0.000000 0.000000
33 16.75 0 0.000000 0.000000
34 17.25 0 0.000000 0.000000
35 17.75 0 0.000000 0.000000
36 18.25 0 0.000000 0.000000
37 18.75 0 0.000000 0.000000
38 19.25 0 0.000000 0.000000
39 19.75 0 0.000000 0.000000

0 0.25 424 27.282146 0.010575
1 0.75 307 27.685505 0.016669
2 1.25 279 29.153441 0.019796
3 1.75 314 30.748439 0.013461
4 2.25 309 32.255987 0.015061
5 2.75 299 33.790167 0.016668
6 3.25 292 37.651404 0.022142
7 3.75 312 42.487949 0.017008
8 4.25 301 36.886977 0.014804
9 4.75 289 31.309446 0.014992
10 5.25 307 26.038697 0.011560
11 5.75 301 20.590930 0.011239
12 6.25 295 14.940475 0.011188
13 6.75 287 9.394983 0.012537
14 7.25 289 -0.037924 0.018100
15 7.75 232 -0.009095 0.008931
16 8.25 169 0.126154 0.013403
17 8.75 135 0.155333 0.018319
18 9.25 88 0.095341 0.033101
19 9.75 37 0.024595 0.106367
20 10.25 15 0.371333 0.400116
21 10.75 14 1.533571 0.637142
22 11.25 2 -0.275000 8.960076
23 11.75 16 0.092500 0.294315
24 12.25 12 0.255000 0.379940
25 12.75 3 -0.306667 2.377940
26 13.25 15 -0.521333 0.148093
27 13.75 0 0.000000 0.000000
28 14.25 0 0.000000 0.000000
29 14.75 0 0.000000 0.000000
30 15.25 0 0.000000 0.000000
31 15.75 0 0.000000 0.000000
32 16.25 0 0.000000 0.000000
33 16.75 0 0.000000 0.000000
34 17.25 0 0.000000 0.000000
35 17.75 0 0.000000 0.000000
36 18.25 0 0.000000 0.000000
37 18.75 0 0.000000 0.000000
38 19.25 0 0.000000 0.000000
39 19.75 0 0.000000 0.000000

0 0.25 398 27.416030 0.008085
1 0.75 307 27.776743 0.010994
2 1.25 276 29.461522 0.013707
3 1.75 293 30.460717 0.011907
4 2.25 310 32.271645 0.010748
5 2.75 296 33.662196 0.014230
6 3.25 285 36.985754 0.022611
7 3.75 299 42.451204 0.016212
8 4.25 303 36.925083 0.015435
9 4.75 288 31.668854 0.015270
10 5.25 289 25.655709 0.013010
11 5.75 285 20.256807 0.012087
12 6.25 280 15.111143 0.011578
13 6.75 291 9.599107 0.011359
14 7.25 272 0.116765 0.008782
15 7.75 203 0.115517 0.011292
16 8.25 164 -0.017561 0.014080
17 8.75 118 0.052034 0.023300
18 9.25 51 -0.157647 0.072105
19 9.75 21 0.349048 0.238245
20 10.25 12 -0.198333 0.552295
21 10.75 2 -0.370000 10.165635
22 11.25 14 -0.059286 0.361225
23 11.75 10 0.380000 0.480869
24 12.25 5 -0.312000 1.072193
25 12.75 15 0.018667 0.149185
26 13.25 0 0.000000 0.000000
27 13.75 0 0.000000 0.000000
28 14.25 0 0.000000 0.000000
29 14.75 0 0.000000 0.000000
30 15.25 0 0.000000 0.000000
31 15.75 0 0.000000 0.000000
32 16.25 0 0.000000 0.000000
33 16.75 0 0.000000 0.000000
34 17.25 0 0.000000 0.000000
35 17.75 0 0.000000 0.000000
36 18.25 0 0.000000 0.000000
37 18.75 0 0.000000 0.000000
38 19.25 0 0.000000 0.000000
39 19.75 0 0.000000 0.000000

0 0.25 371 27.365499 0.009001
1 0.75 308 27.668506 0.011196
2 1.25 277 29.269603 0.012692
3 1.75 287 30.860383 0.011779
4 2.25 290 32.265414 0.012766
5 2.75 289 33.704775 0.013535
6 3.25 294 37.573401 0.021134
7 3.75 294 41.706463 0.016731
8 4.25 260 36.616192 0.018856
9 4.75 282 31.683156 0.015235
10 5.25 287 26.131847 0.013425
11 5.75 271 20.422546 0.013191
12 6.25 288 15.265833 0.011359
13 6.75 282 9.492943 0.011148
14 7.25 238 -0.071891 0.008637
15 7.75 186 0.150860 0.012287
16 8.25 134 0.185821 0.017899
17 8.75 72 -0.069444 0.046409
18 9.25 42 -0.181190 0.095365
19 9.75 14 0.090000 0.426116
20 10.25 0 0.000000 0.000000
21 10.75 15 0.077333 0.305525
22 11.25 12 0.318333 0.381210
23 11.75 3 -1.010000 3.088448
24 12.25 14 0.029286 0.154531
25 12.75 0 0.000000 0.000000
26 13.25 0 0.000000 0.000000
27 13.75 0 0.000000 0.000000
28 14.25 0 0.000000 0.000000
29 14.75 0 0.000000 0.000000
30 15.25 0 0.000000 0.000000
31 15.75 0 0.000000 0.000000
32 16.25 0 0.000000 0.000000
33 16.75 0 0.000000 0.000000
34 17.25 0 0.000000 0.000000
35 17.75 0 0.000000 0.000000
36 18.25 0 0.000000 0.000000
37 18.75 0 0.000000 0.000000
38 19.25 0 0.000000 0.000000
39 19.75 0 0.000000 0.000000

0 0.25 344 27.307587 0.009171
1 0.75 310 27.603871 0.010699
2 1.25 279 29.543226 0.011749
3 1.75 289 30.927785 0.011646
4 2.25 284 32.275211 0.012615
5 2.75 270 33.677222 0.013942
6 3.25 280 37.680071 0.021306
7 3.75 280 42.206536 0.018801
8 4.25 261 37.217625 0.018871
9 4.75 278 31.273705 0.014522
10 5.25 277 25.675740 0.013966
11 5.75 267 20.712472 0.013519
12 6.25 282 14.963511 0.010632
13 6.75 259 9.402587 0.012883
14 7.25 259 0.091197 0.007566
15 7.75 216 -0.044213 0.010220
16 8.25 151 0.032980 0.016485
17 8.75 117 -0.246667 0.020480
18 9.25 66 -0.042273 0.048392
19 9.75 8 0.005000 1.070386
20 10.25 12 0.881667 0.584073
21 10.75 11 -0.486364 0.575103
22 11.25 1 1.080000 0.000000
23 11.75 12 0.249167 0.355357
24 12.25 2 1.170000 6.805975
25 12.75 10 -0.168000 0.121916
26 13.25 0 0.000000 0.000000
27 13.75 0 0.000000 0.000000
28 14.25 0 0.000000 0.000000
29 14.75 0 0.000000 0.000000
30 15.25 0 0.000000 0.000000
31 15.75 0 0.000000 0.000000
32 16.25 0 0.000000 0.000000
33 16.75 0 0.000000 0.000000
34 17.25 0 0.000000 0.000000
35 17.75 0 0.000000 0.000000
36 18.25 0 0.000000 0.000000
37 18.75 0 0.000000 0.000000
38 19.25 0 0.000000 0.000000
39 19.75 0 0.000000 0.000000

0 0.25 314 27.166592 0.010690
1 0.75 310 27.523806 0.011180
2 1.25 281 29.005872 0.012062
3 1.75 290 30.710276 0.011376
4 2.25 283 32.568375 0.012570
5 2.75 253 33.722806 0.015120
6 3.25 257 37.751401 0.024106
7 3.75 263 42.390342 0.020831
8 4.25 263 36.974563 0.018114
9 4.75 281 31.460783 0.015484
10 5.25 266 26.183008 0.014895
11 5.75 264 20.418295 0.013200
12 6.25 270 14.950926 0.011515
13 6.75 250 9.648720 0.013828
14 7.25 246 0.012683 0.007923
15 7.75 191 -0.234764 0.011792
16 8.25 118 0.010593 0.021245
17 8.75 81 -0.130000 0.036686
18 9.25 26 -0.642308 0.201158
19 9.75 12 0.135833 0.542839
20 10.25 12 -0.195833 0.498342
21 10.75 0 0.000000 0.000000
22 11.25 12 -0.321667 0.388802
23 11.75 7 0.895714 0.625127
24 12.25 5 -0.026000 0.368026
25 12.75 0 0.000000 0.000000
26 13.25 0 0.000000 0.000000
27 13.75 0 0.000000 0.000000
28 14.25 0 0.000000 0.000000
29 14.75 0 0.000000 0.000000
30 15.25 0 0.000000 0.000000
31 15.75 0 0.000000 0.000000
32 16.25 0 0.000000 0.000000
33 16.75 0 0.000000 0.000000
34 17.25 0 0.000000 0.000000
35 17.75 0 0.000000 0.000000
36 18.25 0 0.000000 0.000000
37 18.75 0 0.000000 0.000000
38 19.25 0 0.000000 0.000000
39 19.75 0 0.000000 0.000000

0 0.25 288 27.168472 0.011183
1 0.75 311 27.378232 0.011217
2 1.25 283 29.001237 0.011680
3 1.75 291 30.833436 0.011339
4 2.25 268 32.453097 0.013504
5 2.75 241 34.070000 0.015826
6 3.25 259 37.507490 0.022656
7 3.75 258 42.457829 0.021768
8 4.25 267 36.867079 0.016234
9 4.75 268 31.104552 0.014958
10 5.25 240 26.058000 0.017067
11 5.75 258 20.609884 0.013336
12 6.25 259 15.039614 0.012371
13 6.75 256 9.677578 0.012748
14 7.25 208 -0.039231 0.010281
15 7.75 138 0.018188 0.017109
16 8.25 98 -0.022347 0.026868
17 8.75 55 0.051091 0.060441
18 9.25 1 0.860000 0.000000
19 9.75 12 0.148333 0.520999
20 10.25 0 0.000000 0.000000
21 10.75 12 0.821667 0.349256
22 11.25 10 0.232000 0.386956
23 11.75 2 1.395000 0.024749
24 12.25 0 0.000000 0.000000
25 12.75 0 0.000000 0.000000
26 13.25 0 0.000000 0.000000
27 13.75 0 0.000000 0.000000
28 14.25 0 0.000000 0.000000
29 14.75 0 0.000000 0.000000
30 15.25 0 0.000000 0.000000
31 15.75 0 0.000000 0.000000
32 16.25 0 0.000000 0.000000
33 16.75 0 0.000000 0.000000
34 17.25 0 0.000000 0.000000
35 17.75 0 0.000000 0.000000
36 18.25 0 0.000000 0.000000
37 18.75 0 0.000000 0.000000
38 19.25 0 0.000000 0.000000
39 19.75 0 0.000000 0.000000

0 0.25 283 27.039929 0.011283
1 0.75 290 27.397655 0.012780
2 1.25 283 28.888198 0.010700
3 1.75 294 31.037143 0.011404
4 2.25 231 32.376104 0.017003
5 2.75 247 33.705223 0.015813
6 3.25 262 37.480458 0.023779
7 3.75 259 42.434981 0.019322
8 4.25 260 36.605692 0.017177
9 4.75 239 30.994184 0.018159
10 5.25 246 26.139919 0.016006
11 5.75 256 20.435312 0.013341
12 6.25 253 15.011146 0.011795
13 6.75 242 9.436281 0.013507
14 7.25 227 0.128150 0.008720
15 7.75 172 0.102326 0.012952
16 8.25 130 0.116308 0.018115
17 8.75 60 -0.324500 0.054326
18 9.25 27 0.074074 0.164280
19 9.75 5 -0.122000 2.269735
20 10.25 5 -0.546000 2.000321
21 10.75 9 -0.194444 0.684689
22 11.25 0 0.000000 0.000000
23 11.75 9 -0.517778 0.270594
24 12.25 0 0.000000 0.000000
25 12.75 0 0.000000 0.000000
26 13.25 0 0.000000 0.000000
27 13.75 0 0.000000 0.000000
28 14.25 0 0.000000 0.000000
29 14.75 0 0.000000 0.000000
30 15.25 0 0.000000 0.000000
31 15.75 0 0.000000 0.000000
32 16.25 0 0.000000 0.000000
33 16.75 0 0.000000 0.000000
34 17.25 0 0.000000 0.000000
35 17.75 0 0.000000 0.000000
36 18.25 0 0.000000 0.000000
37 18.75 0 0.000000 0.000000
38 19.25 0 0.000000 0.000000
39 19.75 0 0.000000 0.000000

0 0.25 285 27.334632 0.011741
1 0.75 285 27.370807 0.012081
2 1.25 274 29.037080 0.010667
3 1.75 265 30.780151 0.013756
4 2.25 217 32.564101 0.018358
5 2.75 249 33.756466 0.014105
6 3.25 259 37.139575 0.025523
7 3.75 257 41.822335 0.018346
8 4.25 234 37.078632 0.020093
9 4.75 237 31.795823 0.019694
10 5.25 257 25.988016 0.015310
11 5.75 259 20.227722 0.013860
12 6.25 230 15.007826 0.013614
13 6.75 241 9.659170 0.013097
14 7.25 192 0.031458 0.011209
15 7.75 144 0.011181 0.016026
16 8.25 74 0.037027 0.044176
17 8.75 33 0.556667 0.117578
18 9.25 9 0.410000 0.849123
19 9.75 0 0.000000 0.000000
20 10.25 10 0.220000 0.580713
21 10.75 0 0.000000 0.000000
22 11.25 10 0.156000 0.160073
23 11.75 0 0.000000 0.000000
24 12.25 0 0.000000 0.000000
25 12.75 0 0.000000 0.000000
26 13.25 0 0.000000 0.000000
27 13.75 0 0.000000 0.000000
28 14.25 0 0.000000 0.000000
29 14.75 0 0.000000 0.000000
30 15.25 0 0.000000 0.000000
31 15.75 0 0.000000 0.000000
32 16.25 0 0.000000 0.000000
33 16.75 0 0.000000 0.000000
34 17.25 0 0.000000 0.000000
35 17.75 0 0.000000 0.000000
36 18.25 0 0.000000 0.000000
37 18.75 0 0.000000 0.000000
38 19.25 0 0.000000 0.000000
39 19.75 0 0.000000 0.000000

0 0.25 284 27.187923 0.012253
1 0.75 284 27.580880 0.011821
2 1.25 275 29.258436 0.009801
3 1.75 235 30.751064 0.015552
4 2.25 219 32.025936 0.018338
5 2.75 247 33.879271 0.014504
6 3.25 252 37.570833 0.026102
7 3.75 236 42.338517 0.019861
8 4.25 235 36.909872 0.019728
9 4.75 237 31.540844 0.018288
10 5.25 255 25.876431 0.014312
11 5.75 220 20.111364 0.016150
12 6.25 237 15.105401 0.013442
13 6.75 240 9.467458 0.013136
14 7.25 217 0.073963 0.009826
15 7.75 154 -0.023896 0.014387
16 8.25 102 -0.075784 0.024682
17 8.75 69 0.175652 0.040432
18 9.25 0 0.000000 0.000000
19 9.75 10 -0.121000 0.680817
20 10.25 9 0.600000 0.759635
21 10.75 2 1.700000 8.980014
22 11.25 11 -0.388182 0.270521
23 11.75 0 0.000000 0.000000
24 12.25 0 0.000000 0.000000
25 12.75 0 0.000000 0.000000
26 13.25 0 0.000000 0.000000
27 13.75 0 0.000000 0.000000
28 14.25 0 0.000000 0.000000
29 14.75 0 0.000000 0.000000
30 15.25 0 0.000000 0.000000
31 15.75 0 0.000000 0.000000
32 16.25 0 0.000000 0.000000
33 16.75 0 0.000000 0.000000
34 17.25 0 0.000000 0.000000
35 17.75 0 0.000000 0.000000
36 18.25 0 0.000000 0.000000
37 18.75 0 0.000000 0.000000
38 19.25 0 0.000000 0.000000
39 19.75 0 0.000000 0.000000

0 0.25 286 27.024650 0.011604
1 0.75 277 27.474404 0.012985
2 1.25 286 29.472517 0.008650
3 1.75 204 30.580686 0.018618
4 2.25 218 32.069771 0.016254
5 2.75 250 33.596880 0.015004
6 3.25 238 38.415294 0.025088
7 3.75 218 42.122706 0.023375
8 4.25 233 37.175193 0.022148
9 4.75 240 31.452333 0.019236
10 5.25 226 25.805398 0.017398
11 5.75 217 20.716129 0.016771
12 6.25 238 15.278529 0.014033
13 6.75 228 9.651140 0.014054
14 7.25 229 -0.036812 0.009214
15 7.75 184 -0.052337 0.011305
16 8.25 138 -0.068986 0.015393
17 8.75 75 0.151733 0.039179
18 9.25 27 0.022593 0.163802
19 9.75 9 0.197778 0.819922
20 10.25 0 0.000000 0.000000
21 10.75 10 0.154000 0.474774
22 11.25 0 0.000000 0.000000
23 11.75 11 -0.405455 0.194451
24 12.25 0 0.000000 0.000000
25 12.75 0 0.000000 0.000000
26 13.25 0 0.000000 0.000000
27 13.75 0 0.000000 0.000000
28 14.25 0 0.000000 0.000000
29 14.75 0 0.000000 0.000000
30 15.25 0 0.000000 0.000000
31 15.75 0 0.000000 0.000000
32 16.25 0 0.000000 0.000000
33 16.75 0 0.000000 0.000000
34 17.25 0 0.000000 0.000000
35 17.75 0 0.000000 0.000000
36 18.25 0 0.000000 0.000000
37 18.75 0 0.000000 0.000000
38 19.25 0 0.000000 0.000000
39 19.75 0 0.000000 0.000000

