# convective Vertical Profile Reflectivity (VPR) with Standard Deviation
# Format: bin_index bin_center_height_km point_count avg_reflectivity_dBZ std_deviation_dBZ
# Height bins: 0-20 km in 0.5 km increments
# Bins 0-39: convective
# Standard deviation is sample standard deviation (dividing by n-1)
#
0 0.25 303 26.987756 0.010606
1 0.75 329 27.476413 0.009846
2 1.25 310 29.294548 0.009024
3 1.75 307 31.243844 0.010651
4 2.25 259 32.631506 0.014218
5 2.75 264 34.299129 0.013356
6 3.25 277 39.818267 0.020724
7 3.75 284 40.583451 0.018227
8 4.25 278 34.752446 0.015554
9 4.75 263 29.522928 0.016958
10 5.25 268 24.788060 0.014156
11 5.75 274 19.647920 0.012314
12 6.25 280 14.570464 0.011082
13 6.75 262 9.151603 0.012451
14 7.25 267 -0.104045 0.007143
15 7.75 225 -0.163022 0.008994
16 8.25 175 -0.076114 0.011564
17 8.75 117 0.176410 0.020464
18 9.25 72 0.243333 0.041395
19 9.75 31 -0.152258 0.119792
20 10.25 0 0.000000 0.000000
21 10.75 0 0.000000 0.000000
22 11.25 0 0.000000 0.000000
23 11.75 0 0.000000 0.000000
24 12.25 0 0.000000 0.000000
25 12.75 0 0.000000 0.000000
26 13.25 0 0.000000 0.000000
27 13.75 0 0.000000 0.000000
28 14.25 0 0.000000 0.000000
29 14.75 0 0.000000 0.000000
30 15.25 0 0.000000 0.000000
31 15.75 0 0.000000 0.000000
32 16.25 0 0.000000 0.000000
33 16.75 0 0.000000 0.000000
34 17.25 0 0.000000 0.000000
35 17.75 0 0.000000 0.000000
36 18.25 0 0.000000 0.000000
37 18.75 0 0.000000 0.000000
38 19.25 0 0.000000 0.000000
39 19.75 0 0.000000 0.000000

0 0.25 330 27.096909 0.009587
1 0.75 329 27.509301 0.009137
2 1.25 310 29.300000 0.010232
3 1.75 308 31.183961 0.010867
4 2.25 286 32.822308 0.012942
5 2.75 264 34.279583 0.013562
6 3.25 277 39.690830 0.021272
7 3.75 285 40.998702 0.017316
8 4.25 286 35.035490 0.013829
9 4.75 290 29.541379 0.014326
10 5.25 271 24.678118 0.013617
11 5.75 277 19.751913 0.011746
12 6.25 286 14.562028 0.010972
13 6.75 280 9.120857 0.011162
14 7.25 258 0.008953 0.007665
15 7.75 196 -0.065969 0.010813
16 8.25 147 0.039252 0.014583
17 8.75 103 0.091262 0.023313
18 9.25 57 -0.336491 0.054118
19 9.75 3 0.610000 5.228623
20 10.25 0 0.000000 0.000000
21 10.75 0 0.000000 0.000000
22 11.25 0 0.000000 0.000000
23 11.75 0 0.000000 0.000000
24 12.25 0 0.000000 0.000000
25 12.75 0 0.000000 0.000000
26 13.25 0 0.000000 0.000000
27 13.75 0 0.000000 0.000000
28 14.25 0 0.000000 0.000000
29 14.75 0 0.000000 0.000000
30 15.25 0 0.000000 0.000000
31 15.75 0 0.000000 0.000000
32 16.25 0 0.000000 0.000000
33 16.75 0 0.000000 0.000000
34 17.25 0 0.000000 0.000000
35 17.75 0 0.000000 0.000000
36 18.25 0 0.000000 0.000000
37 18.75 0 0.000000 0.000000
38 19.25 0 0.000000 0.000000
39 19.75 0 0.000000 0.000000

0 0.25 357 27.207591 0.008633
1 0.75 329 27.706657 0.009346
2 1.25 310 29.232871 0.010554
3 1.75 308 31.004643 0.009962
4 2.25 302 32.926523 0.011270
5 2.75 275 34.418545 0.014549
6 3.25 282 39.691986 0.021454
7 3.75 299 40.590268 0.016900
8 4.25 292 34.952534 0.014506
9 4.75 298 29.711510 0.013466
10 5.25 293 24.467270 0.012635
11 5.75 278 19.445468 0.012910
12 6.25 287 14.502021 0.010630
13 6.75 280 9.490250 0.011650
14 7.25 290 -0.043724 0.006611
15 7.75 240 -0.018833 0.008240
16 8.25 174 -0.228563 0.013557
17 8.75 130 0.006231 0.017487
18 9.25 87 -0.129195 0.032297
19 9.75 47 -0.193830 0.076901
20 10.25 0 0.000000 0.000000
21 10.75 0 0.000000 0.000000
22 11.25 0 0.000000 0.000000
23 11.75 0 0.000000 0.000000
24 12.25 0 0.000000 0.000000
25 12.75 0 0.000000 0.000000
26 13.25 0 0.000000 0.000000
27 13.75 0 0.000000 0.000000
28 14.25 0 0.000000 0.000000
29 14.75 0 0.000000 0.000000
30 15.25 0 0.000000 0.000000
31 15.75 0 0.000000 0.000000
32 16.25 0 0.000000 0.000000
33 16.75 0 0.000000 0.000000
34 17.25 0 0.000000 0.000000
35 17.75 0 0.000000 0.000000
36 18.25 0 0.000000 0.000000
37 18.75 0 0.000000 0.000000
38 19.25 0 0.000000 0.000000
39 19.75 0 0.000000 0.000000

0 0.25 382 27.131283 0.008085
1 0.75 329 27.558267 0.010132
2 1.25 311 29.311318 0.010582
3 1.75 308 30.931948 0.010870
4 2.25 303 32.899340 0.012155
5 2.75 320 34.530969 0.011022
6 3.25 290 40.435793 0.021383
7 3.75 298 40.507919 0.017720
8 4.25 293 34.755802 0.015001
9 4.75 299 29.697993 0.012648
10 5.25 300 24.757400 0.012649
11 5.75 305 19.566197 0.010671
12 6.25 295 14.403254 0.010349
13 6.75 287 9.479547 0.009995
14 7.25 296 0.008885 0.007078
15 7.75 267 0.180150 0.006976
16 8.25 214 0.220514 0.009594
17 8.75 162 -0.206728 0.013357
18 9.25 111 0.039820 0.022704
19 9.75 68 -0.161176 0.042484
20 10.25 34 0.144412 0.111989
21 10.75 0 0.000000 0.000000
22 11.25 0 0.000000 0.000000
23 11.75 0 0.000000 0.000000
24 12.25 0 0.000000 0.000000
25 12.75 0 0.000000 0.000000
26 13.25 0 0.000000 0.000000
27 13.75 0 0.000000 0.000000
28 14.25 0 0.000000 0.000000
29 14.75 0 0.000000 0.000000
30 15.25 0 0.000000 0.000000
31 15.75 0 0.000000 0.000000
32 16.25 0 0.000000 0.000000
33 16.75 0 0.000000 0.000000
34 17.25 0 0.000000 0.000000
35 17.75 0 0.000000 0.000000
36 18.25 0 0.000000 0.000000
37 18.75 0 0.000000 0.000000
38 19.25 0 0.000000 0.000000
39 19.75 0 0.000000 0.000000

0 0.25 408 26.995147 0.007581
1 0.75 329 27.678815 0.010106
2 1.25 311 29.477717 0.011058
3 1.75 308 31.054578 0.010812
4 2.25 327 32.882477 0.011018
5 2.75 322 34.419720 0.011430
6 3.25 316 40.593070 0.018885
7 3.75 299 40.332876 0.018126
8 4.25 303 34.749670 0.015243
9 4.75 309 29.893528 0.013153
10 5.25 308 24.776071 0.012083
11 5.75 305 19.690852 0.011254
12 6.25 309 14.469838 0.010069
13 6.75 303 9.295611 0.010370
14 7.25 294 0.064490 0.006365
15 7.75 241 -0.099793 0.008394
16 8.25 188 -0.261968 0.011919
17 8.75 141 -0.159291 0.014977
18 9.25 99 0.145152 0.026035
19 9.75 48 -0.096875 0.071637
20 10.25 8 -0.545000 0.956987
21 10.75 0 0.000000 0.000000
22 11.25 0 0.000000 0.000000
23 11.75 0 0.000000 0.000000
24 12.25 0 0.000000 0.000000
25 12.75 0 0.000000 0.000000
26 13.25 0 0.000000 0.000000
27 13.75 0 0.000000 0.000000
28 14.25 0 0.000000 0.000000
29 14.75 0 0.000000 0.000000
30 15.25 0 0.000000 0.000000
31 15.75 0 0.000000 0.000000
32 16.25 0 0.000000 0.000000
33 16.75 0 0.000000 0.000000
34 17.25 0 0.000000 0.000000
35 17.75 0 0.000000 0.000000
36 18.25 0 0.000000 0.000000
37 18.75 0 0.000000 0.000000
38 19.25 0 0.000000 0.000000
39 19.75 0 0.000000 0.000000

0 0.25 433 27.092333 0.007066
1 0.75 329 27.600608 0.010071
2 1.25 311 29.674695 0.010879
3 1.75 328 31.027043 0.009938
4 2.25 331 32.518520 0.010027
5 2.75 321 34.600810 0.011775
6 3.25 316 39.891044 0.019062
7 3.75 335 40.585731 0.014237
8 4.25 316 34.429430 0.015237
9 4.75 308 29.740682 0.013653
10 5.25 311 24.609968 0.011794
11 5.75 315 19.706413 0.010435
12 6.25 318 14.432107 0.009779
13 6.75 311 9.265273 0.010097
14 7.25 316 0.118101 0.006368
15 7.75 273 -0.037399 0.007215
16 8.25 211 -0.035687 0.010402
17 8.75 164 0.009024 0.013791
18 9.25 121 0.052314 0.018897
19 9.75 78 0.236795 0.036748
20 10.25 42 -0.101905 0.082902
21 10.75 0 0.000000 0.000000
22 11.25 0 0.000000 0.000000
23 11.75 0 0.000000 0.000000
24 12.25 0 0.000000 0.000000
25 12.75 0 0.000000 0.000000
26 13.25 0 0.000000 0.000000
27 13.75 0 0.000000 0.000000
28 14.25 0 0.000000 0.000000
29 14.75 0 0.000000 0.000000
30 15.25 0 0.000000 0.000000
31 15.75 0 0.000000 0.000000
32 16.25 0 0.000000 0.000000
33 16.75 0 0.000000 0.000000
34 17.25 0 0.000000 0.000000
35 17.75 0 0.000000 0.000000
36 18.25 0 0.000000 0.000000
37 18.75 0 0.000000 0.000000
38 19.25 0 0.000000 0.000000
39 19.75 0 0.000000 0.000000

0 0.25 456 27.086075 0.006633
1 0.75 329 27.808116 0.010088
2 1.25 311 29.379325 0.011203
3 1.75 351 31.066895 0.009472
4 2.25 332 32.721265 0.010178
5 2.75 322 34.148385 0.011179
6 3.25 339 39.462065 0.017004
7 3.75 336 40.825149 0.014108
8 4.25 323 34.846997 0.014322
9 4.75 338 29.830858 0.011549
10 5.25 323 24.773808 0.011228
11 5.75 315 19.484984 0.010925
12 6.25 320 14.570094 0.009940
13 6.75 320 9.369031 0.009864
14 7.25 324 -0.014043 0.005894
15 7.75 294 -0.042925 0.006588
16 8.25 241 -0.109419 0.007838
17 8.75 199 0.072462 0.010616
18 9.25 144 0.302431 0.016254
19 9.75 99 -0.186667 0.026119
20 10.25 62 -0.062419 0.047924
21 10.75 26 0.289231 0.148959
22 11.25 0 0.000000 0.000000
23 11.75 0 0.000000 0.000000
24 12.25 0 0.000000 0.000000
25 12.75 0 0.000000 0.000000
26 13.25 0 0.000000 0.000000
27 13.75 0 0.000000 0.000000
28 14.25 0 0.000000 0.000000
29 14.75 0 0.000000 0.000000
30 15.25 0 0.000000 0.000000
31 15.75 0 0.000000 0.000000
32 16.25 0 0.000000 0.000000
33 16.75 0 0.000000 0.000000
34 17.25 0 0.000000 0.000000
35 17.75 0 0.000000 0.000000
36 18.25 0 0.000000 0.000000
37 18.75 0 0.000000 0.000000
38 19.25 0 0.000000 0.000000
39 19.75 0 0.000000 0.000000

0 0.25 479 27.109248 0.006050
1 0.75 328 27.981616 0.009954
2 1.25 333 29.499940 0.010714
3 1.75 353 30.949037 0.009446
4 2.25 330 32.560030 0.011002
5 2.75 346 34.399017 0.010445
6 3.25 338 39.596065 0.017110
7 3.75 340 40.778588 0.015053
8 4.25 343 34.856560 0.012414
9 4.75 339 29.937050 0.012754
10 5.25 333 24.600120 0.011215
11 5.75 337 19.646053 0.010001
12 6.25 336 14.514226 0.009511
13 6.75 322 9.125590 0.010388
14 7.25 327 -0.067401 0.005956
15 7.75 286 0.030909 0.006314
16 8.25 232 -0.097457 0.008198
17 8.75 190 0.134895 0.010566
18 9.25 140 -0.188714 0.017699
19 9.75 101 0.049109 0.024260
20 10.25 59 0.319661 0.048525
21 10.75 17 -0.320588 0.314745
22 11.25 2 1.545000 12.810665
23 11.75 0 0.000000 0.000000
24 12.25 0 0.000000 0.000000
25 12.75 0 0.000000 0.000000
26 13.25 0 0.000000 0.000000
27 13.75 0 0.000000 0.000000
28 14.25 0 0.000000 0.000000
29 14.75 0 0.000000 0.000000
30 15.25 0 0.000000 0.000000
31 15.75 0 0.000000 0.000000
32 16.25 0 0.000000 0.000000
33 16.75 0 0.000000 0.000000
34 17.25 0 0.000000 0.000000
35 17.75 0 0.000000 0.000000
36 18.25 0 0.000000 0.000000
37 18.75 0 0.000000 0.000000
38 19.25 0 0.000000 0.000000
39 19.75 0 0.000000 0.000000

0 0.25 501 27.049641 0.005952
1 0.75 329 27.903951 0.010242
2 1.25 355 29.531606 0.009380
3 1.75 352 31.104943 0.009584
4 2.25 348 32.889368 0.010188
5 2.75 351 34.345043 0.010689
6 3.25 343 39.748163 0.017668
7 3.75 358 40.876872 0.014193
8 4.25 343 34.774519 0.013036
9 4.75 349 29.548223 0.011630
10 5.25 347 24.731873 0.010583
11 5.75 338 19.762899 0.009308
12 6.25 347 14.670836 0.009073
13 6.75 343 9.194956 0.009672
14 7.25 340 -0.038647 0.005786
15 7.75 298 -0.026913 0.006253
16 8.25 240 -0.040417 0.008517
17 8.75 197 -0.005127 0.010800
18 9.25 145 -0.000414 0.014486
19 9.75 109 -0.058532 0.020760
20 10.25 66 0.219545 0.046969
21 10.75 30 0.220333 0.126175
22 11.25 0 0.000000 0.000000
23 11.75 0 0.000000 0.000000
24 12.25 0 0.000000 0.000000
25 12.75 0 0.000000 0.000000
26 13.25 0 0.000000 0.000000
27 13.75 0 0.000000 0.000000
28 14.25 0 0.000000 0.000000
29 14.75 0 0.000000 0.000000
30 15.25 0 0.000000 0.000000
31 15.75 0 0.000000 0.000000
32 16.25 0 0.000000 0.000000
33 16.75 0 0.000000 0.000000
34 17.25 0 0.000000 0.000000
35 17.75 0 0.000000 0.000000
36 18.25 0 0.000000 0.000000
37 18.75 0 0.000000 0.000000
38 19.25 0 0.000000 0.000000
39 19.75 0 0.000000 0.000000

0 0.25 521 27.091382 0.005704
1 0.75 329 27.980699 0.010576
2 1.25 375 29.650320 0.008906
3 1.75 353 31.087564 0.010098
4 2.25 368 33.023071 0.009422
5 2.75 351 34.136695 0.009818
6 3.25 363 40.005923 0.016499
7 3.75 359 40.470251 0.014229
8 4.25 358 34.970531 0.012109
9 4.75 355 29.497746 0.011199
10 5.25 351 24.703191 0.010528
11 5.75 353 19.571048 0.009613
12 6.25 350 14.546514 0.008807
13 6.75 352 9.346222 0.009496
14 7.25 348 0.085603 0.005428
15 7.75 319 0.009060 0.005872
16 8.25 266 0.089586 0.007257
17 8.75 223 0.032691 0.009155
18 9.25 174 -0.032529 0.012685
19 9.75 129 0.050853 0.018267
20 10.25 86 -0.043488 0.030582
21 10.75 50 0.036200 0.064211
22 11.25 14 -0.000714 0.354267
23 11.75 0 0.000000 0.000000
24 12.25 0 0.000000 0.000000
25 12.75 0 0.000000 0.000000
26 13.25 0 0.000000 0.000000
27 13.75 0 0.000000 0.000000
28 14.25 0 0.000000 0.000000
29 14.75 0 0.000000 0.000000
30 15.25 0 0.000000 0.000000
31 15.75 0 0.000000 0.000000
32 16.25 0 0.000000 0.000000
33 16.75 0 0.000000 0.000000
34 17.25 0 0.000000 0.000000
35 17.75 0 0.000000 0.000000
36 18.25 0 0.000000 0.000000
37 18.75 0 0.000000 0.000000
38 19.25 0 0.000000 0.000000
39 19.75 0 0.000000 0.000000

0 0.25 540 27.126093 0.005541
1 0.75 341 28.195689 0.009697
2 1.25 383 29.476371 0.008586
3 1.75 368 31.114484 0.009784
4 2.25 373 32.635952 0.009362
5 2.75 366 34.620765 0.009705
6 3.25 368 40.227663 0.016676
7 3.75 372 40.315645 0.014258
8 4.25 365 34.646219 0.012441
9 4.75 365 29.653589 0.011552
10 5.25 362 24.455884 0.010313
11 5.75 355 19.612676 0.009700
12 6.25 364 14.614670 0.008190
13 6.75 356 9.166685 0.009307
14 7.25 355 -0.167549 0.005129
15 7.75 338 -0.050799 0.005515
16 8.25 289 0.009412 0.006488
17 8.75 242 0.036074 0.008211
18 9.25 193 -0.239637 0.011787
19 9.75 151 -0.074040 0.013516
20 10.25 114 0.138509 0.021451
21 10.75 75 0.024800 0.036871
22 11.25 39 -0.399231 0.089124
23 11.75 1 -0.810000 0.000000
24 12.25 0 0.000000 0.000000
25 12.75 0 0.000000 0.000000
26 13.25 0 0.000000 0.000000
27 13.75 0 0.000000 0.000000
28 14.25 0 0.000000 0.000000
29 14.75 0 0.000000 0.000000
30 15.25 0 0.000000 0.000000
31 15.75 0 0.000000 0.000000
32 16.25 0 0.000000 0.000000
33 16.75 0 0.000000 0.000000
34 17.25 0 0.000000 0.000000
35 17.75 0 0.000000 0.000000
36 18.25 0 0.000000 0.000000
37 18.75 0 0.000000 0.000000
38 19.25 0 0.000000 0.000000
39 19.75 0 0.000000 0.000000

0 0.25 558 27.144462 0.005340
1 0.75 359 27.855571 0.008901
2 1.25 382 29.557016 0.007850
3 1.75 379 31.006042 0.009148
4 2.25 371 32.865472 0.009140
5 2.75 383 34.348747 0.009259
6 3.25 372 40.056747 0.015963
7 3.75 383 40.585222 0.013296
8 4.25 377 34.682149 0.012547
9 4.75 374 29.696497 0.011465
10 5.25 371 24.493881 0.009512
11 5.75 368 19.471576 0.008928
12 6.25 372 14.418978 0.008414
13 6.75 369 9.121436 0.009011
14 7.25 362 -0.033122 0.005333
15 7.75 359 -0.065209 0.004899
16 8.25 306 0.076993 0.006167
17 8.75 262 0.037137 0.007282
18 9.25 214 0.041262 0.009062
19 9.75 170 0.100235 0.011959
20 10.25 131 -0.013588 0.017386
21 10.75 94 -0.112234 0.027161
22 11.25 59 0.188983 0.045743
23 11.75 23 -0.327826 0.186564
24 12.25 0 0.000000 0.000000
25 12.75 0 0.000000 0.000000
26 13.25 0 0.000000 0.000000
27 13.75 0 0.000000 0.000000
28 14.25 0 0.000000 0.000000
29 14.75 0 0.000000 0.000000
30 15.25 0 0.000000 0.000000
31 15.75 0 0.000000 0.000000
32 16.25 0 0.000000 0.000000
33 16.75 0 0.000000 0.000000
34 17.25 0 0.000000 0.000000
35 17.75 0 0.000000 0.000000
36 18.25 0 0.000000 0.000000
37 18.75 0 0.000000 0.000000
38 19.25 0 0.000000 0.000000
39 19.75 0 0.000000 0.000000

0 0.25 575 26.742087 0.005153
1 0.75 371 27.833989 0.008631
2 1.25 371 29.480027 0.009076
3 1.75 394 31.098503 0.008737
4 2.25 386 33.175648 0.009281
5 2.75 385 34.479896 0.009259
6 3.25 389 40.212545 0.015769
7 3.75 386 40.842746 0.012542
8 4.25 390 34.839564 0.011148
9 4.75 380 30.146500 0.010089
10 5.25 385 25.251403 0.009331
11 5.75 375 20.464587 0.008331
12 6.25 384 15.671042 0.007877
13 6.75 372 10.725618 0.008609
14 7.25 373 1.994102 0.011188
15 7.75 371 -0.117116 0.004955
16 8.25 326 0.104724 0.006082
17 8.75 286 -0.014895 0.006621
18 9.25 235 0.008638 0.008144
19 9.75 194 0.080000 0.010604
20 10.25 155 0.176581 0.014159
21 10.75 114 0.127544 0.020023
22 11.25 77 0.270649 0.034364
23 11.75 41 0.134878 0.088315
24 12.25 13 0.323846 0.451607
25 12.75 0 0.000000 0.000000
26 13.25 0 0.000000 0.000000
27 13.75 0 0.000000 0.000000
28 14.25 0 0.000000 0.000000
29 14.75 0 0.000000 0.000000
30 15.25 0 0.000000 0.000000
31 15.75 0 0.000000 0.000000
32 16.25 0 0.000000 0.000000
33 16.75 0 0.000000 0.000000
34 17.25 0 0.000000 0.000000
35 17.75 0 0.000000 0.000000
36 18.25 0 0.000000 0.000000
37 18.75 0 0.000000 0.000000
38 19.25 0 0.000000 0.000000
39 19.75 0 0.000000 0.000000

0 0.25 590 26.600814 0.004909
1 0.75 371 27.869164 0.008564
2 1.25 381 29.575591 0.008676
3 1.75 400 31.262300 0.008771
4 2.25 401 33.281870 0.009128
5 2.75 390 35.057282 0.010111
6 3.25 398 40.163894 0.014603
7 3.75 402 41.117289 0.012021
8 4.25 392 35.296429 0.010950
9 4.75 394 30.627817 0.009958
10 5.25 391 25.914859 0.009117
11 5.75 385 21.227766 0.008811
12 6.25 390 16.770333 0.008930
13 6.75 383 12.281253 0.010048
14 7.25 376 5.171596 0.016136
15 7.75 383 0.008251 0.004825
16 8.25 347 0.031758 0.005224
17 8.75 307 0.039186 0.006292
18 9.25 254 0.003583 0.007437
19 9.75 212 0.093349 0.009421
20 10.25 175 0.024457 0.011927
21 10.75 136 0.062794 0.015936
22 11.25 101 -0.073168 0.025180
23 11.75 68 0.124706 0.037604
24 12.25 33 -0.156970 0.110131
25 12.75 1 -1.410000 0.000000
26 13.25 0 0.000000 0.000000
27 13.75 0 0.000000 0.000000
28 14.25 0 0.000000 0.000000
29 14.75 0 0.000000 0.000000
30 15.25 0 0.000000 0.000000
31 15.75 0 0.000000 0.000000
32 16.25 0 0.000000 0.000000
33 16.75 0 0.000000 0.000000
34 17.25 0 0.000000 0.000000
35 17.75 0 0.000000 0.000000
36 18.25 0 0.000000 0.000000
37 18.75 0 0.000000 0.000000
38 19.25 0 0.000000 0.000000
39 19.75 0 0.000000 0.000000

0 0.25 599 26.646828 0.004683
1 0.75 375 27.213733 0.008730
2 1.25 394 29.341091 0.008688
3 1.75 400 31.365975 0.008877
4 2.25 415 33.158024 0.008806
5 2.75 404 35.515223 0.009570
6 3.25 403 40.009653 0.014329
7 3.75 411 41.008929 0.011621
8 4.25 406 35.149089 0.009954
9 4.75 395 30.939747 0.009248
10 5.25 403 26.504045 0.009081
11 5.75 389 22.155835 0.009103
12 6.25 400 17.717675 0.008837
13 6.75 390 13.283282 0.011136
14 7.25 386 8.562902 0.020128
15 7.75 387 0.002041 0.004670
16 8.25 366 0.008962 0.004685
17 8.75 326 -0.036135 0.005305
18 9.25 277 -0.043935 0.006550
19 9.75 231 0.180909 0.008739
20 10.25 194 0.010876 0.010330
21 10.75 158 0.005000 0.013376
22 11.25 119 0.064286 0.017832
23 11.75 87 -0.114828 0.029375
24 12.25 55 0.308909 0.055370
25 12.75 23 0.705217 0.192037
26 13.25 0 0.000000 0.000000
27 13.75 0 0.000000 0.000000
28 14.25 0 0.000000 0.000000
29 14.75 0 0.000000 0.000000
30 15.25 0 0.000000 0.000000
31 15.75 0 0.000000 0.000000
32 16.25 0 0.000000 0.000000
33 16.75 0 0.000000 0.000000
34 17.25 0 0.000000 0.000000
35 17.75 0 0.000000 0.000000
36 18.25 0 0.000000 0.000000
37 18.75 0 0.000000 0.000000
38 19.25 0 0.000000 0.000000
39 19.75 0 0.000000 0.000000

0 0.25 600 26.171817 0.005010
1 0.75 385 27.152857 0.008423
2 1.25 404 29.209703 0.008309
3 1.75 408 31.371936 0.008408
4 2.25 417 33.594652 0.009259
5 2.75 416 35.793774 0.009832
6 3.25 414 40.516039 0.014751
7 3.75 414 41.765097 0.011939
8 4.25 415 35.475711 0.010276
9 4.75 407 31.133145 0.009044
10 5.25 404 26.857797 0.008897
11 5.75 400 22.760975 0.009327
12 6.25 404 18.752525 0.011090
13 6.75 397 14.455441 0.012461
14 7.25 391 10.172992 0.022228
15 7.75 394 1.946548 0.010549
16 8.25 380 0.004895 0.004678
17 8.75 346 0.078295 0.005150
18 9.25 300 -0.010667 0.005743
19 9.75 254 -0.001890 0.007718
20 10.25 215 0.039721 0.008760
21 10.75 180 -0.038111 0.011257
22 11.25 140 0.058429 0.016180
23 11.75 108 0.228611 0.021804
24 12.25 76 -0.171842 0.035582
25 12.75 44 0.021818 0.075522
26 13.25 16 0.073750 0.304750
27 13.75 0 0.000000 0.000000
28 14.25 0 0.000000 0.000000
29 14.75 0 0.000000 0.000000
30 15.25 0 0.000000 0.000000
31 15.75 0 0.000000 0.000000
32 16.25 0 0.000000 0.000000
33 16.75 0 0.000000 0.000000
34 17.25 0 0.000000 0.000000
35 17.75 0 0.000000 0.000000
36 18.25 0 0.000000 0.000000
37 18.75 0 0.000000 0.000000
38 19.25 0 0.000000 0.000000
39 19.75 0 0.000000 0.000000

0 0.25 600 25.993233 0.005187
1 0.75 395 27.025468 0.008353
2 1.25 413 29.084237 0.008423
3 1.75 419 31.330740 0.008025
4 2.25 420 33.767905 0.009312
5 2.75 422 35.931422 0.009807
6 3.25 423 40.184184 0.013755
7 3.75 425 41.568729 0.011944
8 4.25 416 35.402572 0.010777
9 4.75 417 31.296739 0.009212
10 5.25 414 27.668599 0.009035
11 5.75 402 23.384279 0.009902
12 6.25 409 19.377702 0.012037
13 6.75 400 15.545600 0.014164
14 7.25 399 11.503534 0.024144
15 7.75 396 4.956970 0.014531
16 8.25 391 -0.043939 0.004518
17 8.75 369 -0.006125 0.004990
18 9.25 320 -0.074219 0.005615
19 9.75 277 0.022166 0.006927
20 10.25 238 0.013403 0.007637
21 10.75 202 -0.132921 0.009263
22 11.25 166 0.196506 0.012965
23 11.75 129 -0.092868 0.016382
24 12.25 102 -0.074706 0.022428
25 12.75 66 0.074545 0.041522
26 13.25 35 0.067429 0.090085
27 13.75 10 -0.419000 0.604802
28 14.25 0 0.000000 0.000000
29 14.75 0 0.000000 0.000000
30 15.25 0 0.000000 0.000000
31 15.75 0 0.000000 0.000000
32 16.25 0 0.000000 0.000000
33 16.75 0 0.000000 0.000000
34 17.25 0 0.000000 0.000000
35 17.75 0 0.000000 0.000000
36 18.25 0 0.000000 0.000000
37 18.75 0 0.000000 0.000000
38 19.25 0 0.000000 0.000000
39 19.75 0 0.000000 0.000000

0 0.25 597 25.681357 0.005411
1 0.75 402 26.594876 0.008728
2 1.25 423 29.128322 0.007768
3 1.75 424 31.668962 0.008528
4 2.25 428 34.051776 0.009064
5 2.75 423 36.457400 0.010712
6 3.25 430 40.492256 0.013389
7 3.75 430 42.448791 0.011223
8 4.25 426 35.464601 0.010473
9 4.75 408 31.828701 0.009624
10 5.25 418 27.723158 0.009629
11 5.75 406 24.082463 0.011057
12 6.25 409 20.267090 0.013183
13 6.75 410 16.300341 0.015900
14 7.25 399 12.280075 0.026628
15 7.75 404 8.367970 0.016915
16 8.25 393 0.025980 0.004943
17 8.75 391 0.151483 0.004743
18 9.25 342 0.008743 0.005286
19 9.75 300 0.102133 0.005696
20 10.25 264 -0.037386 0.006699
21 10.75 225 -0.255956 0.008060
22 11.25 189 -0.106561 0.010716
23 11.75 150 -0.000267 0.013625
24 12.25 127 0.072598 0.016540
25 12.75 93 0.071398 0.026355
26 13.25 60 -0.190000 0.045100
27 13.75 34 -0.107647 0.091865
28 14.25 4 -0.312500 2.589484
29 14.75 0 0.000000 0.000000
30 15.25 0 0.000000 0.000000
31 15.75 0 0.000000 0.000000
32 16.25 0 0.000000 0.000000
33 16.75 0 0.000000 0.000000
34 17.25 0 0.000000 0.000000
35 17.75 0 0.000000 0.000000
36 18.25 0 0.000000 0.000000
37 18.75 0 0.000000 0.000000
38 19.25 0 0.000000 0.000000
39 19.75 0 0.000000 0.000000

0 0.25 600 25.699100 0.005379
1 0.75 408 26.350123 0.008624
2 1.25 427 28.690281 0.007678
3 1.75 430 31.490651 0.008188
4 2.25 433 34.156513 0.009090
5 2.75 429 36.491911 0.010257
6 3.25 432 40.971667 0.014106
7 3.75 436 42.523578 0.011222
8 4.25 429 35.886224 0.010326
9 4.75 413 31.987385 0.009683
10 5.25 419 28.163437 0.009565
11 5.75 413 24.572542 0.011586
12 6.25 417 21.034700 0.013996
13 6.75 411 17.135937 0.017481
14 7.25 405 13.494691 0.028895
15 7.75 403 9.785583 0.019727
16 8.25 399 1.960426 0.010319
17 8.75 398 0.071005 0.004351
18 9.25 366 0.006667 0.004644
19 9.75 324 0.063858 0.005334
20 10.25 288 -0.138056 0.005861
21 10.75 249 0.047189 0.007498
22 11.25 213 0.055164 0.008837
23 11.75 174 0.145287 0.010879
24 12.25 151 -0.204967 0.013622
25 12.75 117 0.068718 0.018865
26 13.25 85 0.096235 0.028577
27 13.75 61 -0.084098 0.042736
28 14.25 30 -0.213667 0.115971
29 14.75 3 -0.716667 4.638168
30 15.25 0 0.000000 0.000000
31 15.75 0 0.000000 0.000000
32 16.25 0 0.000000 0.000000
33 16.75 0 0.000000 0.000000
34 17.25 0 0.000000 0.000000
35 17.75 0 0.000000 0.000000
36 18.25 0 0.000000 0.000000
37 18.75 0 0.000000 0.000000
38 19.25 0 0.000000 0.000000
39 19.75 0 0.000000 0.000000

0 0.25 600 25.224433 0.005657
1 0.75 411 26.112092 0.008776
2 1.25 431 28.664872 0.008107
3 1.75 433 31.719954 0.008239
4 2.25 438 34.376164 0.009743
5 2.75 432 37.135671 0.011209
6 3.25 432 40.870856 0.014069
7 3.75 438 42.829886 0.011382
8 4.25 429 35.724242 0.010426
9 4.75 416 32.148678 0.009937
10 5.25 418 28.552225 0.010461
11 5.75 415 25.233928 0.013031
12 6.25 419 21.545585 0.015721
13 6.75 411 18.021922 0.019740
14 7.25 408 14.429853 0.029778
15 7.75 406 11.075443 0.021407
16 8.25 402 4.973806 0.013391
17 8.75 400 0.108775 0.004281
18 9.25 363 -0.021129 0.004843
19 9.75 321 0.083676 0.005624
20 10.25 285 -0.063965 0.006247
21 10.75 246 0.009472 0.007322
22 11.25 210 -0.067095 0.009208
23 11.75 171 -0.247135 0.011267
24 12.25 147 0.081837 0.013525
25 12.75 114 -0.174298 0.019474
26 13.25 82 0.106585 0.027249
27 13.75 57 -0.363509 0.052135
28 14.25 30 -0.161333 0.110728
29 14.75 0 0.000000 0.000000
30 15.25 0 0.000000 0.000000
31 15.75 0 0.000000 0.000000
32 16.25 0 0.000000 0.000000
33 16.75 0 0.000000 0.000000
34 17.25 0 0.000000 0.000000
35 17.75 0 0.000000 0.000000
36 18.25 0 0.000000 0.000000
37 18.75 0 0.000000 0.000000
38 19.25 0 0.000000 0.000000
39 19.75 0 0.000000 0.000000

0 0.25 596 25.109228 0.005884
1 0.75 411 25.566569 0.009438
2 1.25 432 28.709306 0.008315
3 1.75 435 31.556667 0.008536
4 2.25 437 34.400641 0.009819
5 2.75 435 37.388437 0.011827
6 3.25 429 41.257133 0.015004
7 3.75 441 42.961451 0.011387
8 4.25 426 36.081362 0.010643
9 4.75 418 31.924928 0.009168
10 5.25 423 28.747920 0.010571
11 5.75 417 25.156954 0.012653
12 6.25 420 21.972238 0.016187
13 6.75 409 18.512274 0.021123
14 7.25 411 15.267713 0.031756
15 7.75 405 11.845802 0.023810
16 8.25 403 8.048660 0.015821
17 8.75 399 0.003810 0.004537
18 9.25 390 -0.074000 0.004251
19 9.75 346 0.008931 0.004965
20 10.25 312 -0.058910 0.005497
21 10.75 273 0.101868 0.006736
22 11.25 235 0.051745 0.007902
23 11.75 201 0.083582 0.008989
24 12.25 177 0.006610 0.010609
25 12.75 139 0.076763 0.015162
26 13.25 111 -0.169459 0.018746
27 13.75 87 -0.250575 0.028874
28 14.25 55 0.164727 0.046406
29 14.75 30 0.019333 0.100830
30 15.25 5 0.314000 1.595088
31 15.75 0 0.000000 0.000000
32 16.25 0 0.000000 0.000000
33 16.75 0 0.000000 0.000000
34 17.25 0 0.000000 0.000000
35 17.75 0 0.000000 0.000000
36 18.25 0 0.000000 0.000000
37 18.75 0 0.000000 0.000000
38 19.25 0 0.000000 0.000000
39 19.75 0 0.000000 0.000000

0 0.25 600 24.648467 0.006289
1 0.75 411 25.663333 0.009147
2 1.25 430 28.303512 0.008358
3 1.75 433 31.422194 0.008208
4 2.25 437 34.686087 0.009772
5 2.75 432 37.561181 0.012203
6 3.25 432 41.390926 0.015051
7 3.75 438 42.996461 0.011538
8 4.25 429 36.330233 0.011004
9 4.75 417 31.885012 0.009611
10 5.25 419 29.053819 0.011125
11 5.75 416 25.453005 0.013196
12 6.25 420 22.399905 0.017419
13 6.75 411 19.408540 0.022929
14 7.25 408 16.065662 0.035438
15 7.75 404 12.656782 0.026053
16 8.25 402 9.545871 0.018013
17 8.75 400 2.166475 0.010185
18 9.25 396 -0.110051 0.004357
19 9.75 375 -0.078000 0.004446
20 10.25 342 0.182924 0.005238
21 10.75 306 0.143268 0.005898
22 11.25 264 -0.116174 0.006911
23 11.75 231 0.020346 0.007554
24 12.25 204 0.025343 0.009073
25 12.75 168 0.126250 0.010363
26 13.25 141 -0.138227 0.014977
27 13.75 114 0.015526 0.018791
28 14.25 87 -0.074943 0.024036
29 14.75 57 0.332456 0.040110
30 15.25 33 -0.012727 0.085432
31 15.75 12 -0.046667 0.394021
32 16.25 0 0.000000 0.000000
33 16.75 0 0.000000 0.000000
34 17.25 0 0.000000 0.000000
35 17.75 0 0.000000 0.000000
36 18.25 0 0.000000 0.000000
37 18.75 0 0.000000 0.000000
38 19.25 0 0.000000 0.000000
39 19.75 0 0.000000 0.000000

0 0.25 600 24.460550 0.006572
1 0.75 408 25.071446 0.010349
2 1.25 426 28.342113 0.008498
3 1.75 431 31.564501 0.008636
4 2.25 433 34.824573 0.010373
5 2.75 428 37.623972 0.012329
6 3.25 430 41.784279 0.015646
7 3.75 436 43.482706 0.011508
8 4.25 428 36.315491 0.010912
9 4.75 414 31.983382 0.009172
10 5.25 420 28.990571 0.011299
11 5.75 414 26.128889 0.015031
12 6.25 417 22.884556 0.018689
13 6.75 409 19.800073 0.024077
14 7.25 405 16.745951 0.037187
15 7.75 405 13.500420 0.026865
16 8.25 399 10.274436 0.019687
17 8.75 400 4.863525 0.013533
18 9.25 390 0.020128 0.004482
19 9.75 378 -0.006349 0.004440
20 10.25 345 0.124087 0.004859
21 10.75 309 0.006828 0.005374
22 11.25 267 0.052472 0.006519
23 11.75 234 -0.128889 0.007814
24 12.25 210 -0.008429 0.009226
25 12.75 171 -0.209942 0.010282
26 13.25 147 0.120340 0.013824
27 13.75 117 0.109573 0.018071
28 14.25 87 0.077241 0.025541
29 14.75 60 0.110833 0.041701
30 15.25 36 0.205833 0.088753
31 15.75 16 -0.617500 0.274701
32 16.25 0 0.000000 0.000000
33 16.75 0 0.000000 0.000000
34 17.25 0 0.000000 0.000000
35 17.75 0 0.000000 0.000000
36 18.25 0 0.000000 0.000000
37 18.75 0 0.000000 0.000000
38 19.25 0 0.000000 0.000000
39 19.75 0 0.000000 0.000000

0 0.25 600 24.336183 0.006707
1 0.75 402 24.981915 0.010610
2 1.25 422 27.929550 0.008788
3 1.75 423 31.225934 0.008771
4 2.25 428 34.473107 0.010303
5 2.75 423 38.423877 0.013826
6 3.25 431 41.705174 0.014837
7 3.75 430 43.712814 0.011688
8 4.25 425 36.904965 0.010689
9 4.75 411 32.031995 0.010043
10 5.25 418 28.886077 0.010878
11 5.75 406 26.078916 0.015435
12 6.25 411 23.292092 0.020698
13 6.75 409 20.023350 0.025317
14 7.25 399 17.243434 0.040886
15 7.75 403 14.213623 0.029946
16 8.25 392 11.372806 0.023790
17 8.75 398 7.816508 0.015571
18 9.25 388 -0.041340 0.004433
19 9.75 380 0.107974 0.004302
20 10.25 378 -0.054709 0.004404
21 10.75 342 0.042836 0.004640
22 11.25 300 -0.146700 0.005646
23 11.75 267 0.036667 0.006612
24 12.25 246 -0.057561 0.006900
25 12.75 204 -0.070833 0.009093
26 13.25 177 -0.039831 0.010034
27 13.75 150 0.281533 0.012757
28 14.25 118 -0.079237 0.016607
29 14.75 93 0.212581 0.022714
30 15.25 70 -0.062286 0.034377
31 15.75 54 0.270926 0.041136
32 16.25 27 -0.036296 0.117180
33 16.75 0 0.000000 0.000000
34 17.25 0 0.000000 0.000000
35 17.75 0 0.000000 0.000000
36 18.25 0 0.000000 0.000000
37 18.75 0 0.000000 0.000000
38 19.25 0 0.000000 0.000000
39 19.75 0 0.000000 0.000000

0 0.25 598 24.422057 0.006683
1 0.75 393 25.182774 0.011355
2 1.25 414 28.175097 0.009523
3 1.75 418 31.614522 0.009136
4 2.25 419 34.914272 0.011174
5 2.75 423 38.206217 0.013760
6 3.25 422 41.892820 0.016265
7 3.75 424 43.823608 0.012020
8 4.25 416 37.170120 0.011304
9 4.75 415 32.123398 0.009445
10 5.25 412 29.225461 0.011857
11 5.75 399 26.087068 0.016024
12 6.25 409 22.976626 0.020460
13 6.75 400 20.135250 0.026762
14 7.25 400 17.188150 0.040439
15 7.75 394 14.338731 0.032233
16 8.25 393 11.454198 0.023591
17 8.75 390 8.354256 0.016707
18 9.25 386 0.010855 0.004623
19 9.75 379 0.096306 0.004507
20 10.25 378 -0.047011 0.004568
21 10.75 351 -0.046325 0.004846
22 11.25 309 -0.011909 0.005404
23 11.75 276 0.023804 0.005968
24 12.25 252 0.031190 0.006935
25 12.75 208 0.043173 0.008136
26 13.25 183 -0.021913 0.008973
27 13.75 157 -0.018917 0.012009
28 14.25 126 -0.092698 0.014877
29 14.75 102 0.226863 0.018691
30 15.25 78 0.009872 0.025909
31 15.75 60 -0.031500 0.035490
32 16.25 28 -0.043571 0.095649
33 16.75 9 0.032222 0.572846
34 17.25 0 0.000000 0.000000
35 17.75 0 0.000000 0.000000
36 18.25 0 0.000000 0.000000
37 18.75 0 0.000000 0.000000
38 19.25 0 0.000000 0.000000
39 19.75 0 0.000000 0.000000

0 0.25 597 24.558677 0.006540
1 0.75 384 25.283255 0.011793
2 1.25 405 28.492815 0.009447
3 1.75 408 31.721765 0.009424
4 2.25 418 35.050407 0.011187
5 2.75 415 38.641084 0.015284
6 3.25 413 41.825763 0.016935
7 3.75 414 43.934130 0.012809
8 4.25 417 37.712398 0.011038
9 4.75 406 31.978300 0.010380
10 5.25 404 28.978168 0.012235
11 5.75 400 26.083500 0.016260
12 6.25 403 23.210149 0.021149
13 6.75 398 20.296960 0.027304
14 7.25 391 17.087928 0.042242
15 7.75 392 14.345281 0.032793
16 8.25 382 11.271492 0.024894
17 8.75 389 8.249486 0.016558
18 9.25 377 -0.050557 0.004800
19 9.75 373 -0.097882 0.004436
20 10.25 377 -0.046976 0.004412
21 10.75 357 -0.000812 0.004529
22 11.25 315 -0.034635 0.005260
23 11.75 285 0.109614 0.005777
24 12.25 259 -0.090927 0.006601
25 12.75 219 0.027169 0.007987
26 13.25 193 0.019223 0.008916
27 13.75 168 0.024643 0.009880
28 14.25 138 0.221594 0.012929
29 14.75 114 -0.021140 0.016293
30 15.25 84 -0.099405 0.023059
31 15.75 66 -0.030606 0.028299
32 16.25 39 -0.243077 0.062898
33 16.75 21 0.142381 0.143754
34 17.25 0 0.000000 0.000000
35 17.75 0 0.000000 0.000000
36 18.25 0 0.000000 0.000000
37 18.75 0 0.000000 0.000000
38 19.25 0 0.000000 0.000000
39 19.75 0 0.000000 0.000000

0 0.25 598 24.736890 0.006395
1 0.75 372 25.496935 0.011767
2 1.25 392 28.772577 0.009206
3 1.75 401 32.059102 0.009931
4 2.25 412 35.322670 0.011687
5 2.75 404 38.750000 0.016409
6 3.25 401 41.747406 0.016789
7 3.75 412 44.152913 0.013154
8 4.25 405 38.249605 0.012605
9 4.75 395 32.087595 0.011079
10 5.25 403 29.035459 0.012805
11 5.75 389 26.102571 0.017047
12 6.25 399 23.112882 0.021688
13 6.75 388 19.965670 0.027750
14 7.25 387 17.313127 0.044041
15 7.75 387 14.171163 0.033165
16 8.25 378 11.291402 0.025796
17 8.75 381 8.213228 0.017836
18 9.25 372 0.037339 0.004940
19 9.75 367 -0.026676 0.004663
20 10.25 370 -0.029135 0.004597
21 10.75 364 0.122967 0.004398
22 11.25 327 0.016544 0.005260
23 11.75 298 0.002685 0.005584
24 12.25 272 0.098199 0.005887
25 12.75 231 0.131342 0.007083
26 13.25 206 -0.251748 0.008201
27 13.75 180 0.126889 0.009748
28 14.25 145 0.170897 0.012693
29 14.75 120 -0.051583 0.014350
30 15.25 97 -0.058041 0.018479
31 15.75 79 -0.140506 0.028584
32 16.25 54 -0.057963 0.038136
33 16.75 27 -0.680741 0.100245
34 17.25 6 -0.198333 1.011163
35 17.75 0 0.000000 0.000000
36 18.25 0 0.000000 0.000000
37 18.75 0 0.000000 0.000000
38 19.25 0 0.000000 0.000000
39 19.75 0 0.000000 0.000000

0 0.25 588 24.983929 0.006517
1 0.75 370 25.860135 0.011656
2 1.25 380 28.759211 0.010616
3 1.75 400 32.055625 0.010614
4 2.25 399 35.416341 0.012683
5 2.75 390 39.003256 0.017951
6 3.25 399 42.114962 0.018128
7 3.75 401 44.256608 0.013869
8 4.25 392 38.423087 0.013361
9 4.75 394 32.227056 0.010514
10 5.25 390 29.267026 0.013175
11 5.75 385 26.138649 0.017430
12 6.25 388 23.338737 0.022884
13 6.75 384 20.384661 0.029614
14 7.25 375 17.378933 0.045967
15 7.75 382 14.288351 0.033871
16 8.25 370 11.345405 0.026261
17 8.75 375 8.289173 0.017643
18 9.25 367 0.028365 0.005158
19 9.75 361 -0.183989 0.004879
20 10.25 365 -0.059973 0.004475
21 10.75 357 0.198039 0.004806
22 11.25 315 0.007270 0.004929
23 11.75 285 0.214912 0.005692
24 12.25 255 -0.120980 0.006300
25 12.75 214 -0.254907 0.007520
26 13.25 189 0.073228 0.009560
27 13.75 164 0.190549 0.009156
28 14.25 133 -0.085639 0.012790
29 14.75 109 0.195596 0.015690
30 15.25 85 -0.049765 0.022325
31 15.75 57 -0.316316 0.034146
32 16.25 34 0.278529 0.069050
33 16.75 15 0.040000 0.205810
34 17.25 0 0.000000 0.000000
35 17.75 0 0.000000 0.000000
36 18.25 0 0.000000 0.000000
37 18.75 0 0.000000 0.000000
38 19.25 0 0.000000 0.000000
39 19.75 0 0.000000 0.000000

0 0.25 573 25.276422 0.006309
1 0.75 371 26.126146 0.010711
2 1.25 372 29.032527 0.010507
3 1.75 393 32.374580 0.010353
4 2.25 384 35.923099 0.014620
5 2.75 385 39.169299 0.018231
6 3.25 388 42.657938 0.020109
7 3.75 384 44.770000 0.015798
8 4.25 390 38.641026 0.012804
9 4.75 380 32.643658 0.012090
10 5.25 384 29.246224 0.013314
11 5.75 373 26.259008 0.018511
12 6.25 385 23.093792 0.022629
13 6.75 371 20.277062 0.030775
14 7.25 374 17.381604 0.046616
15 7.75 371 14.323127 0.036526
16 8.25 363 11.449146 0.028095
17 8.75 369 8.145799 0.017971
18 9.25 359 0.013677 0.004987
19 9.75 354 0.175339 0.004866
20 10.25 361 0.035097 0.004758
21 10.75 352 -0.090511 0.004575
22 11.25 327 0.068471 0.004901
23 11.75 295 0.132169 0.005936
24 12.25 268 -0.118396 0.006242
25 12.75 231 -0.052035 0.007329
26 13.25 205 -0.128000 0.007477
27 13.75 180 -0.200278 0.009305
28 14.25 147 0.014354 0.011826
29 14.75 120 0.075750 0.014914
30 15.25 96 0.073750 0.018496
31 15.75 72 -0.058750 0.024629
32 16.25 52 0.042885 0.034207
33 16.75 27 0.311852 0.091360
34 17.25 5 -0.156000 1.258388
35 17.75 0 0.000000 0.000000
36 18.25 0 0.000000 0.000000
37 18.75 0 0.000000 0.000000
38 19.25 0 0.000000 0.000000
39 19.75 0 0.000000 0.000000

0 0.25 557 25.396355 0.006670
1 0.75 358 26.188352 0.010988
2 1.25 382 29.239738 0.009857
3 1.75 378 32.765899 0.011809
4 2.25 371 36.028868 0.015310
5 2.75 382 39.499188 0.020048
6 3.25 371 42.581860 0.022325
7 3.75 382 44.936518 0.015175
8 4.25 375 38.584027 0.014345
9 4.75 375 32.777360 0.012900
10 5.25 371 28.898329 0.013319
11 5.75 369 26.397073 0.018999
12 6.25 370 23.316703 0.024993
13 6.75 369 20.309214 0.031202
14 7.25 362 17.073867 0.048124
15 7.75 363 14.221350 0.036639
16 8.25 356 11.289354 0.027464
17 8.75 356 8.279860 0.019282
18 9.25 351 0.139687 0.005006
19 9.75 350 -0.114314 0.004895
20 10.25 349 0.006705 0.004724
21 10.75 346 0.048353 0.004675
22 11.25 318 0.056950 0.005035
23 11.75 283 0.111166 0.005602
24 12.25 259 -0.154788 0.006512
25 12.75 222 0.025991 0.007524
26 13.25 186 -0.154301 0.008908
27 13.75 167 0.046168 0.009349
28 14.25 130 0.016769 0.013928
29 14.75 112 -0.000179 0.015313
30 15.25 88 0.199318 0.021896
31 15.75 57 -0.233333 0.035965
32 16.25 34 0.135588 0.072902
33 16.75 14 -0.377857 0.255863
34 17.25 0 0.000000 0.000000
35 17.75 0 0.000000 0.000000
36 18.25 0 0.000000 0.000000
37 18.75 0 0.000000 0.000000
38 19.25 0 0.000000 0.000000
39 19.75 0 0.000000 0.000000

0 0.25 539 25.592338 0.006852
1 0.75 340 26.370235 0.011763
2 1.25 382 29.485157 0.010002
3 1.75 367 33.048338 0.013153
4 2.25 372 36.195591 0.015611
5 2.75 366 39.834071 0.021647
6 3.25 368 42.897337 0.022873
7 3.75 369 44.769214 0.015728
8 4.25 366 38.779098 0.014709
9 4.75 363 32.625069 0.012549
10 5.25 362 28.981133 0.014038
11 5.75 354 26.411412 0.020218
12 6.25 365 23.298110 0.025218
13 6.75 356 20.231938 0.032617
14 7.25 353 17.175269 0.049614
15 7.75 353 14.366941 0.038621
16 8.25 347 11.428963 0.028954
17 8.75 348 8.209109 0.019613
18 9.25 348 -0.021207 0.005353
19 9.75 341 0.044692 0.005254
20 10.25 341 -0.000381 0.004879
21 10.75 338 -0.042278 0.004821
22 11.25 309 0.190615 0.005049
23 11.75 265 -0.117736 0.005856
24 12.25 245 0.079592 0.006746
25 12.75 207 -0.041787 0.007912
26 13.25 176 -0.042557 0.009460
27 13.75 157 0.073694 0.010984
28 14.25 123 0.183740 0.013348
29 14.75 93 0.226452 0.022294
30 15.25 69 -0.295652 0.029848
31 15.75 48 -0.307917 0.041163
32 16.25 25 0.267600 0.088389
33 16.75 0 0.000000 0.000000
34 17.25 0 0.000000 0.000000
35 17.75 0 0.000000 0.000000
36 18.25 0 0.000000 0.000000
37 18.75 0 0.000000 0.000000
38 19.25 0 0.000000 0.000000
39 19.75 0 0.000000 0.000000

0 0.25 520 25.876442 0.006750
1 0.75 329 26.508480 0.011592
2 1.25 375 29.613600 0.010391
3 1.75 352 33.062642 0.013826
4 2.25 368 36.392527 0.015994
5 2.75 351 39.673675 0.022703
6 3.25 363 43.086722 0.023865
7 3.75 357 45.026807 0.016148
8 4.25 357 39.034930 0.014869
9 4.75 356 33.141320 0.013941
10 5.25 349 29.525330 0.015798
11 5.75 353 26.313484 0.020350
12 6.25 350 23.277914 0.027740
13 6.75 350 20.282886 0.033501
14 7.25 348 17.417213 0.050251
15 7.75 342 14.419211 0.039955
16 8.25 341 11.252434 0.028168
17 8.75 346 8.264798 0.019268
18 9.25 340 0.003353 0.005628
19 9.75 331 0.032447 0.005105
20 10.25 329 0.089210 0.004795
21 10.75 328 -0.041707 0.004836
22 11.25 295 0.175186 0.005457
23 11.75 256 -0.171445 0.006711
24 12.25 236 -0.069703 0.006668
25 12.75 199 -0.107889 0.008373
26 13.25 162 0.057531 0.009748
27 13.75 140 -0.174929 0.012218
28 14.25 106 0.188868 0.016722
29 14.75 85 0.153412 0.020926
30 15.25 61 -0.180820 0.028425
31 15.75 33 0.068788 0.068632
32 16.25 7 0.344286 0.630984
33 16.75 0 0.000000 0.000000
34 17.25 0 0.000000 0.000000
35 17.75 0 0.000000 0.000000
36 18.25 0 0.000000 0.000000
37 18.75 0 0.000000 0.000000
38 19.25 0 0.000000 0.000000
39 19.75 0 0.000000 0.000000

0 0.25 499 25.932665 0.006901
1 0.75 329 26.763830 0.011906
2 1.25 354 29.733559 0.010568
3 1.75 351 33.029801 0.013168
4 2.25 348 36.408563 0.017866
5 2.75 351 40.185242 0.024028
6 3.25 341 43.308123 0.024531
7 3.75 358 45.069497 0.016403
8 4.25 343 39.487843 0.016564
9 4.75 348 33.763391 0.015133
10 5.25 346 29.149249 0.015141
11 5.75 337 26.305163 0.022324
12 6.25 345 23.360174 0.027475
13 6.75 343 20.260612 0.033681
14 7.25 340 17.344735 0.052893
15 7.75 334 14.436228 0.042416
16 8.25 331 11.371057 0.031215
17 8.75 333 8.173634 0.021423
18 9.25 325 0.015538 0.005526
19 9.75 324 0.036420 0.004869
20 10.25 321 -0.037321 0.005389
21 10.75 325 -0.022862 0.005102
22 11.25 306 -0.088333 0.005313
23 11.75 263 -0.184449 0.006111
24 12.25 240 0.157875 0.006958
25 12.75 204 0.213186 0.007497
26 13.25 172 0.054709 0.010683
27 13.75 152 0.045066 0.010262
28 14.25 116 -0.001810 0.013968
29 14.75 89 0.156854 0.019916
30 15.25 65 -0.226000 0.027176
31 15.75 43 0.123256 0.049204
32 16.25 20 0.019500 0.118000
33 16.75 0 0.000000 0.000000
34 17.25 0 0.000000 0.000000
35 17.75 0 0.000000 0.000000
36 18.25 0 0.000000 0.000000
37 18.75 0 0.000000 0.000000
38 19.25 0 0.000000 0.000000
39 19.75 0 0.000000 0.000000

0 0.25 477 26.436373 0.007369
1 0.75 329 26.733374 0.011435
2 1.25 332 29.913042 0.011932
3 1.75 352 33.213864 0.013868
4 2.25 331 36.800816 0.020115
5 2.75 344 39.901017 0.022472
6 3.25 338 43.525000 0.025829
7 3.75 338 45.658994 0.018999
8 4.25 342 39.985380 0.018341
9 4.75 340 33.667706 0.014872
10 5.25 333 29.102222 0.016097
11 5.75 338 26.250266 0.021494
12 6.25 336 23.147530 0.027361
13 6.75 321 20.267695 0.037925
14 7.25 328 17.520671 0.056738
15 7.75 328 14.419726 0.043186
16 8.25 323 11.313034 0.031548
17 8.75 325 8.074523 0.021225
18 9.25 316 -0.035285 0.005746
19 9.75 321 0.035078 0.005560
20 10.25 316 -0.009652 0.005320
21 10.75 315 0.037587 0.005304
22 11.25 290 -0.140793 0.005712
23 11.75 252 0.140595 0.006122
24 12.25 230 -0.022826 0.007015
25 12.75 196 -0.053724 0.007552
26 13.25 158 -0.099367 0.011376
27 13.75 134 0.025672 0.012355
28 14.25 102 -0.192157 0.015702
29 14.75 82 0.078293 0.020704
30 15.25 55 0.012000 0.032932
31 15.75 23 0.466522 0.109275
32 16.25 10 0.442000 0.277424
33 16.75 0 0.000000 0.000000
34 17.25 0 0.000000 0.000000
35 17.75 0 0.000000 0.000000
36 18.25 0 0.000000 0.000000
37 18.75 0 0.000000 0.000000
38 19.25 0 0.000000 0.000000
39 19.75 0 0.000000 0.000000

0 0.25 455 29.676549 0.009283
1 0.75 329 30.406413 0.014488
2 1.25 311 32.528875 0.018570
3 1.75 350 35.385857 0.018172
4 2.25 331 38.459456 0.024593
5 2.75 323 41.419381 0.030629
6 3.25 338 44.301627 0.026119
7 3.75 336 45.484970 0.019297
8 4.25 324 39.882654 0.018154
9 4.75 337 33.383086 0.014745
10 5.25 322 29.113416 0.016131
11 5.75 315 26.405619 0.023105
12 6.25 319 23.152759 0.030342
13 6.75 320 20.066281 0.037506
14 7.25 323 16.900433 0.054450
15 7.75 321 13.968754 0.042825
16 8.25 315 10.580317 0.030245
17 8.75 320 5.421281 0.018964
18 9.25 306 0.182418 0.006314
19 9.75 306 0.012712 0.005457
20 10.25 307 0.013388 0.005438
21 10.75 309 0.030841 0.005488
22 11.25 281 -0.169253 0.005379
23 11.75 244 -0.112787 0.006731
24 12.25 212 -0.000047 0.007764
25 12.75 177 0.087571 0.009234
26 13.25 149 -0.008859 0.010862
27 13.75 126 0.038730 0.012770
28 14.25 88 -0.142273 0.021840
29 14.75 62 0.180645 0.032126
30 15.25 41 -0.082927 0.049717
31 15.75 18 0.181667 0.135048
32 16.25 0 0.000000 0.000000
33 16.75 0 0.000000 0.000000
34 17.25 0 0.000000 0.000000
35 17.75 0 0.000000 0.000000
36 18.25 0 0.000000 0.000000
37 18.75 0 0.000000 0.000000
38 19.25 0 0.000000 0.000000
39 19.75 0 0.000000 0.000000

0 0.25 431 33.557100 0.017627
1 0.75 329 33.613921 0.023186
2 1.25 311 35.933408 0.028060
3 1.75 327 38.313976 0.027511
4 2.25 330 40.368091 0.029685
5 2.75 322 42.646087 0.034132
6 3.25 315 44.771651 0.031492
7 3.75 333 45.527177 0.018350
8 4.25 314 39.350637 0.017414
9 4.75 309 33.475210 0.016676
10 5.25 310 29.287097 0.017680
11 5.75 315 25.947651 0.022061
12 6.25 318 22.691950 0.029075
13 6.75 313 19.367604 0.036169
14 7.25 314 16.286879 0.054036
15 7.75 310 12.988419 0.041444
16 8.25 302 9.736358 0.029594
17 8.75 308 2.777468 0.015255
18 9.25 303 0.005545 0.005927
19 9.75 302 -0.045762 0.005730
20 10.25 301 0.144884 0.005722
21 10.75 298 -0.077215 0.005538
22 11.25 260 -0.087308 0.005681
23 11.75 228 0.169298 0.006871
24 12.25 203 0.104975 0.007612
25 12.75 170 0.006765 0.009060
26 13.25 130 -0.198538 0.013049
27 13.75 107 0.117944 0.014747
28 14.25 77 0.153506 0.021346
29 14.75 56 0.372679 0.034902
30 15.25 24 -0.056250 0.071833
31 15.75 6 0.223333 0.558191
32 16.25 0 0.000000 0.000000
33 16.75 0 0.000000 0.000000
34 17.25 0 0.000000 0.000000
35 17.75 0 0.000000 0.000000
36 18.25 0 0.000000 0.000000
37 18.75 0 0.000000 0.000000
38 19.25 0 0.000000 0.000000
39 19.75 0 0.000000 0.000000

0 0.25 406 37.287315 0.029124
1 0.75 329 37.382614 0.033488
2 1.25 311 38.953441 0.036580
3 1.75 308 40.943734 0.039734
4 2.25 324 42.529722 0.036091
5 2.75 322 44.303696 0.037978
6 3.25 313 45.955112 0.034684
7 3.75 299 45.572174 0.021711
8 4.25 300 39.728667 0.020921
9 4.75 309 33.222718 0.015906
10 5.25 309 28.823430 0.016330
11 5.75 306 25.558856 0.022122
12 6.25 309 22.359968 0.027915
13 6.75 299 18.613110 0.035160
14 7.25 301 15.431495 0.054974
15 7.75 300 12.170533 0.041051
16 8.25 298 8.935235 0.027921
17 8.75 303 0.339670 0.006752
18 9.25 297 -0.046734 0.006225
19 9.75 288 -0.025417 0.006046
20 10.25 289 -0.132076 0.005862
21 10.75 288 -0.120243 0.005259
22 11.25 253 -0.163676 0.005902
23 11.75 220 -0.111091 0.006933
24 12.25 184 0.039293 0.008477
25 12.75 149 -0.083960 0.010424
26 13.25 121 0.070992 0.013042
27 13.75 98 -0.013163 0.015200
28 14.25 58 -0.280690 0.032142
29 14.75 37 -0.280811 0.045665
30 15.25 16 0.014375 0.117880
31 15.75 0 0.000000 0.000000
32 16.25 0 0.000000 0.000000
33 16.75 0 0.000000 0.000000
34 17.25 0 0.000000 0.000000
35 17.75 0 0.000000 0.000000
36 18.25 0 0.000000 0.000000
37 18.75 0 0.000000 0.000000
38 19.25 0 0.000000 0.000000
39 19.75 0 0.000000 0.000000

0 0.25 381 41.116247 0.043005
1 0.75 329 41.081216 0.043175
2 1.25 310 42.380677 0.048512
3 1.75 307 43.181140 0.046840
4 2.25 302 44.689934 0.048571
5 2.75 316 45.622690 0.041841
6 3.25 290 46.799310 0.042051
7 3.75 299 46.063411 0.023177
8 4.25 293 39.494539 0.019871
9 4.75 299 33.120067 0.016083
10 5.25 299 28.792742 0.017183
11 5.75 305 25.214656 0.019935
12 6.25 294 21.672857 0.027158
13 6.75 286 18.128531 0.036249
14 7.25 296 14.699426 0.053419
15 7.75 295 11.236712 0.038339
16 8.25 292 5.475034 0.022070
17 8.75 291 -0.093918 0.006205
18 9.25 281 0.101744 0.006766
19 9.75 278 -0.077914 0.006156
20 10.25 288 -0.040799 0.005906
21 10.75 284 0.123134 0.005347
22 11.25 232 -0.039224 0.006756
23 11.75 199 0.047487 0.008726
24 12.25 174 -0.003736 0.009101
25 12.75 140 -0.025357 0.011051
26 13.25 99 -0.238586 0.016761
27 13.75 76 0.236184 0.021358
28 14.25 50 0.069600 0.034801
29 14.75 26 -0.381538 0.068720
30 15.25 1 2.260000 0.000000
31 15.75 0 0.000000 0.000000
32 16.25 0 0.000000 0.000000
33 16.75 0 0.000000 0.000000
34 17.25 0 0.000000 0.000000
35 17.75 0 0.000000 0.000000
36 18.25 0 0.000000 0.000000
37 18.75 0 0.000000 0.000000
38 19.25 0 0.000000 0.000000
39 19.75 0 0.000000 0.000000

0 0.25 355 44.855070 0.060786
1 0.75 329 45.149848 0.053869
2 1.25 311 45.435788 0.057436
3 1.75 307 46.140717 0.056199
4 2.25 302 46.724868 0.053406
5 2.75 274 47.239708 0.057871
6 3.25 280 47.902857 0.047537
7 3.75 299 46.244348 0.024108
8 4.25 293 39.596689 0.021752
9 4.75 298 32.855067 0.015091
10 5.25 291 28.569072 0.016435
11 5.75 277 25.019856 0.022301
12 6.25 286 21.080315 0.026386
13 6.75 281 17.379181 0.034760
14 7.25 290 13.836621 0.051515
15 7.75 290 9.972138 0.033947
16 8.25 274 2.697080 0.017363
17 8.75 283 -0.107527 0.006868
18 9.25 280 0.047464 0.006741
19 9.75 277 0.069314 0.006391
20 10.25 273 -0.049267 0.005759
21 10.75 274 -0.003467 0.005817
22 11.25 235 -0.071574 0.006815
23 11.75 202 0.047030 0.007715
24 12.25 165 -0.301273 0.009872
25 12.75 127 -0.080236 0.013321
26 13.25 103 -0.041650 0.016348
27 13.75 78 0.069487 0.020274
28 14.25 41 -0.362683 0.041013
29 14.75 16 0.050625 0.135820
30 15.25 0 0.000000 0.000000
31 15.75 0 0.000000 0.000000
32 16.25 0 0.000000 0.000000
33 16.75 0 0.000000 0.000000
34 17.25 0 0.000000 0.000000
35 17.75 0 0.000000 0.000000
36 18.25 0 0.000000 0.000000
37 18.75 0 0.000000 0.000000
38 19.25 0 0.000000 0.000000
39 19.75 0 0.000000 0.000000

0 0.25 328 48.827713 0.083746
1 0.75 328 48.191433 0.062075
2 1.25 311 48.447749 0.065819
3 1.75 307 48.728143 0.064796
4 2.25 284 48.582289 0.064961
5 2.75 264 48.507992 0.066222
6 3.25 277 49.038845 0.052183
7 3.75 285 46.433579 0.026707
8 4.25 285 39.552491 0.021501
9 4.75 287 32.125889 0.016270
10 5.25 271 28.505609 0.018324
11 5.75 277 24.445235 0.021103
12 6.25 286 20.689371 0.024787
13 6.75 280 16.693643 0.031201
14 7.25 277 12.763069 0.050566
15 7.75 274 8.860693 0.033482
16 8.25 272 0.119081 0.007635
17 8.75 280 0.048286 0.006714
18 9.25 273 0.004432 0.006688
19 9.75 261 -0.088161 0.006305
20 10.25 266 -0.149211 0.006029
21 10.75 262 -0.081412 0.006076
22 11.25 216 0.027407 0.007344
23 11.75 178 0.186573 0.008932
24 12.25 149 0.125168 0.009439
25 12.75 118 -0.005000 0.011055
26 13.25 81 0.300370 0.020497
27 13.75 52 0.351731 0.033497
28 14.25 31 -0.147097 0.049153
29 14.75 0 0.000000 0.000000
30 15.25 0 0.000000 0.000000
31 15.75 0 0.000000 0.000000
32 16.25 0 0.000000 0.000000
33 16.75 0 0.000000 0.000000
34 17.25 0 0.000000 0.000000
35 17.75 0 0.000000 0.000000
36 18.25 0 0.000000 0.000000
37 18.75 0 0.000000 0.000000
38 19.25 0 0.000000 0.000000
39 19.75 0 0.000000 0.000000

0 0.25 300 46.353400 0.086169
1 0.75 329 45.406657 0.051912
2 1.25 311 45.634920 0.055325
3 1.75 307 46.399967 0.054993
4 2.25 256 46.601875 0.066498
5 2.75 264 46.867803 0.059427
6 3.25 275 46.830073 0.043208
7 3.75 286 45.562552 0.022812
8 4.25 276 37.822536 0.018845
9 4.75 262 31.791107 0.016306
10 5.25 267 28.078914 0.018438
11 5.75 273 23.912894 0.019772
12 6.25 279 19.708853 0.022172
13 6.75 259 15.694595 0.030875
14 7.25 268 11.803134 0.048082
15 7.75 271 6.059705 0.027040
16 8.25 273 0.222894 0.007185
17 8.75 261 -0.010690 0.006980
18 9.25 262 0.063588 0.006902
19 9.75 263 -0.163916 0.006980
20 10.25 266 0.081729 0.005538
21 10.75 234 -0.069658 0.006993
22 11.25 196 0.194745 0.008569
23 11.75 169 0.275148 0.009069
24 12.25 129 -0.123023 0.011860
25 12.75 88 0.015114 0.020248
26 13.25 68 0.027206 0.025763
27 13.75 42 -0.080238 0.038764
28 14.25 1 1.510000 0.000000
29 14.75 0 0.000000 0.000000
30 15.25 0 0.000000 0.000000
31 15.75 0 0.000000 0.000000
32 16.25 0 0.000000 0.000000
33 16.75 0 0.000000 0.000000
34 17.25 0 0.000000 0.000000
35 17.75 0 0.000000 0.000000
36 18.25 0 0.000000 0.000000
37 18.75 0 0.000000 0.000000
38 19.25 0 0.000000 0.000000
39 19.75 0 0.000000 0.000000

0 0.25 299 42.742977 0.068779
1 0.75 302 41.940596 0.047914
2 1.25 310 42.784516 0.047460
3 1.75 292 42.993870 0.044502
4 2.25 243 44.201523 0.061102
5 2.75 265 43.701623 0.044986
6 3.25 275 45.058618 0.036413
7 3.75 284 43.993345 0.019812
8 4.25 249 36.465382 0.021160
9 4.75 262 31.640916 0.016691
10 5.25 268 27.509328 0.017007
11 5.75 274 23.007518 0.016483
12 6.25 255 18.893490 0.021576
13 6.75 256 14.730977 0.027652
14 7.25 266 10.596955 0.044294
15 7.75 270 2.532185 0.018110
16 8.25 250 0.067040 0.008201
17 8.75 253 0.019170 0.006931
18 9.25 263 0.098289 0.006802
19 9.75 256 -0.123203 0.006350
20 10.25 245 0.050367 0.006592
21 10.75 218 -0.030963 0.007652
22 11.25 182 -0.142308 0.007805
23 11.75 138 0.162826 0.011035
24 12.25 106 0.135094 0.015157
25 12.75 79 0.320886 0.018872
26 13.25 45 0.253556 0.039016
27 13.75 11 0.243636 0.244687
28 14.25 0 0.000000 0.000000
29 14.75 0 0.000000 0.000000
30 15.25 0 0.000000 0.000000
31 15.75 0 0.000000 0.000000
32 16.25 0 0.000000 0.000000
33 16.75 0 0.000000 0.000000
34 17.25 0 0.000000 0.000000
35 17.75 0 0.000000 0.000000
36 18.25 0 0.000000 0.000000
37 18.75 0 0.000000 0.000000
38 19.25 0 0.000000 0.000000
39 19.75 0 0.000000 0.000000

0 0.25 299 38.915619 0.051135
1 0.75 299 38.615385 0.038223
2 1.25 299 39.410100 0.037595
3 1.75 256 40.241914 0.044722
4 2.25 241 41.079710 0.045849
5 2.75 262 41.474198 0.036614
6 3.25 274 43.194927 0.028758
7 3.75 257 43.784747 0.022995
8 4.25 249 36.484980 0.020566
9 4.75 260 31.375423 0.017402
10 5.25 270 26.775296 0.014768
11 5.75 250 22.628360 0.017882
12 6.25 252 18.248016 0.019389
13 6.75 255 13.616078 0.023983
14 7.25 267 9.260112 0.036418
15 7.75 245 0.111061 0.009446
16 8.25 251 0.120518 0.007553
17 8.75 258 -0.050155 0.007122
18 9.25 252 0.096627 0.006620
19 9.75 239 -0.059205 0.006324
20 10.25 233 -0.017082 0.006312
21 10.75 198 -0.077980 0.007353
22 11.25 149 0.216040 0.010176
23 11.75 119 0.153613 0.012964
24 12.25 93 -0.051505 0.016565
25 12.75 46 -0.070000 0.035075
26 13.25 22 -0.110455 0.088540
27 13.75 0 0.000000 0.000000
28 14.25 0 0.000000 0.000000
29 14.75 0 0.000000 0.000000
30 15.25 0 0.000000 0.000000
31 15.75 0 0.000000 0.000000
32 16.25 0 0.000000 0.000000
33 16.75 0 0.000000 0.000000
34 17.25 0 0.000000 0.000000
35 17.75 0 0.000000 0.000000
36 18.25 0 0.000000 0.000000
37 18.75 0 0.000000 0.000000
38 19.25 0 0.000000 0.000000
39 19.75 0 0.000000 0.000000

0 0.25 298 34.545268 0.033119
1 0.75 298 34.915067 0.027590
2 1.25 299 36.185351 0.026470
3 1.75 228 37.342061 0.037629
4 2.25 242 37.981860 0.031547
5 2.75 262 39.192901 0.026785
6 3.25 271 41.729336 0.027366
7 3.75 232 42.642802 0.024841
8 4.25 248 35.668185 0.020088
9 4.75 260 30.884308 0.017271
10 5.25 250 26.017520 0.016475
11 5.75 239 21.726987 0.017301
12 6.25 251 17.066693 0.016753
13 6.75 254 12.300472 0.018280
14 7.25 237 5.569156 0.032191
15 7.75 245 -0.124000 0.008475
16 8.25 250 0.015840 0.007910
17 8.75 241 0.140705 0.007390
18 9.25 241 0.025519 0.007063
19 9.75 245 0.053633 0.006138
20 10.25 210 0.102762 0.007540
21 10.75 158 -0.114051 0.010186
22 11.25 134 -0.124403 0.011831
23 11.75 99 0.158687 0.015877
24 12.25 53 0.244906 0.028286
25 12.75 31 -0.266452 0.063436
26 13.25 0 0.000000 0.000000
27 13.75 0 0.000000 0.000000
28 14.25 0 0.000000 0.000000
29 14.75 0 0.000000 0.000000
30 15.25 0 0.000000 0.000000
31 15.75 0 0.000000 0.000000
32 16.25 0 0.000000 0.000000
33 16.75 0 0.000000 0.000000
34 17.25 0 0.000000 0.000000
35 17.75 0 0.000000 0.000000
36 18.25 0 0.000000 0.000000
37 18.75 0 0.000000 0.000000
38 19.25 0 0.000000 0.000000
39 19.75 0 0.000000 0.000000

0 0.25 299 31.062441 0.019654
1 0.75 298 31.372349 0.017563
2 1.25 298 32.869899 0.017652
3 1.75 198 34.222576 0.030088
4 2.25 240 35.610750 0.023259
5 2.75 262 37.163511 0.020895
6 3.25 241 41.664730 0.030522
7 3.75 231 41.583117 0.026814
8 4.25 247 35.198219 0.020179
9 4.75 256 30.111797 0.018065
10 5.25 224 25.467589 0.018624
11 5.75 239 21.093138 0.015928
12 6.25 251 16.073307 0.014384
13 6.75 228 11.099561 0.018120
14 7.25 242 3.415702 0.024456
15 7.75 250 -0.139520 0.007982
16 8.25 241 0.013693 0.007859
17 8.75 232 0.008879 0.008109
18 9.25 244 -0.159918 0.007094
19 9.75 232 -0.023578 0.006694
20 10.25 222 0.101351 0.006702
21 10.75 188 -0.225585 0.008662
22 11.25 153 -0.090196 0.009424
23 11.75 111 -0.187928 0.015489
24 12.25 85 0.086235 0.019322
25 12.75 48 -0.302500 0.030658
26 13.25 13 0.079231 0.185528
27 13.75 0 0.000000 0.000000
28 14.25 0 0.000000 0.000000
29 14.75 0 0.000000 0.000000
30 15.25 0 0.000000 0.000000
31 15.75 0 0.000000 0.000000
32 16.25 0 0.000000 0.000000
33 16.75 0 0.000000 0.000000
34 17.25 0 0.000000 0.000000
35 17.75 0 0.000000 0.000000
36 18.25 0 0.000000 0.000000
37 18.75 0 0.000000 0.000000
38 19.25 0 0.000000 0.000000
39 19.75 0 0.000000 0.000000

0 0.25 299 27.658495 0.012430
1 0.75 299 27.884448 0.011439
2 1.25 273 29.968388 0.013935
3 1.75 193 31.745492 0.022805
4 2.25 240 33.114375 0.015899
5 2.75 262 35.040649 0.017196
6 3.25 211 40.855308 0.037148
7 3.75 230 40.995304 0.024292
8 4.25 247 34.787895 0.021381
9 4.75 226 29.825885 0.022390
10 5.25 232 25.127241 0.018131
11 5.75 248 20.018589 0.014899
12 6.25 238 14.676387 0.014800
13 6.75 223 9.675874 0.016943
14 7.25 242 0.364587 0.010473
15 7.75 235 -0.030170 0.009060
16 8.25 223 0.098700 0.008869
17 8.75 231 -0.049870 0.008483
18 9.25 237 -0.033291 0.007127
19 9.75 226 0.012301 0.006445
20 10.25 205 0.017366 0.007437
21 10.75 159 -0.044528 0.009966
22 11.25 118 -0.039153 0.014285
23 11.75 94 0.271596 0.015876
24 12.25 51 -0.166275 0.029605
25 12.75 16 0.448750 0.134940
26 13.25 0 0.000000 0.000000
27 13.75 0 0.000000 0.000000
28 14.25 0 0.000000 0.000000
29 14.75 0 0.000000 0.000000
30 15.25 0 0.000000 0.000000
31 15.75 0 0.000000 0.000000
32 16.25 0 0.000000 0.000000
33 16.75 0 0.000000 0.000000
34 17.25 0 0.000000 0.000000
35 17.75 0 0.000000 0.000000
36 18.25 0 0.000000 0.000000
37 18.75 0 0.000000 0.000000
38 19.25 0 0.000000 0.000000
39 19.75 0 0.000000 0.000000

0 0.25 299 27.276622 0.012446
1 0.75 298 27.728792 0.011765
2 1.25 243 29.919959 0.015483
3 1.75 193 31.198601 0.021414
4 2.25 240 32.396125 0.016965
5 2.75 243 34.660782 0.017645
6 3.25 200 40.294400 0.038839
7 3.75 232 41.267026 0.023898
8 4.25 254 34.718622 0.019563
9 4.75 217 29.764793 0.023097
10 5.25 232 24.686552 0.018727
11 5.75 243 19.223457 0.015629
12 6.25 211 14.082085 0.018441
13 6.75 224 9.567455 0.015756
14 7.25 236 0.000169 0.008747
15 7.75 220 0.022045 0.009545
16 8.25 232 -0.104526 0.007802
17 8.75 234 -0.054145 0.007882
18 9.25 217 -0.016083 0.008012
19 9.75 215 0.061628 0.006838
20 10.25 171 -0.083801 0.009021
21 10.75 121 0.013223 0.012927
22 11.25 97 -0.043402 0.015573
23 11.75 54 0.017407 0.027615
24 12.25 20 0.178000 0.089379
25 12.75 0 0.000000 0.000000
26 13.25 0 0.000000 0.000000
27 13.75 0 0.000000 0.000000
28 14.25 0 0.000000 0.000000
29 14.75 0 0.000000 0.000000
30 15.25 0 0.000000 0.000000
31 15.75 0 0.000000 0.000000
32 16.25 0 0.000000 0.000000
33 16.75 0 0.000000 0.000000
34 17.25 0 0.000000 0.000000
35 17.75 0 0.000000 0.000000
36 18.25 0 0.000000 0.000000
37 18.75 0 0.000000 0.000000
38 19.25 0 0.000000 0.000000
39 19.75 0 0.000000 0.000000

0 0.25 298 27.144329 0.011380
1 0.75 298 27.814966 0.011354
2 1.25 213 29.674695 0.017626
3 1.75 192 31.248594 0.021558
4 2.25 240 32.922458 0.016285
5 2.75 213 34.403239 0.019986
6 3.25 214 39.084579 0.032114
7 3.75 247 41.039271 0.022763
8 4.25 223 34.587534 0.024395
9 4.75 219 29.754612 0.021090
10 5.25 233 24.414464 0.018263
11 5.75 213 19.732629 0.019124
12 6.25 213 14.860610 0.016208
13 6.75 240 9.377083 0.014445
14 7.25 217 0.083548 0.009869
15 7.75 220 0.007591 0.009942
16 8.25 233 0.026094 0.008590
17 8.75 201 -0.090100 0.009065
18 9.25 223 0.159148 0.007713
19 9.75 229 0.101266 0.006539
20 10.25 181 0.155525 0.008748
21 10.75 154 -0.004740 0.010057
22 11.25 111 0.354685 0.013211
23 11.75 73 -0.204384 0.022105
24 12.25 52 0.073077 0.030122
25 12.75 0 0.000000 0.000000
26 13.25 0 0.000000 0.000000
27 13.75 0 0.000000 0.000000
28 14.25 0 0.000000 0.000000
29 14.75 0 0.000000 0.000000
30 15.25 0 0.000000 0.000000
31 15.75 0 0.000000 0.000000
32 16.25 0 0.000000 0.000000
33 16.75 0 0.000000 0.000000
34 17.25 0 0.000000 0.000000
35 17.75 0 0.000000 0.000000
36 18.25 0 0.000000 0.000000
37 18.75 0 0.000000 0.000000
38 19.25 0 0.000000 0.000000
39 19.75 0 0.000000 0.000000

0 0.25 298 26.790671 0.011567
1 0.75 298 27.799866 0.011865
2 1.25 182 30.073407 0.023567
3 1.75 192 30.968906 0.021158
4 2.25 241 32.746058 0.016003
5 2.75 201 34.355622 0.021423
6 3.25 225 38.960622 0.029505
7 3.75 247 40.243968 0.022997
8 4.25 192 34.386875 0.030200
9 4.75 217 29.944931 0.023143
10 5.25 226 24.934071 0.019168
11 5.75 205 19.780829 0.019374
12 6.25 226 14.740796 0.015048
13 6.75 219 9.095434 0.016898
14 7.25 205 -0.013268 0.010419
15 7.75 220 0.028545 0.009526
16 8.25 213 0.026150 0.008743
17 8.75 214 -0.140421 0.008510
18 9.25 229 0.029389 0.007038
19 9.75 183 -0.118852 0.008646
20 10.25 157 -0.088726 0.010093
21 10.75 120 0.001083 0.013826
22 11.25 70 -0.006000 0.026289
23 11.75 50 0.091000 0.026657
24 12.25 0 0.000000 0.000000
25 12.75 0 0.000000 0.000000
26 13.25 0 0.000000 0.000000
27 13.75 0 0.000000 0.000000
28 14.25 0 0.000000 0.000000
29 14.75 0 0.000000 0.000000
30 15.25 0 0.000000 0.000000
31 15.75 0 0.000000 0.000000
32 16.25 0 0.000000 0.000000
33 16.75 0 0.000000 0.000000
34 17.25 0 0.000000 0.000000
35 17.75 0 0.000000 0.000000
36 18.25 0 0.000000 0.000000
37 18.75 0 0.000000 0.000000
38 19.25 0 0.000000 0.000000
39 19.75 0 0.000000 0.000000

0 0.25 298 27.300268 0.010624
1 0.75 298 28.155235 0.011972
2 1.25 150 29.994267 0.030954
3 1.75 193 30.809482 0.021012
4 2.25 253 32.635415 0.014726
5 2.75 188 34.064202 0.022984
6 3.25 226 39.519248 0.028012
7 3.75 223 40.368475 0.027351
8 4.25 185 34.995405 0.028970
9 4.75 220 29.899136 0.020282
10 5.25 219 24.431187 0.019719
11 5.75 208 19.635962 0.018575
12 6.25 226 14.421283 0.015217
13 6.75 188 9.276702 0.020312
14 7.25 213 0.145211 0.009920
15 7.75 222 -0.080360 0.008369
16 8.25 202 0.233861 0.009009
17 8.75 212 0.077547 0.007932
18 9.25 198 0.072828 0.007772
19 9.75 157 0.012866 0.010542
20 10.25 126 -0.037540 0.011243
21 10.75 70 -0.258286 0.019272
22 11.25 46 0.072391 0.037492
23 11.75 0 0.000000 0.000000
24 12.25 0 0.000000 0.000000
25 12.75 0 0.000000 0.000000
26 13.25 0 0.000000 0.000000
27 13.75 0 0.000000 0.000000
28 14.25 0 0.000000 0.000000
29 14.75 0 0.000000 0.000000
30 15.25 0 0.000000 0.000000
31 15.75 0 0.000000 0.000000
32 16.25 0 0.000000 0.000000
33 16.75 0 0.000000 0.000000
34 17.25 0 0.000000 0.000000
35 17.75 0 0.000000 0.000000
36 18.25 0 0.000000 0.000000
37 18.75 0 0.000000 0.000000
38 19.25 0 0.000000 0.000000
39 19.75 0 0.000000 0.000000

0 0.25 298 27.180537 0.010441
1 0.75 298 28.131745 0.012262
2 1.25 120 29.971833 0.040259
3 1.75 191 30.953089 0.021802
4 2.25 261 32.814943 0.014143
5 2.75 181 34.365967 0.025323
6 3.25 225 39.965200 0.030224
7 3.75 192 40.313281 0.030992
8 4.25 193 35.141192 0.027247
9 4.75 244 29.804098 0.017589
10 5.25 186 24.361290 0.024963
11 5.75 208 19.655144 0.018314
12 6.25 201 14.399552 0.016737
13 6.75 202 9.580842 0.017721
14 7.25 223 0.165022 0.008956
15 7.75 191 0.025602 0.011064
16 8.25 201 -0.071692 0.009393
17 8.75 213 -0.197230 0.008057
18 9.25 198 -0.157929 0.008065
19 9.75 190 -0.051421 0.008682
20 10.25 126 -0.105079 0.013776
21 10.75 103 0.013204 0.016643
22 11.25 60 -0.167167 0.026327
23 11.75 19 -0.552632 0.085440
24 12.25 0 0.000000 0.000000
25 12.75 0 0.000000 0.000000
26 13.25 0 0.000000 0.000000
27 13.75 0 0.000000 0.000000
28 14.25 0 0.000000 0.000000
29 14.75 0 0.000000 0.000000
30 15.25 0 0.000000 0.000000
31 15.75 0 0.000000 0.000000
32 16.25 0 0.000000 0.000000
33 16.75 0 0.000000 0.000000
34 17.25 0 0.000000 0.000000
35 17.75 0 0.000000 0.000000
36 18.25 0 0.000000 0.000000
37 18.75 0 0.000000 0.000000
38 19.25 0 0.000000 0.000000
39 19.75 0 0.000000 0.000000

0 0.25 298 27.038490 0.010978
1 0.75 298 28.175134 0.011284
2 1.25 87 29.981149 0.061956
3 1.75 211 31.039526 0.019381
4 2.25 243 32.625638 0.015488
5 2.75 179 34.490168 0.023302
6 3.25 226 40.490442 0.031832
7 3.75 162 40.770000 0.037038
8 4.25 222 35.261982 0.021830
9 4.75 217 29.173548 0.022782
10 5.25 180 24.340333 0.026821
11 5.75 207 19.728599 0.019446
12 6.25 198 14.692929 0.017062
13 6.75 205 9.498439 0.016703
14 7.25 201 -0.039801 0.010463
15 7.75 184 0.018967 0.011087
16 8.25 223 0.121883 0.008400
17 8.75 186 0.117473 0.008406
18 9.25 184 -0.025707 0.008369
19 9.75 135 0.006519 0.011774
20 10.25 93 -0.322581 0.018728
21 10.75 66 0.093030 0.021893
22 11.25 6 -0.738333 0.381956
23 11.75 0 0.000000 0.000000
24 12.25 0 0.000000 0.000000
25 12.75 0 0.000000 0.000000
26 13.25 0 0.000000 0.000000
27 13.75 0 0.000000 0.000000
28 14.25 0 0.000000 0.000000
29 14.75 0 0.000000 0.000000
30 15.25 0 0.000000 0.000000
31 15.75 0 0.000000 0.000000
32 16.25 0 0.000000 0.000000
33 16.75 0 0.000000 0.000000
34 17.25 0 0.000000 0.000000
35 17.75 0 0.000000 0.000000
36 18.25 0 0.000000 0.000000
37 18.75 0 0.000000 0.000000
38 19.25 0 0.000000 0.000000
39 19.75 0 0.000000 0.000000

0 0.25 298 27.010872 0.011398
1 0.75 298 28.304295 0.010985
2 1.25 56 30.619107 0.117861
3 1.75 243 30.956955 0.014788
4 2.25 210 32.844333 0.019548
5 2.75 181 34.586133 0.023260
6 3.25 219 40.460137 0.032635
7 3.75 167 40.663413 0.034015
8 4.25 222 35.250991 0.021565
9 4.75 186 29.184194 0.027147
10 5.25 181 25.058453 0.024127
11 5.75 222 19.633108 0.015930
12 6.25 184 14.471902 0.019749
13 6.75 204 9.246373 0.016775
14 7.25 177 -0.053955 0.013350
15 7.75 207 -0.058744 0.009224
16 8.25 195 -0.042462 0.009315
17 8.75 181 -0.075028 0.009410
18 9.25 210 -0.056524 0.007341
19 9.75 141 0.214184 0.012025
20 10.25 125 -0.032240 0.013002
21 10.75 66 -0.015455 0.021773
22 11.25 38 -0.107368 0.040218
23 11.75 0 0.000000 0.000000
24 12.25 0 0.000000 0.000000
25 12.75 0 0.000000 0.000000
26 13.25 0 0.000000 0.000000
27 13.75 0 0.000000 0.000000
28 14.25 0 0.000000 0.000000
29 14.75 0 0.000000 0.000000
30 15.25 0 0.000000 0.000000
31 15.75 0 0.000000 0.000000
32 16.25 0 0.000000 0.000000
33 16.75 0 0.000000 0.000000
34 17.25 0 0.000000 0.000000
35 17.75 0 0.000000 0.000000
36 18.25 0 0.000000 0.000000
37 18.75 0 0.000000 0.000000
38 19.25 0 0.000000 0.000000
39 19.75 0 0.000000 0.000000

0 0.25 298 26.933255 0.010909
1 0.75 291 28.037526 0.012051
2 1.25 31 29.455484 0.245984
3 1.75 274 30.817847 0.011945
4 2.25 179 32.898492 0.021963
5 2.75 180 34.436722 0.024750
6 3.25 201 40.009950 0.032517
7 3.75 186 41.172204 0.029747
8 4.25 223 34.625785 0.023781
9 4.75 153 28.995033 0.039740
10 5.25 211 24.787109 0.019332
11 5.75 192 19.282396 0.020337
12 6.25 184 14.731685 0.020720
13 6.75 195 9.328513 0.017788
14 7.25 187 0.010481 0.012493
15 7.75 205 0.071707 0.009609
16 8.25 162 0.025988 0.012093
17 8.75 208 -0.082933 0.008398
18 9.25 183 0.021585 0.009134
19 9.75 174 -0.015690 0.009041
20 10.25 138 0.092319 0.011248
21 10.75 85 0.139647 0.018282
22 11.25 63 0.101587 0.024724
23 11.75 7 1.210000 0.437177
24 12.25 0 0.000000 0.000000
25 12.75 0 0.000000 0.000000
26 13.25 0 0.000000 0.000000
27 13.75 0 0.000000 0.000000
28 14.25 0 0.000000 0.000000
29 14.75 0 0.000000 0.000000
30 15.25 0 0.000000 0.000000
31 15.75 0 0.000000 0.000000
32 16.25 0 0.000000 0.000000
33 16.75 0 0.000000 0.000000
34 17.25 0 0.000000 0.000000
35 17.75 0 0.000000 0.000000
36 18.25 0 0.000000 0.000000
37 18.75 0 0.000000 0.000000
38 19.25 0 0.000000 0.000000
39 19.75 0 0.000000 0.000000

