# stratiform Vertical Profile Reflectivity (VPR) with Standard Deviation
# Format: bin_index bin_center_height_km point_count avg_reflectivity_dBZ std_deviation_dBZ
# Height bins: 0-20 km in 0.5 km increments
# Bins 0-39: stratiform
# Standard deviation is sample standard deviation (dividing by n-1)
#
0 0.25 0 0.000000 0.000000
1 0.75 0 0.000000 0.000000
2 1.25 0 0.000000 0.000000
3 1.75 0 0.000000 0.000000
4 2.25 0 0.000000 0.000000
5 2.75 0 0.000000 0.000000
6 3.25 626 38.437604 0.007019
7 3.75 106 44.242453 0.025606
8 4.25 0 0.000000 0.000000
9 4.75 96 30.282813 0.021134
10 5.25 148 26.615203 0.016280
11 5.75 4 18.752500 0.495712
12 6.25 127 14.976850 0.017077
13 6.75 110 10.770091 0.014691
14 7.25 0 0.000000 0.000000
15 7.75 0 0.000000 0.000000
16 8.25 0 0.000000 0.000000
17 8.75 72 -0.123472 0.010865
18 9.25 107 0.035514 0.006984
19 9.75 51 -0.164510 0.012932
20 10.25 0 0.000000 0.000000
21 10.75 0 0.000000 0.000000
22 11.25 42 -0.161905 0.015625
23 11.75 76 -0.381842 0.008873
24 12.25 113 0.061327 0.006705
25 12.75 15 -0.165333 0.034513
26 13.25 0 0.000000 0.000000
27 13.75 0 0.000000 0.000000
28 14.25 0 0.000000 0.000000
29 14.75 0 0.000000 0.000000
30 15.25 0 0.000000 0.000000
31 15.75 0 0.000000 0.000000
32 16.25 0 0.000000 0.000000
33 16.75 15 0.050000 0.038851
34 17.25 56 0.059286 0.013714
35 17.75 41 -0.169756 0.016736
36 18.25 81 -0.020988 0.010412
37 18.75 35 0.054000 0.023431
38 19.25 0 0.000000 0.000000
39 19.75 0 0.000000 0.000000

0 0.25 0 0.000000 0.000000
1 0.75 0 0.000000 0.000000
2 1.25 0 0.000000 0.000000
3 1.75 0 0.000000 0.000000
4 2.25 0 0.000000 0.000000
5 2.75 0 0.000000 0.000000
6 3.25 632 38.489604 0.007167
7 3.75 87 44.941839 0.038358
8 4.25 0 0.000000 0.000000
9 4.75 96 30.903021 0.024189
10 5.25 145 26.981241 0.016156
11 5.75 8 17.588750 0.183385
12 6.25 127 14.715276 0.015685
13 6.75 104 10.865096 0.013656
14 7.25 0 0.000000 0.000000
15 7.75 0 0.000000 0.000000
16 8.25 0 0.000000 0.000000
17 8.75 75 -0.016267 0.009014
18 9.25 122 -0.127623 0.005308
19 9.75 46 0.058043 0.017238
20 10.25 0 0.000000 0.000000
21 10.75 0 0.000000 0.000000
22 11.25 44 -0.156364 0.014026
23 11.75 70 0.041571 0.010372
24 12.25 117 -0.029487 0.007569
25 12.75 8 0.115000 0.064721
26 13.25 0 0.000000 0.000000
27 13.75 0 0.000000 0.000000
28 14.25 0 0.000000 0.000000
29 14.75 0 0.000000 0.000000
30 15.25 0 0.000000 0.000000
31 15.75 0 0.000000 0.000000
32 16.25 0 0.000000 0.000000
33 16.75 21 -0.225238 0.036464
34 17.25 54 -0.026111 0.010768
35 17.75 54 0.121852 0.014756
36 18.25 88 -0.062614 0.008125
37 18.75 29 -0.039310 0.028619
38 19.25 0 0.000000 0.000000
39 19.75 0 0.000000 0.000000

0 0.25 0 0.000000 0.000000
1 0.75 0 0.000000 0.000000
2 1.25 0 0.000000 0.000000
3 1.75 0 0.000000 0.000000
4 2.25 0 0.000000 0.000000
5 2.75 0 0.000000 0.000000
6 3.25 609 38.459721 0.007257
7 3.75 67 45.312239 0.041999
8 4.25 0 0.000000 0.000000
9 4.75 98 30.522653 0.024965
10 5.25 137 26.948540 0.015972
11 5.75 13 17.401538 0.093366
12 6.25 110 15.099818 0.019969
13 6.75 95 10.947368 0.014074
14 7.25 0 0.000000 0.000000
15 7.75 0 0.000000 0.000000
16 8.25 0 0.000000 0.000000
17 8.75 77 -0.184805 0.010090
18 9.25 122 0.050656 0.005664
19 9.75 37 0.272703 0.018946
20 10.25 0 0.000000 0.000000
21 10.75 0 0.000000 0.000000
22 11.25 55 0.030909 0.013100
23 11.75 59 -0.025593 0.012640
24 12.25 106 0.082736 0.007452
25 12.75 2 -0.090000 0.000000
26 13.25 0 0.000000 0.000000
27 13.75 0 0.000000 0.000000
28 14.25 0 0.000000 0.000000
29 14.75 0 0.000000 0.000000
30 15.25 0 0.000000 0.000000
31 15.75 0 0.000000 0.000000
32 16.25 0 0.000000 0.000000
33 16.75 28 0.055000 0.027396
34 17.25 50 -0.152800 0.014482
35 17.75 56 -0.051607 0.013369
36 18.25 83 -0.158916 0.010743
37 18.75 20 0.111000 0.030131
38 19.25 0 0.000000 0.000000
39 19.75 0 0.000000 0.000000

0 0.25 0 0.000000 0.000000
1 0.75 0 0.000000 0.000000
2 1.25 0 0.000000 0.000000
3 1.75 0 0.000000 0.000000
4 2.25 0 0.000000 0.000000
5 2.75 5 33.072000 0.542266
6 3.25 671 38.174575 0.006128
7 3.75 46 45.231522 0.074889
8 4.25 0 0.000000 0.000000
9 4.75 107 30.273645 0.019808
10 5.25 125 26.986240 0.018598
11 5.75 19 17.891053 0.077652
12 6.25 138 15.016884 0.013557
13 6.75 85 10.946588 0.016740
14 7.25 0 0.000000 0.000000
15 7.75 0 0.000000 0.000000
16 8.25 0 0.000000 0.000000
17 8.75 80 0.134250 0.009632
18 9.25 116 0.024138 0.005669
19 9.75 28 0.057143 0.019668
20 10.25 0 0.000000 0.000000
21 10.75 0 0.000000 0.000000
22 11.25 56 -0.003393 0.013336
23 11.75 83 -0.002892 0.009213
24 12.25 106 -0.011038 0.006586
25 12.75 0 0.000000 0.000000
26 13.25 0 0.000000 0.000000
27 13.75 0 0.000000 0.000000
28 14.25 0 0.000000 0.000000
29 14.75 0 0.000000 0.000000
30 15.25 0 0.000000 0.000000
31 15.75 0 0.000000 0.000000
32 16.25 0 0.000000 0.000000
33 16.75 36 0.131111 0.021879
34 17.25 42 -0.074524 0.020631
35 17.75 49 0.082041 0.015710
36 18.25 83 -0.007590 0.007508
37 18.75 14 0.347143 0.057596
38 19.25 0 0.000000 0.000000
39 19.75 0 0.000000 0.000000

0 0.25 0 0.000000 0.000000
1 0.75 0 0.000000 0.000000
2 1.25 0 0.000000 0.000000
3 1.75 0 0.000000 0.000000
4 2.25 0 0.000000 0.000000
5 2.75 13 34.566923 0.259651
6 3.25 667 38.105727 0.006174
7 3.75 32 45.004375 0.099753
8 4.25 0 0.000000 0.000000
9 4.75 110 30.363545 0.022771
10 5.25 128 27.357031 0.016483
11 5.75 27 18.425556 0.057784
12 6.25 139 14.658777 0.013911
13 6.75 75 11.199333 0.016550
14 7.25 0 0.000000 0.000000
15 7.75 0 0.000000 0.000000
16 8.25 2 -0.500000 0.000000
17 8.75 90 -0.074333 0.007857
18 9.25 128 0.006094 0.006110
19 9.75 25 0.185200 0.039246
20 10.25 0 0.000000 0.000000
21 10.75 0 0.000000 0.000000
22 11.25 59 -0.011525 0.014728
23 11.75 81 -0.091481 0.008640
24 12.25 98 -0.027959 0.007853
25 12.75 0 0.000000 0.000000
26 13.25 0 0.000000 0.000000
27 13.75 0 0.000000 0.000000
28 14.25 0 0.000000 0.000000
29 14.75 0 0.000000 0.000000
30 15.25 0 0.000000 0.000000
31 15.75 0 0.000000 0.000000
32 16.25 0 0.000000 0.000000
33 16.75 38 -0.021579 0.015975
34 17.25 50 0.262200 0.016672
35 17.75 68 -0.111176 0.011862
36 18.25 79 -0.045316 0.009454
37 18.75 8 0.111250 0.088828
38 19.25 0 0.000000 0.000000
39 19.75 0 0.000000 0.000000

0 0.25 0 0.000000 0.000000
1 0.75 0 0.000000 0.000000
2 1.25 0 0.000000 0.000000
3 1.75 0 0.000000 0.000000
4 2.25 0 0.000000 0.000000
5 2.75 25 34.420400 0.107519
6 3.25 631 38.033011 0.006598
7 3.75 19 45.506316 0.178260
8 4.25 0 0.000000 0.000000
9 4.75 113 31.131239 0.023787
10 5.25 122 27.321885 0.017741
11 5.75 34 17.964412 0.055567
12 6.25 125 14.711360 0.017234
13 6.75 70 11.151857 0.017377
14 7.25 0 0.000000 0.000000
15 7.75 0 0.000000 0.000000
16 8.25 4 1.107500 0.196759
17 8.75 88 -0.101023 0.009665
18 9.25 128 -0.036328 0.006041
19 9.75 17 0.101765 0.047645
20 10.25 0 0.000000 0.000000
21 10.75 0 0.000000 0.000000
22 11.25 65 -0.002308 0.010570
23 11.75 76 -0.046974 0.009084
24 12.25 87 -0.089195 0.009147
25 12.75 0 0.000000 0.000000
26 13.25 0 0.000000 0.000000
27 13.75 0 0.000000 0.000000
28 14.25 0 0.000000 0.000000
29 14.75 0 0.000000 0.000000
30 15.25 0 0.000000 0.000000
31 15.75 0 0.000000 0.000000
32 16.25 0 0.000000 0.000000
33 16.75 44 0.102045 0.019913
34 17.25 46 0.119348 0.015533
35 17.75 70 0.137571 0.010236
36 18.25 74 -0.095541 0.009185
37 18.75 4 -0.365000 0.019203
38 19.25 0 0.000000 0.000000
39 19.75 0 0.000000 0.000000

0 0.25 0 0.000000 0.000000
1 0.75 0 0.000000 0.000000
2 1.25 0 0.000000 0.000000
3 1.75 0 0.000000 0.000000
4 2.25 0 0.000000 0.000000
5 2.75 36 34.999722 0.088205
6 3.25 673 37.737117 0.006080
7 3.75 11 45.372727 0.169480
8 4.25 0 0.000000 0.000000
9 4.75 123 30.975610 0.023346
10 5.25 109 26.951835 0.016828
11 5.75 37 18.440270 0.040017
12 6.25 142 14.714507 0.013165
13 6.75 61 11.264918 0.021992
14 7.25 0 0.000000 0.000000
15 7.75 0 0.000000 0.000000
16 8.25 9 0.247778 0.088174
17 8.75 86 -0.033023 0.009552
18 9.25 119 -0.109664 0.006723
19 9.75 11 0.207273 0.073006
20 10.25 0 0.000000 0.000000
21 10.75 0 0.000000 0.000000
22 11.25 71 -0.065634 0.010609
23 11.75 91 -0.046484 0.007867
24 12.25 81 -0.173951 0.008340
25 12.75 0 0.000000 0.000000
26 13.25 0 0.000000 0.000000
27 13.75 0 0.000000 0.000000
28 14.25 0 0.000000 0.000000
29 14.75 0 0.000000 0.000000
30 15.25 0 0.000000 0.000000
31 15.75 0 0.000000 0.000000
32 16.25 0 0.000000 0.000000
33 16.75 49 0.071837 0.015551
34 17.25 40 0.108500 0.016814
35 17.75 63 -0.026190 0.009960
36 18.25 72 0.076667 0.010189
37 18.75 0 0.000000 0.000000
38 19.25 0 0.000000 0.000000
39 19.75 0 0.000000 0.000000

0 0.25 0 0.000000 0.000000
1 0.75 0 0.000000 0.000000
2 1.25 0 0.000000 0.000000
3 1.75 0 0.000000 0.000000
4 2.25 0 0.000000 0.000000
5 2.75 57 34.537018 0.038033
6 3.25 661 37.781331 0.006042
7 3.75 1 50.580000 0.000000
8 4.25 0 0.000000 0.000000
9 4.75 129 30.958217 0.022913
10 5.25 112 27.418929 0.020824
11 5.75 42 18.511905 0.034642
12 6.25 146 14.695068 0.013330
13 6.75 51 11.592745 0.020498
14 7.25 0 0.000000 0.000000
15 7.75 0 0.000000 0.000000
16 8.25 13 0.192308 0.055295
17 8.75 93 -0.039462 0.008316
18 9.25 129 0.020543 0.005825
19 9.75 6 0.611667 0.095443
20 10.25 0 0.000000 0.000000
21 10.75 2 -0.330000 0.148492
22 11.25 71 0.005634 0.010655
23 11.75 95 -0.123895 0.007830
24 12.25 72 0.080833 0.011076
25 12.75 0 0.000000 0.000000
26 13.25 0 0.000000 0.000000
27 13.75 0 0.000000 0.000000
28 14.25 0 0.000000 0.000000
29 14.75 0 0.000000 0.000000
30 15.25 0 0.000000 0.000000
31 15.75 0 0.000000 0.000000
32 16.25 1 -0.500000 0.000000
33 16.75 52 0.063269 0.014304
34 17.25 52 0.044231 0.016260
35 17.75 77 -0.072857 0.011957
36 18.25 61 -0.010000 0.013071
37 18.75 0 0.000000 0.000000
38 19.25 0 0.000000 0.000000
39 19.75 0 0.000000 0.000000

0 0.25 0 0.000000 0.000000
1 0.75 0 0.000000 0.000000
2 1.25 0 0.000000 0.000000
3 1.75 0 0.000000 0.000000
4 2.25 0 0.000000 0.000000
5 2.75 70 33.984857 0.030259
6 3.25 625 37.531616 0.006258
7 3.75 0 0.000000 0.000000
8 4.25 0 0.000000 0.000000
9 4.75 135 31.359111 0.020411
10 5.25 101 27.757525 0.024606
11 5.75 47 18.573191 0.027829
12 6.25 135 14.661407 0.015606
13 6.75 46 11.608696 0.027780
14 7.25 0 0.000000 0.000000
15 7.75 0 0.000000 0.000000
16 8.25 17 -0.175294 0.062822
17 8.75 92 0.089674 0.007676
18 9.25 125 0.011760 0.005939
19 9.75 3 0.700000 0.259808
20 10.25 0 0.000000 0.000000
21 10.75 5 0.260000 0.116713
22 11.25 71 -0.039859 0.008390
23 11.75 90 0.072667 0.008620
24 12.25 65 0.165692 0.012485
25 12.75 0 0.000000 0.000000
26 13.25 0 0.000000 0.000000
27 13.75 0 0.000000 0.000000
28 14.25 0 0.000000 0.000000
29 14.75 0 0.000000 0.000000
30 15.25 0 0.000000 0.000000
31 15.75 0 0.000000 0.000000
32 16.25 5 0.054000 0.101564
33 16.75 51 -0.161765 0.015939
34 17.25 51 -0.006471 0.013756
35 17.75 78 -0.038718 0.009926
36 18.25 55 -0.086000 0.017859
37 18.75 0 0.000000 0.000000
38 19.25 0 0.000000 0.000000
39 19.75 0 0.000000 0.000000

0 0.25 0 0.000000 0.000000
1 0.75 0 0.000000 0.000000
2 1.25 0 0.000000 0.000000
3 1.75 0 0.000000 0.000000
4 2.25 0 0.000000 0.000000
5 2.75 87 34.401264 0.026590
6 3.25 633 37.358657 0.006113
7 3.75 0 0.000000 0.000000
8 4.25 0 0.000000 0.000000
9 4.75 142 31.105563 0.019442
10 5.25 93 27.443011 0.022076
11 5.75 50 18.935600 0.032281
12 6.25 153 14.879020 0.014198
13 6.75 39 11.791795 0.032275
14 7.25 0 0.000000 0.000000
15 7.75 0 0.000000 0.000000
16 8.25 24 -0.041250 0.025352
17 8.75 92 -0.044457 0.008059
18 9.25 114 0.094825 0.006372
19 9.75 0 0.000000 0.000000
20 10.25 0 0.000000 0.000000
21 10.75 10 0.234000 0.053346
22 11.25 78 0.043462 0.009774
23 11.75 97 0.078866 0.009031
24 12.25 58 -0.096207 0.012768
25 12.75 0 0.000000 0.000000
26 13.25 0 0.000000 0.000000
27 13.75 0 0.000000 0.000000
28 14.25 0 0.000000 0.000000
29 14.75 0 0.000000 0.000000
30 15.25 0 0.000000 0.000000
31 15.75 0 0.000000 0.000000
32 16.25 8 0.112500 0.091858
33 16.75 57 -0.095789 0.013382
34 17.25 40 0.030250 0.021323
35 17.75 70 -0.035714 0.009380
36 18.25 49 -0.030612 0.012958
37 18.75 0 0.000000 0.000000
38 19.25 0 0.000000 0.000000
39 19.75 0 0.000000 0.000000

0 0.25 0 0.000000 0.000000
1 0.75 0 0.000000 0.000000
2 1.25 0 0.000000 0.000000
3 1.75 0 0.000000 0.000000
4 2.25 0 0.000000 0.000000
5 2.75 106 34.720472 0.022520
6 3.25 611 36.866318 0.005658
7 3.75 0 0.000000 0.000000
8 4.25 0 0.000000 0.000000
9 4.75 154 31.284286 0.016957
10 5.25 87 27.213103 0.022101
11 5.75 57 18.847018 0.028546
12 6.25 152 14.734276 0.012946
13 6.75 32 11.426250 0.031093
14 7.25 0 0.000000 0.000000
15 7.75 0 0.000000 0.000000
16 8.25 31 0.258710 0.021716
17 8.75 92 0.068478 0.008149
18 9.25 117 -0.029573 0.006613
19 9.75 0 0.000000 0.000000
20 10.25 0 0.000000 0.000000
21 10.75 15 -0.441333 0.044125
22 11.25 76 -0.091053 0.009377
23 11.75 101 -0.020099 0.007887
24 12.25 49 -0.083265 0.013334
25 12.75 0 0.000000 0.000000
26 13.25 0 0.000000 0.000000
27 13.75 0 0.000000 0.000000
28 14.25 0 0.000000 0.000000
29 14.75 0 0.000000 0.000000
30 15.25 0 0.000000 0.000000
31 15.75 0 0.000000 0.000000
32 16.25 12 -0.185833 0.061845
33 16.75 59 0.138644 0.014531
34 17.25 51 0.017059 0.015924
35 17.75 82 -0.126707 0.009150
36 18.25 38 -0.066842 0.018484
37 18.75 0 0.000000 0.000000
38 19.25 0 0.000000 0.000000
39 19.75 0 0.000000 0.000000

0 0.25 0 0.000000 0.000000
1 0.75 0 0.000000 0.000000
2 1.25 0 0.000000 0.000000
3 1.75 0 0.000000 0.000000
4 2.25 0 0.000000 0.000000
5 2.75 127 34.256772 0.019000
6 3.25 566 37.057509 0.005939
7 3.75 0 0.000000 0.000000
8 4.25 0 0.000000 0.000000
9 4.75 155 31.149161 0.018325
10 5.25 79 27.683671 0.024833
11 5.75 60 19.149500 0.026498
12 6.25 142 14.545915 0.015021
13 6.75 25 11.579600 0.049924
14 7.25 0 0.000000 0.000000
15 7.75 0 0.000000 0.000000
16 8.25 36 -0.196111 0.018688
17 8.75 88 -0.086023 0.009123
18 9.25 113 0.067965 0.006253
19 9.75 0 0.000000 0.000000
20 10.25 0 0.000000 0.000000
21 10.75 18 0.013889 0.052119
22 11.25 72 -0.041528 0.010457
23 11.75 98 -0.070204 0.006565
24 12.25 44 -0.103636 0.018311
25 12.75 0 0.000000 0.000000
26 13.25 0 0.000000 0.000000
27 13.75 0 0.000000 0.000000
28 14.25 0 0.000000 0.000000
29 14.75 0 0.000000 0.000000
30 15.25 0 0.000000 0.000000
31 15.75 0 0.000000 0.000000
32 16.25 17 0.268824 0.029074
33 16.75 55 -0.172909 0.012089
34 17.25 51 0.049412 0.012304
35 17.75 82 -0.096220 0.010185
36 18.25 33 -0.080000 0.020246
37 18.75 0 0.000000 0.000000
38 19.25 0 0.000000 0.000000
39 19.75 0 0.000000 0.000000

0 0.25 0 0.000000 0.000000
1 0.75 0 0.000000 0.000000
2 1.25 0 0.000000 0.000000
3 1.75 0 0.000000 0.000000
4 2.25 0 0.000000 0.000000
5 2.75 137 33.825839 0.016921
6 3.25 576 36.559271 0.005626
7 3.75 0 0.000000 0.000000
8 4.25 4 34.692500 0.243314
9 4.75 160 31.216187 0.017900
10 5.25 72 27.623889 0.025778
11 5.75 65 19.151692 0.030165
12 6.25 155 14.618710 0.013349
13 6.75 21 11.903333 0.043507
14 7.25 0 0.000000 0.000000
15 7.75 0 0.000000 0.000000
16 8.25 42 0.092143 0.018046
17 8.75 90 -0.102778 0.008646
18 9.25 102 -0.003431 0.008973
19 9.75 0 0.000000 0.000000
20 10.25 0 0.000000 0.000000
21 10.75 24 0.110417 0.027079
22 11.25 73 0.125205 0.009383
23 11.75 105 -0.090762 0.006800
24 12.25 37 0.105135 0.020642
25 12.75 0 0.000000 0.000000
26 13.25 0 0.000000 0.000000
27 13.75 0 0.000000 0.000000
28 14.25 0 0.000000 0.000000
29 14.75 0 0.000000 0.000000
30 15.25 0 0.000000 0.000000
31 15.75 0 0.000000 0.000000
32 16.25 21 -0.061429 0.040349
33 16.75 56 -0.085357 0.015174
34 17.25 48 0.158958 0.015034
35 17.75 76 -0.109342 0.009903
36 18.25 29 0.226207 0.022296
37 18.75 0 0.000000 0.000000
38 19.25 0 0.000000 0.000000
39 19.75 0 0.000000 0.000000

0 0.25 0 0.000000 0.000000
1 0.75 0 0.000000 0.000000
2 1.25 0 0.000000 0.000000
3 1.75 0 0.000000 0.000000
4 2.25 0 0.000000 0.000000
5 2.75 151 34.548609 0.014730
6 3.25 555 36.556270 0.005629
7 3.75 0 0.000000 0.000000
8 4.25 7 35.824286 0.187208
9 4.75 170 31.351471 0.016706
10 5.25 61 27.762295 0.035115
11 5.75 69 19.296087 0.023111
12 6.25 153 14.733725 0.012415
13 6.75 16 12.391875 0.061101
14 7.25 0 0.000000 0.000000
15 7.75 0 0.000000 0.000000
16 8.25 46 -0.016087 0.016497
17 8.75 92 0.021630 0.008433
18 9.25 101 -0.072574 0.007531
19 9.75 0 0.000000 0.000000
20 10.25 0 0.000000 0.000000
21 10.75 32 -0.161562 0.024296
22 11.25 72 -0.028472 0.010623
23 11.75 105 0.065333 0.006649
24 12.25 31 -0.045806 0.021419
25 12.75 0 0.000000 0.000000
26 13.25 0 0.000000 0.000000
27 13.75 0 0.000000 0.000000
28 14.25 0 0.000000 0.000000
29 14.75 0 0.000000 0.000000
30 15.25 0 0.000000 0.000000
31 15.75 0 0.000000 0.000000
32 16.25 26 0.058077 0.032197
33 16.75 53 -0.028679 0.013351
34 17.25 56 0.042679 0.014587
35 17.75 80 0.166125 0.009460
36 18.25 23 0.249565 0.032093
37 18.75 0 0.000000 0.000000
38 19.25 0 0.000000 0.000000
39 19.75 0 0.000000 0.000000

0 0.25 0 0.000000 0.000000
1 0.75 0 0.000000 0.000000
2 1.25 0 0.000000 0.000000
3 1.75 0 0.000000 0.000000
4 2.25 0 0.000000 0.000000
5 2.75 163 34.338834 0.013272
6 3.25 528 36.432216 0.006027
7 3.75 0 0.000000 0.000000
8 4.25 12 35.168333 0.234471
9 4.75 165 31.301879 0.014777
10 5.25 56 27.710714 0.033115
11 5.75 71 19.361972 0.025477
12 6.25 149 14.893624 0.013196
13 6.75 9 12.287778 0.156419
14 7.25 0 0.000000 0.000000
15 7.75 0 0.000000 0.000000
16 8.25 48 0.046042 0.017132
17 8.75 92 -0.031196 0.007634
18 9.25 91 0.057253 0.007238
19 9.75 0 0.000000 0.000000
20 10.25 0 0.000000 0.000000
21 10.75 37 0.247027 0.020791
22 11.25 65 0.062769 0.012048
23 11.75 104 -0.047692 0.007489
24 12.25 24 0.309583 0.037915
25 12.75 0 0.000000 0.000000
26 13.25 0 0.000000 0.000000
27 13.75 0 0.000000 0.000000
28 14.25 0 0.000000 0.000000
29 14.75 0 0.000000 0.000000
30 15.25 0 0.000000 0.000000
31 15.75 0 0.000000 0.000000
32 16.25 33 0.418788 0.020123
33 16.75 51 0.172157 0.013585
34 17.25 58 -0.043966 0.012587
35 17.75 78 -0.085128 0.009213
36 18.25 17 0.002353 0.045651
37 18.75 0 0.000000 0.000000
38 19.25 0 0.000000 0.000000
39 19.75 0 0.000000 0.000000

0 0.25 0 0.000000 0.000000
1 0.75 0 0.000000 0.000000
2 1.25 0 0.000000 0.000000
3 1.75 0 0.000000 0.000000
4 2.25 0 0.000000 0.000000
5 2.75 175 34.122686 0.012031
6 3.25 547 36.344186 0.005682
7 3.75 0 0.000000 0.000000
8 4.25 16 35.095625 0.201371
9 4.75 171 30.896550 0.015966
10 5.25 52 28.158654 0.039510
11 5.75 78 19.229103 0.022802
12 6.25 155 14.964258 0.012854
13 6.75 7 11.535714 0.202813
14 7.25 0 0.000000 0.000000
15 7.75 0 0.000000 0.000000
16 8.25 55 0.013818 0.012274
17 8.75 95 -0.040316 0.008604
18 9.25 84 0.014048 0.009718
19 9.75 0 0.000000 0.000000
20 10.25 0 0.000000 0.000000
21 10.75 41 -0.048537 0.017214
22 11.25 70 -0.060429 0.010800
23 11.75 110 -0.060364 0.007610
24 12.25 20 -0.226000 0.040758
25 12.75 0 0.000000 0.000000
26 13.25 0 0.000000 0.000000
27 13.75 0 0.000000 0.000000
28 14.25 0 0.000000 0.000000
29 14.75 0 0.000000 0.000000
30 15.25 0 0.000000 0.000000
31 15.75 0 0.000000 0.000000
32 16.25 39 0.016154 0.023068
33 16.75 48 -0.201250 0.018340
34 17.25 58 0.010000 0.013346
35 17.75 75 0.012400 0.010046
36 18.25 12 0.113333 0.081260
37 18.75 0 0.000000 0.000000
38 19.25 0 0.000000 0.000000
39 19.75 0 0.000000 0.000000

0 0.25 0 0.000000 0.000000
1 0.75 0 0.000000 0.000000
2 1.25 0 0.000000 0.000000
3 1.75 0 0.000000 0.000000
4 2.25 0 0.000000 0.000000
5 2.75 185 34.455676 0.013020
6 3.25 533 35.894765 0.005593
7 3.75 0 0.000000 0.000000
8 4.25 23 36.022609 0.085671
9 4.75 176 31.112727 0.015971
10 5.25 44 28.048409 0.055532
11 5.75 82 19.553293 0.022848
12 6.25 155 14.915613 0.012015
13 6.75 2 12.355000 0.307591
14 7.25 0 0.000000 0.000000
15 7.75 0 0.000000 0.000000
16 8.25 61 -0.019508 0.010047
17 8.75 103 -0.040777 0.008356
18 9.25 81 -0.096173 0.009618
19 9.75 0 0.000000 0.000000
20 10.25 0 0.000000 0.000000
21 10.75 46 -0.059348 0.019147
22 11.25 69 0.020000 0.010304
23 11.75 110 0.074909 0.006899
24 12.25 16 0.111875 0.060330
25 12.75 0 0.000000 0.000000
26 13.25 0 0.000000 0.000000
27 13.75 0 0.000000 0.000000
28 14.25 0 0.000000 0.000000
29 14.75 0 0.000000 0.000000
30 15.25 0 0.000000 0.000000
31 15.75 0 0.000000 0.000000
32 16.25 41 -0.061220 0.013818
33 16.75 52 0.028654 0.015191
34 17.25 63 -0.148254 0.011845
35 17.75 73 -0.037123 0.009754
36 18.25 7 -0.355714 0.063352
37 18.75 0 0.000000 0.000000
38 19.25 0 0.000000 0.000000
39 19.75 0 0.000000 0.000000

0 0.25 0 0.000000 0.000000
1 0.75 0 0.000000 0.000000
2 1.25 0 0.000000 0.000000
3 1.75 0 0.000000 0.000000
4 2.25 0 0.000000 0.000000
5 2.75 195 34.691385 0.012216
6 3.25 510 36.011471 0.005667
7 3.75 0 0.000000 0.000000
8 4.25 27 35.505185 0.086504
9 4.75 173 31.029711 0.016653
10 5.25 37 28.319189 0.044269
11 5.75 82 19.478171 0.020819
12 6.25 149 14.987248 0.014986
13 6.75 0 0.000000 0.000000
14 7.25 0 0.000000 0.000000
15 7.75 0 0.000000 0.000000
16 8.25 61 0.083115 0.013203
17 8.75 104 -0.071538 0.006668
18 9.25 71 -0.145211 0.010696
19 9.75 0 0.000000 0.000000
20 10.25 0 0.000000 0.000000
21 10.75 52 -0.125577 0.015452
22 11.25 68 0.066471 0.010331
23 11.75 103 -0.041165 0.007228
24 12.25 11 -0.350909 0.061112
25 12.75 0 0.000000 0.000000
26 13.25 0 0.000000 0.000000
27 13.75 0 0.000000 0.000000
28 14.25 0 0.000000 0.000000
29 14.75 0 0.000000 0.000000
30 15.25 0 0.000000 0.000000
31 15.75 0 0.000000 0.000000
32 16.25 49 0.172653 0.014513
33 16.75 51 0.066667 0.014187
34 17.25 67 0.020299 0.012115
35 17.75 70 0.048143 0.009954
36 18.25 5 -0.020000 0.114403
37 18.75 0 0.000000 0.000000
38 19.25 0 0.000000 0.000000
39 19.75 0 0.000000 0.000000

0 0.25 0 0.000000 0.000000
1 0.75 0 0.000000 0.000000
2 1.25 0 0.000000 0.000000
3 1.75 0 0.000000 0.000000
4 2.25 0 0.000000 0.000000
5 2.75 213 34.189155 0.011376
6 3.25 501 35.674910 0.006249
7 3.75 0 0.000000 0.000000
8 4.25 32 34.721250 0.069757
9 4.75 174 30.949310 0.015759
10 5.25 32 28.601562 0.047498
11 5.75 90 19.860667 0.021708
12 6.25 147 15.113265 0.012432
13 6.75 0 0.000000 0.000000
14 7.25 0 0.000000 0.000000
15 7.75 0 0.000000 0.000000
16 8.25 66 -0.164545 0.011660
17 8.75 106 -0.015755 0.006837
18 9.25 67 0.099552 0.009813
19 9.75 0 0.000000 0.000000
20 10.25 0 0.000000 0.000000
21 10.75 56 0.315000 0.016052
22 11.25 71 0.032817 0.009230
23 11.75 107 0.071963 0.007051
24 12.25 7 0.271429 0.109685
25 12.75 0 0.000000 0.000000
26 13.25 0 0.000000 0.000000
27 13.75 0 0.000000 0.000000
28 14.25 0 0.000000 0.000000
29 14.75 0 0.000000 0.000000
30 15.25 0 0.000000 0.000000
31 15.75 0 0.000000 0.000000
32 16.25 50 0.032000 0.012816
33 16.75 48 0.058958 0.016782
34 17.25 70 -0.002714 0.011431
35 17.75 67 -0.070448 0.011387
36 18.25 2 0.870000 0.000000
37 18.75 0 0.000000 0.000000
38 19.25 0 0.000000 0.000000
39 19.75 0 0.000000 0.000000

0 0.25 0 0.000000 0.000000
1 0.75 0 0.000000 0.000000
2 1.25 0 0.000000 0.000000
3 1.75 0 0.000000 0.000000
4 2.25 0 0.000000 0.000000
5 2.75 219 34.022009 0.011498
6 3.25 487 35.602813 0.006180
7 3.75 0 0.000000 0.000000
8 4.25 37 35.094054 0.069923
9 4.75 174 31.147471 0.017294
10 5.25 28 28.102143 0.079630
11 5.75 92 19.778696 0.019844
12 6.25 144 14.990764 0.012739
13 6.75 0 0.000000 0.000000
14 7.25 0 0.000000 0.000000
15 7.75 0 0.000000 0.000000
16 8.25 72 0.046667 0.009445
17 8.75 111 -0.107477 0.006563
18 9.25 56 0.011786 0.011852
19 9.75 0 0.000000 0.000000
20 10.25 0 0.000000 0.000000
21 10.75 59 0.045932 0.013194
22 11.25 70 -0.216429 0.012800
23 11.75 105 0.015714 0.007096
24 12.25 4 0.850000 0.138429
25 12.75 0 0.000000 0.000000
26 13.25 0 0.000000 0.000000
27 13.75 0 0.000000 0.000000
28 14.25 0 0.000000 0.000000
29 14.75 0 0.000000 0.000000
30 15.25 0 0.000000 0.000000
31 15.75 0 0.000000 0.000000
32 16.25 54 0.153333 0.009749
33 16.75 49 -0.101633 0.014725
34 17.25 76 -0.056447 0.008426
35 17.75 56 -0.048214 0.014608
36 18.25 0 0.000000 0.000000
37 18.75 0 0.000000 0.000000
38 19.25 0 0.000000 0.000000
39 19.75 0 0.000000 0.000000

0 0.25 0 0.000000 0.000000
1 0.75 0 0.000000 0.000000
2 1.25 0 0.000000 0.000000
3 1.75 0 0.000000 0.000000
4 2.25 0 0.000000 0.000000
5 2.75 225 34.159867 0.010831
6 3.25 474 35.476751 0.005471
7 3.75 0 0.000000 0.000000
8 4.25 41 34.899756 0.060825
9 4.75 169 31.384734 0.015162
10 5.25 20 28.204500 0.098016
11 5.75 96 19.908021 0.021005
12 6.25 146 15.342534 0.011934
13 6.75 0 0.000000 0.000000
14 7.25 0 0.000000 0.000000
15 7.75 0 0.000000 0.000000
16 8.25 71 0.010986 0.010988
17 8.75 111 0.017027 0.006537
18 9.25 51 -0.148235 0.014617
19 9.75 0 0.000000 0.000000
20 10.25 0 0.000000 0.000000
21 10.75 62 -0.071290 0.011666
22 11.25 80 0.080125 0.008719
23 11.75 97 -0.084021 0.006355
24 12.25 0 0.000000 0.000000
25 12.75 0 0.000000 0.000000
26 13.25 0 0.000000 0.000000
27 13.75 0 0.000000 0.000000
28 14.25 0 0.000000 0.000000
29 14.75 0 0.000000 0.000000
30 15.25 0 0.000000 0.000000
31 15.75 3 0.126667 0.223267
32 16.25 55 -0.019636 0.013663
33 16.75 48 0.131250 0.015158
34 17.25 76 -0.095000 0.009610
35 17.75 56 0.023036 0.012730
36 18.25 0 0.000000 0.000000
37 18.75 0 0.000000 0.000000
38 19.25 0 0.000000 0.000000
39 19.75 0 0.000000 0.000000

0 0.25 0 0.000000 0.000000
1 0.75 0 0.000000 0.000000
2 1.25 0 0.000000 0.000000
3 1.75 0 0.000000 0.000000
4 2.25 0 0.000000 0.000000
5 2.75 243 34.412922 0.010247
6 3.25 467 35.246531 0.005968
7 3.75 0 0.000000 0.000000
8 4.25 45 34.912444 0.056255
9 4.75 171 31.010877 0.017272
10 5.25 17 29.731176 0.128700
11 5.75 98 19.912041 0.019481
12 6.25 137 15.433869 0.012111
13 6.75 0 0.000000 0.000000
14 7.25 0 0.000000 0.000000
15 7.75 0 0.000000 0.000000
16 8.25 75 -0.117867 0.010575
17 8.75 113 0.030531 0.006220
18 9.25 45 0.115778 0.017191
19 9.75 0 0.000000 0.000000
20 10.25 0 0.000000 0.000000
21 10.75 65 -0.134154 0.009295
22 11.25 73 0.183425 0.009570
23 11.75 97 -0.037629 0.008016
24 12.25 0 0.000000 0.000000
25 12.75 0 0.000000 0.000000
26 13.25 0 0.000000 0.000000
27 13.75 0 0.000000 0.000000
28 14.25 0 0.000000 0.000000
29 14.75 0 0.000000 0.000000
30 15.25 0 0.000000 0.000000
31 15.75 5 -0.216000 0.194867
32 16.25 56 0.066786 0.013882
33 16.75 50 -0.048200 0.015941
34 17.25 74 -0.138514 0.009441
35 17.75 50 -0.001200 0.014713
36 18.25 0 0.000000 0.000000
37 18.75 0 0.000000 0.000000
38 19.25 0 0.000000 0.000000
39 19.75 0 0.000000 0.000000

0 0.25 0 0.000000 0.000000
1 0.75 0 0.000000 0.000000
2 1.25 0 0.000000 0.000000
3 1.75 0 0.000000 0.000000
4 2.25 0 0.000000 0.000000
5 2.75 253 34.133004 0.010337
6 3.25 456 35.520855 0.005507
7 3.75 0 0.000000 0.000000
8 4.25 51 35.051176 0.047686
9 4.75 173 31.364682 0.014492
10 5.25 14 28.548571 0.142343
11 5.75 103 19.880388 0.020300
12 6.25 132 15.469697 0.012577
13 6.75 0 0.000000 0.000000
14 7.25 0 0.000000 0.000000
15 7.75 0 0.000000 0.000000
16 8.25 80 -0.038000 0.008994
17 8.75 117 0.015983 0.006807
18 9.25 41 0.107561 0.018289
19 9.75 0 0.000000 0.000000
20 10.25 0 0.000000 0.000000
21 10.75 68 -0.059265 0.009713
22 11.25 76 0.180263 0.010662
23 11.75 94 -0.145851 0.006788
24 12.25 0 0.000000 0.000000
25 12.75 0 0.000000 0.000000
26 13.25 0 0.000000 0.000000
27 13.75 0 0.000000 0.000000
28 14.25 0 0.000000 0.000000
29 14.75 0 0.000000 0.000000
30 15.25 0 0.000000 0.000000
31 15.75 7 0.101429 0.130685
32 16.25 58 -0.129655 0.012802
33 16.75 49 -0.110408 0.017636
34 17.25 80 0.021125 0.009056
35 17.75 42 0.023333 0.016567
36 18.25 0 0.000000 0.000000
37 18.75 0 0.000000 0.000000
38 19.25 0 0.000000 0.000000
39 19.75 0 0.000000 0.000000

0 0.25 0 0.000000 0.000000
1 0.75 0 0.000000 0.000000
2 1.25 0 0.000000 0.000000
3 1.75 0 0.000000 0.000000
4 2.25 0 0.000000 0.000000
5 2.75 256 34.078984 0.008841
6 3.25 444 35.361959 0.005708
7 3.75 0 0.000000 0.000000
8 4.25 55 34.897273 0.039606
9 4.75 171 31.044152 0.014696
10 5.25 11 28.083636 0.199025
11 5.75 103 20.030097 0.019254
12 6.25 128 15.744062 0.014515
13 6.75 0 0.000000 0.000000
14 7.25 0 0.000000 0.000000
15 7.75 0 0.000000 0.000000
16 8.25 82 0.034146 0.009472
17 8.75 117 0.065897 0.007578
18 9.25 35 0.188857 0.024145
19 9.75 0 0.000000 0.000000
20 10.25 0 0.000000 0.000000
21 10.75 71 -0.086901 0.009590
22 11.25 80 -0.075500 0.009896
23 11.75 85 0.161765 0.009625
24 12.25 0 0.000000 0.000000
25 12.75 0 0.000000 0.000000
26 13.25 0 0.000000 0.000000
27 13.75 0 0.000000 0.000000
28 14.25 0 0.000000 0.000000
29 14.75 0 0.000000 0.000000
30 15.25 0 0.000000 0.000000
31 15.75 11 -0.217273 0.068772
32 16.25 58 0.080862 0.012909
33 16.75 50 0.087600 0.014652
34 17.25 80 0.116250 0.009113
35 17.75 39 -0.046667 0.022340
36 18.25 0 0.000000 0.000000
37 18.75 0 0.000000 0.000000
38 19.25 0 0.000000 0.000000
39 19.75 0 0.000000 0.000000

0 0.25 0 0.000000 0.000000
1 0.75 0 0.000000 0.000000
2 1.25 0 0.000000 0.000000
3 1.75 0 0.000000 0.000000
4 2.25 0 0.000000 0.000000
5 2.75 272 34.533824 0.008834
6 3.25 435 35.220437 0.005702
7 3.75 0 0.000000 0.000000
8 4.25 57 35.000175 0.042695
9 4.75 172 31.317326 0.015901
10 5.25 8 29.526250 0.314728
11 5.75 110 20.207545 0.017932
12 6.25 127 15.614331 0.014779
13 6.75 0 0.000000 0.000000
14 7.25 0 0.000000 0.000000
15 7.75 0 0.000000 0.000000
16 8.25 86 0.169651 0.008993
17 8.75 119 -0.010756 0.006767
18 9.25 30 0.082000 0.021950
19 9.75 0 0.000000 0.000000
20 10.25 0 0.000000 0.000000
21 10.75 73 -0.013699 0.010150
22 11.25 79 0.021139 0.009314
23 11.75 82 0.012805 0.008915
24 12.25 0 0.000000 0.000000
25 12.75 0 0.000000 0.000000
26 13.25 0 0.000000 0.000000
27 13.75 0 0.000000 0.000000
28 14.25 0 0.000000 0.000000
29 14.75 0 0.000000 0.000000
30 15.25 0 0.000000 0.000000
31 15.75 15 -0.367333 0.031106
32 16.25 57 -0.017544 0.014191
33 16.75 51 -0.050588 0.013570
34 17.25 81 0.017284 0.008956
35 17.75 33 -0.002121 0.024499
36 18.25 0 0.000000 0.000000
37 18.75 0 0.000000 0.000000
38 19.25 0 0.000000 0.000000
39 19.75 0 0.000000 0.000000

0 0.25 0 0.000000 0.000000
1 0.75 0 0.000000 0.000000
2 1.25 0 0.000000 0.000000
3 1.75 0 0.000000 0.000000
4 2.25 0 0.000000 0.000000
5 2.75 280 34.257179 0.008268
6 3.25 424 35.206415 0.005935
7 3.75 0 0.000000 0.000000
8 4.25 61 35.084918 0.043209
9 4.75 170 31.228647 0.016110
10 5.25 4 27.312500 0.106661
11 5.75 111 20.247838 0.017228
12 6.25 123 15.808699 0.012781
13 6.75 0 0.000000 0.000000
14 7.25 0 0.000000 0.000000
15 7.75 0 0.000000 0.000000
16 8.25 91 -0.091099 0.007827
17 8.75 118 0.058729 0.006172
18 9.25 27 0.136667 0.034410
19 9.75 0 0.000000 0.000000
20 10.25 0 0.000000 0.000000
21 10.75 76 0.096711 0.009101
22 11.25 83 -0.181446 0.008817
23 11.75 74 -0.045135 0.011024
24 12.25 0 0.000000 0.000000
25 12.75 0 0.000000 0.000000
26 13.25 0 0.000000 0.000000
27 13.75 0 0.000000 0.000000
28 14.25 0 0.000000 0.000000
29 14.75 0 0.000000 0.000000
30 15.25 0 0.000000 0.000000
31 15.75 20 0.251000 0.038281
32 16.25 56 0.086786 0.011350
33 16.75 49 0.001429 0.016371
34 17.25 81 -0.121852 0.008516
35 17.75 29 -0.000345 0.025616
36 18.25 0 0.000000 0.000000
37 18.75 0 0.000000 0.000000
38 19.25 0 0.000000 0.000000
39 19.75 0 0.000000 0.000000

0 0.25 0 0.000000 0.000000
1 0.75 0 0.000000 0.000000
2 1.25 0 0.000000 0.000000
3 1.75 0 0.000000 0.000000
4 2.25 0 0.000000 0.000000
5 2.75 296 34.117736 0.008105
6 3.25 411 34.993650 0.005955
7 3.75 0 0.000000 0.000000
8 4.25 61 35.455574 0.038984
9 4.75 168 31.234405 0.016453
10 5.25 1 30.360000 0.000000
11 5.75 114 20.219386 0.017369
12 6.25 116 15.822759 0.012866
13 6.75 0 0.000000 0.000000
14 7.25 0 0.000000 0.000000
15 7.75 0 0.000000 0.000000
16 8.25 93 -0.045914 0.007726
17 8.75 118 0.099153 0.006720
18 9.25 23 -0.063913 0.027088
19 9.75 0 0.000000 0.000000
20 10.25 1 -0.540000 0.000000
21 10.75 79 -0.042911 0.008829
22 11.25 84 0.000238 0.008303
23 11.75 68 -0.050735 0.012834
24 12.25 0 0.000000 0.000000
25 12.75 0 0.000000 0.000000
26 13.25 0 0.000000 0.000000
27 13.75 0 0.000000 0.000000
28 14.25 0 0.000000 0.000000
29 14.75 0 0.000000 0.000000
30 15.25 0 0.000000 0.000000
31 15.75 23 -0.126522 0.034227
32 16.25 56 -0.018036 0.015367
33 16.75 54 0.054630 0.015476
34 17.25 78 0.063205 0.010652
35 17.75 24 -0.068333 0.023200
36 18.25 0 0.000000 0.000000
37 18.75 0 0.000000 0.000000
38 19.25 0 0.000000 0.000000
39 19.75 0 0.000000 0.000000

0 0.25 0 0.000000 0.000000
1 0.75 0 0.000000 0.000000
2 1.25 0 0.000000 0.000000
3 1.75 0 0.000000 0.000000
4 2.25 0 0.000000 0.000000
5 2.75 306 34.310948 0.008178
6 3.25 400 34.976850 0.006161
7 3.75 0 0.000000 0.000000
8 4.25 66 35.554848 0.036713
9 4.75 168 31.179940 0.016287
10 5.25 0 0.000000 0.000000
11 5.75 121 20.603636 0.017982
12 6.25 116 16.086897 0.014506
13 6.75 0 0.000000 0.000000
14 7.25 0 0.000000 0.000000
15 7.75 1 -0.340000 0.000000
16 8.25 98 0.106429 0.007697
17 8.75 121 0.024711 0.006457
18 9.25 17 0.248235 0.055520
19 9.75 0 0.000000 0.000000
20 10.25 3 -0.396667 0.080714
21 10.75 83 0.096265 0.007284
22 11.25 89 0.102584 0.007191
23 11.75 61 0.085574 0.012150
24 12.25 0 0.000000 0.000000
25 12.75 0 0.000000 0.000000
26 13.25 0 0.000000 0.000000
27 13.75 0 0.000000 0.000000
28 14.25 0 0.000000 0.000000
29 14.75 0 0.000000 0.000000
30 15.25 0 0.000000 0.000000
31 15.75 29 0.179310 0.025759
32 16.25 55 0.002909 0.014347
33 16.75 53 -0.030377 0.011539
34 17.25 78 -0.000385 0.009473
35 17.75 22 0.300000 0.037130
36 18.25 0 0.000000 0.000000
37 18.75 0 0.000000 0.000000
38 19.25 0 0.000000 0.000000
39 19.75 0 0.000000 0.000000

0 0.25 0 0.000000 0.000000
1 0.75 0 0.000000 0.000000
2 1.25 0 0.000000 0.000000
3 1.75 0 0.000000 0.000000
4 2.25 0 0.000000 0.000000
5 2.75 312 34.059519 0.007541
6 3.25 395 34.987114 0.006070
7 3.75 0 0.000000 0.000000
8 4.25 71 35.737465 0.040381
9 4.75 163 31.176564 0.017303
10 5.25 0 0.000000 0.000000
11 5.75 124 20.462419 0.015612
12 6.25 113 16.011947 0.014169
13 6.75 0 0.000000 0.000000
14 7.25 0 0.000000 0.000000
15 7.75 3 0.276667 0.055411
16 8.25 97 0.068144 0.007935
17 8.75 122 -0.026721 0.006145
18 9.25 13 -0.164615 0.037011
19 9.75 0 0.000000 0.000000
20 10.25 6 0.581667 0.133788
21 10.75 86 -0.062093 0.008029
22 11.25 89 -0.081236 0.008309
23 11.75 59 0.008136 0.012502
24 12.25 0 0.000000 0.000000
25 12.75 0 0.000000 0.000000
26 13.25 0 0.000000 0.000000
27 13.75 0 0.000000 0.000000
28 14.25 0 0.000000 0.000000
29 14.75 0 0.000000 0.000000
30 15.25 0 0.000000 0.000000
31 15.75 32 0.189375 0.019132
32 16.25 54 0.028889 0.015244
33 16.75 53 -0.023019 0.015510
34 17.25 81 0.099383 0.009545
35 17.75 17 -0.228824 0.044692
36 18.25 0 0.000000 0.000000
37 18.75 0 0.000000 0.000000
38 19.25 0 0.000000 0.000000
39 19.75 0 0.000000 0.000000

0 0.25 0 0.000000 0.000000
1 0.75 0 0.000000 0.000000
2 1.25 0 0.000000 0.000000
3 1.75 0 0.000000 0.000000
4 2.25 0 0.000000 0.000000
5 2.75 323 34.258638 0.006959
6 3.25 393 34.876565 0.006257
7 3.75 0 0.000000 0.000000
8 4.25 72 35.450972 0.035140
9 4.75 170 31.531706 0.015858
10 5.25 1 21.760000 0.000000
11 5.75 126 20.541905 0.015687
12 6.25 106 16.205283 0.014106
13 6.75 0 0.000000 0.000000
14 7.25 0 0.000000 0.000000
15 7.75 4 -0.090000 0.246179
16 8.25 99 0.028384 0.006952
17 8.75 125 -0.096880 0.005727
18 9.25 12 0.112500 0.098883
19 9.75 0 0.000000 0.000000
20 10.25 7 -0.311429 0.148979
21 10.75 82 0.129634 0.010037
22 11.25 91 -0.001099 0.007574
23 11.75 54 0.183333 0.012531
24 12.25 0 0.000000 0.000000
25 12.75 0 0.000000 0.000000
26 13.25 0 0.000000 0.000000
27 13.75 0 0.000000 0.000000
28 14.25 0 0.000000 0.000000
29 14.75 0 0.000000 0.000000
30 15.25 0 0.000000 0.000000
31 15.75 38 0.082632 0.019432
32 16.25 52 0.087308 0.014767
33 16.75 65 -0.044462 0.012418
34 17.25 76 -0.047895 0.009573
35 17.75 13 0.238462 0.026656
36 18.25 0 0.000000 0.000000
37 18.75 0 0.000000 0.000000
38 19.25 0 0.000000 0.000000
39 19.75 0 0.000000 0.000000

0 0.25 0 0.000000 0.000000
1 0.75 0 0.000000 0.000000
2 1.25 0 0.000000 0.000000
3 1.75 0 0.000000 0.000000
4 2.25 0 0.000000 0.000000
5 2.75 333 34.064805 0.007170
6 3.25 376 34.932101 0.006159
7 3.75 0 0.000000 0.000000
8 4.25 76 34.873816 0.030347
9 4.75 161 31.497267 0.016919
10 5.25 4 24.330000 0.182928
11 5.75 123 20.757398 0.016843
12 6.25 108 16.172593 0.013945
13 6.75 0 0.000000 0.000000
14 7.25 0 0.000000 0.000000
15 7.75 7 0.237143 0.086645
16 8.25 101 0.106733 0.007233
17 8.75 121 -0.082479 0.006213
18 9.25 8 -0.207500 0.108582
19 9.75 0 0.000000 0.000000
20 10.25 12 0.000000 0.076648
21 10.75 82 0.005488 0.008380
22 11.25 95 0.197789 0.007031
23 11.75 47 -0.203191 0.015317
24 12.25 0 0.000000 0.000000
25 12.75 0 0.000000 0.000000
26 13.25 0 0.000000 0.000000
27 13.75 0 0.000000 0.000000
28 14.25 0 0.000000 0.000000
29 14.75 0 0.000000 0.000000
30 15.25 0 0.000000 0.000000
31 15.75 42 0.165952 0.017010
32 16.25 53 -0.031321 0.014243
33 16.75 57 0.071404 0.014903
34 17.25 77 -0.025714 0.010486
35 17.75 10 -0.043000 0.050096
36 18.25 0 0.000000 0.000000
37 18.75 0 0.000000 0.000000
38 19.25 0 0.000000 0.000000
39 19.75 0 0.000000 0.000000

0 0.25 0 0.000000 0.000000
1 0.75 0 0.000000 0.000000
2 1.25 0 0.000000 0.000000
3 1.75 0 0.000000 0.000000
4 2.25 0 0.000000 0.000000
5 2.75 339 34.049794 0.007447
6 3.25 364 34.891758 0.006435
7 3.75 0 0.000000 0.000000
8 4.25 80 35.155875 0.036512
9 4.75 156 31.250705 0.016855
10 5.25 6 22.915000 0.237032
11 5.75 138 20.561232 0.017227
12 6.25 96 16.372083 0.017444
13 6.75 0 0.000000 0.000000
14 7.25 0 0.000000 0.000000
15 7.75 9 -0.131111 0.073511
16 8.25 102 -0.002745 0.007194
17 8.75 121 0.027438 0.005886
18 9.25 6 -0.061667 0.136940
19 9.75 0 0.000000 0.000000
20 10.25 14 -0.057143 0.049200
21 10.75 83 0.116627 0.009717
22 11.25 93 0.077097 0.008494
23 11.75 45 -0.062667 0.018830
24 12.25 0 0.000000 0.000000
25 12.75 0 0.000000 0.000000
26 13.25 0 0.000000 0.000000
27 13.75 0 0.000000 0.000000
28 14.25 0 0.000000 0.000000
29 14.75 0 0.000000 0.000000
30 15.25 0 0.000000 0.000000
31 15.75 46 -0.117174 0.018928
32 16.25 51 -0.020784 0.012842
33 16.75 58 -0.024828 0.012680
34 17.25 75 0.089467 0.008527
35 17.75 7 -0.097143 0.124627
36 18.25 0 0.000000 0.000000
37 18.75 0 0.000000 0.000000
38 19.25 0 0.000000 0.000000
39 19.75 0 0.000000 0.000000

0 0.25 0 0.000000 0.000000
1 0.75 0 0.000000 0.000000
2 1.25 0 0.000000 0.000000
3 1.75 0 0.000000 0.000000
4 2.25 0 0.000000 0.000000
5 2.75 346 34.110405 0.006850
6 3.25 355 35.054648 0.006657
7 3.75 0 0.000000 0.000000
8 4.25 81 35.810000 0.029551
9 4.75 156 31.968333 0.017287
10 5.25 8 23.912500 0.148765
11 5.75 129 20.782093 0.017064
12 6.25 98 16.257551 0.018064
13 6.75 0 0.000000 0.000000
14 7.25 0 0.000000 0.000000
15 7.75 11 0.341818 0.056874
16 8.25 107 0.006636 0.007161
17 8.75 118 0.078390 0.006518
18 9.25 3 0.026667 0.454781
19 9.75 0 0.000000 0.000000
20 10.25 15 -0.070000 0.042727
21 10.75 81 0.007778 0.009898
22 11.25 95 0.019895 0.007037
23 11.75 40 -0.023750 0.018548
24 12.25 0 0.000000 0.000000
25 12.75 0 0.000000 0.000000
26 13.25 0 0.000000 0.000000
27 13.75 0 0.000000 0.000000
28 14.25 0 0.000000 0.000000
29 14.75 0 0.000000 0.000000
30 15.25 0 0.000000 0.000000
31 15.75 49 0.066327 0.015352
32 16.25 49 0.139796 0.016848
33 16.75 67 0.090448 0.011644
34 17.25 72 0.019028 0.009168
35 17.75 5 0.290000 0.068586
36 18.25 0 0.000000 0.000000
37 18.75 0 0.000000 0.000000
38 19.25 0 0.000000 0.000000
39 19.75 0 0.000000 0.000000

0 0.25 0 0.000000 0.000000
1 0.75 0 0.000000 0.000000
2 1.25 0 0.000000 0.000000
3 1.75 0 0.000000 0.000000
4 2.25 0 0.000000 0.000000
5 2.75 352 33.871534 0.006868
6 3.25 349 34.823668 0.007493
7 3.75 0 0.000000 0.000000
8 4.25 86 35.598140 0.033106
9 4.75 150 31.825533 0.017671
10 5.25 10 23.366000 0.145750
11 5.75 130 20.570000 0.016232
12 6.25 94 16.162766 0.014859
13 6.75 0 0.000000 0.000000
14 7.25 0 0.000000 0.000000
15 7.75 16 -0.115000 0.047159
16 8.25 98 0.011735 0.008291
17 8.75 120 0.122083 0.006054
18 9.25 2 0.385000 0.491439
19 9.75 0 0.000000 0.000000
20 10.25 20 -0.015000 0.043458
21 10.75 83 -0.096506 0.010211
22 11.25 100 -0.064100 0.007735
23 11.75 34 -0.115882 0.023398
24 12.25 0 0.000000 0.000000
25 12.75 0 0.000000 0.000000
26 13.25 0 0.000000 0.000000
27 13.75 0 0.000000 0.000000
28 14.25 0 0.000000 0.000000
29 14.75 0 0.000000 0.000000
30 15.25 0 0.000000 0.000000
31 15.75 51 0.043529 0.014510
32 16.25 51 0.074902 0.016531
33 16.75 64 0.163281 0.011602
34 17.25 71 -0.064507 0.011506
35 17.75 1 -0.380000 0.000000
36 18.25 0 0.000000 0.000000
37 18.75 0 0.000000 0.000000
38 19.25 0 0.000000 0.000000
39 19.75 0 0.000000 0.000000

0 0.25 0 0.000000 0.000000
1 0.75 0 0.000000 0.000000
2 1.25 0 0.000000 0.000000
3 1.75 0 0.000000 0.000000
4 2.25 0 0.000000 0.000000
5 2.75 382 34.047199 0.006362
6 3.25 339 34.620118 0.007330
7 3.75 0 0.000000 0.000000
8 4.25 87 35.464253 0.027927
9 4.75 147 31.451497 0.015102
10 5.25 12 23.814167 0.121438
11 5.75 144 20.424792 0.015505
12 6.25 86 16.505233 0.017222
13 6.75 0 0.000000 0.000000
14 7.25 0 0.000000 0.000000
15 7.75 20 0.057000 0.048299
16 8.25 98 -0.107653 0.007713
17 8.75 119 0.111681 0.006071
18 9.25 0 0.000000 0.000000
19 9.75 0 0.000000 0.000000
20 10.25 24 -0.013333 0.022330
21 10.75 81 -0.008765 0.009821
22 11.25 106 0.075566 0.006847
23 11.75 30 -0.105667 0.018523
24 12.25 0 0.000000 0.000000
25 12.75 0 0.000000 0.000000
26 13.25 0 0.000000 0.000000
27 13.75 0 0.000000 0.000000
28 14.25 0 0.000000 0.000000
29 14.75 0 0.000000 0.000000
30 15.25 0 0.000000 0.000000
31 15.75 54 -0.006852 0.014689
32 16.25 49 0.027551 0.013886
33 16.75 66 -0.023030 0.010226
34 17.25 66 0.124697 0.012973
35 17.75 0 0.000000 0.000000
36 18.25 0 0.000000 0.000000
37 18.75 0 0.000000 0.000000
38 19.25 0 0.000000 0.000000
39 19.75 0 0.000000 0.000000

0 0.25 0 0.000000 0.000000
1 0.75 0 0.000000 0.000000
2 1.25 0 0.000000 0.000000
3 1.75 0 0.000000 0.000000
4 2.25 0 0.000000 0.000000
5 2.75 368 33.912500 0.006538
6 3.25 337 34.795134 0.007363
7 3.75 0 0.000000 0.000000
8 4.25 89 35.586404 0.030297
9 4.75 143 32.006783 0.015872
10 5.25 17 23.889412 0.063370
11 5.75 132 20.398182 0.017204
12 6.25 87 16.561494 0.018238
13 6.75 0 0.000000 0.000000
14 7.25 0 0.000000 0.000000
15 7.75 19 0.104737 0.043906
16 8.25 96 -0.061146 0.007963
17 8.75 116 -0.019741 0.006682
18 9.25 0 0.000000 0.000000
19 9.75 0 0.000000 0.000000
20 10.25 28 0.081071 0.016502
21 10.75 81 -0.118642 0.008724
22 11.25 98 -0.010612 0.007671
23 11.75 28 0.147857 0.031841
24 12.25 0 0.000000 0.000000
25 12.75 0 0.000000 0.000000
26 13.25 0 0.000000 0.000000
27 13.75 0 0.000000 0.000000
28 14.25 0 0.000000 0.000000
29 14.75 0 0.000000 0.000000
30 15.25 0 0.000000 0.000000
31 15.75 59 -0.201186 0.011579
32 16.25 46 -0.104348 0.020919
33 16.75 67 -0.030000 0.011194
34 17.25 62 -0.067581 0.012224
35 17.75 0 0.000000 0.000000
36 18.25 0 0.000000 0.000000
37 18.75 0 0.000000 0.000000
38 19.25 0 0.000000 0.000000
39 19.75 0 0.000000 0.000000

0 0.25 0 0.000000 0.000000
1 0.75 0 0.000000 0.000000
2 1.25 0 0.000000 0.000000
3 1.75 0 0.000000 0.000000
4 2.25 0 0.000000 0.000000
5 2.75 378 34.019471 0.005945
6 3.25 327 34.708593 0.007597
7 3.75 0 0.000000 0.000000
8 4.25 93 35.530538 0.028880
9 4.75 142 32.024577 0.016633
10 5.25 20 23.789500 0.092641
11 5.75 136 20.565515 0.017171
12 6.25 79 16.805063 0.021034
13 6.75 0 0.000000 0.000000
14 7.25 0 0.000000 0.000000
15 7.75 24 -0.059167 0.035483
16 8.25 97 -0.015876 0.006821
17 8.75 115 0.049043 0.006844
18 9.25 0 0.000000 0.000000
19 9.75 0 0.000000 0.000000
20 10.25 30 0.061333 0.014937
21 10.75 81 0.032840 0.009775
22 11.25 101 0.045941 0.007596
23 11.75 27 0.053704 0.026687
24 12.25 0 0.000000 0.000000
25 12.75 0 0.000000 0.000000
26 13.25 0 0.000000 0.000000
27 13.75 0 0.000000 0.000000
28 14.25 0 0.000000 0.000000
29 14.75 0 0.000000 0.000000
30 15.25 1 0.640000 0.000000
31 15.75 65 0.083385 0.011244
32 16.25 46 0.079565 0.015039
33 16.75 70 -0.010714 0.009729
34 17.25 57 -0.096316 0.014968
35 17.75 0 0.000000 0.000000
36 18.25 0 0.000000 0.000000
37 18.75 0 0.000000 0.000000
38 19.25 0 0.000000 0.000000
39 19.75 0 0.000000 0.000000

0 0.25 0 0.000000 0.000000
1 0.75 0 0.000000 0.000000
2 1.25 0 0.000000 0.000000
3 1.75 0 0.000000 0.000000
4 2.25 0 0.000000 0.000000
5 2.75 395 34.108962 0.005886
6 3.25 309 35.036343 0.007394
7 3.75 0 0.000000 0.000000
8 4.25 95 35.334526 0.031116
9 4.75 142 31.783099 0.017210
10 5.25 20 23.585500 0.116901
11 5.75 141 20.581418 0.018553
12 6.25 77 16.498442 0.019624
13 6.75 0 0.000000 0.000000
14 7.25 0 0.000000 0.000000
15 7.75 29 0.120690 0.022303
16 8.25 103 -0.023981 0.006963
17 8.75 110 0.040727 0.007135
18 9.25 0 0.000000 0.000000
19 9.75 0 0.000000 0.000000
20 10.25 34 -0.196471 0.021339
21 10.75 85 -0.064118 0.008055
22 11.25 102 0.145784 0.007557
23 11.75 22 -0.149545 0.041250
24 12.25 0 0.000000 0.000000
25 12.75 0 0.000000 0.000000
26 13.25 0 0.000000 0.000000
27 13.75 0 0.000000 0.000000
28 14.25 0 0.000000 0.000000
29 14.75 0 0.000000 0.000000
30 15.25 3 0.466667 0.125093
31 15.75 60 0.036833 0.012289
32 16.25 49 -0.004082 0.015335
33 16.75 69 0.003623 0.010913
34 17.25 57 0.138246 0.015894
35 17.75 0 0.000000 0.000000
36 18.25 0 0.000000 0.000000
37 18.75 0 0.000000 0.000000
38 19.25 0 0.000000 0.000000
39 19.75 0 0.000000 0.000000

0 0.25 0 0.000000 0.000000
1 0.75 0 0.000000 0.000000
2 1.25 0 0.000000 0.000000
3 1.75 0 0.000000 0.000000
4 2.25 0 0.000000 0.000000
5 2.75 393 33.950662 0.005828
6 3.25 315 34.343619 0.008103
7 3.75 0 0.000000 0.000000
8 4.25 100 35.677900 0.026864
9 4.75 141 31.568865 0.017860
10 5.25 24 24.462083 0.066370
11 5.75 134 20.387910 0.016610
12 6.25 76 16.467500 0.020496
13 6.75 0 0.000000 0.000000
14 7.25 0 0.000000 0.000000
15 7.75 31 -0.201935 0.019565
16 8.25 98 -0.097857 0.009187
17 8.75 107 0.002991 0.006831
18 9.25 0 0.000000 0.000000
19 9.75 0 0.000000 0.000000
20 10.25 37 0.091081 0.020837
21 10.75 81 -0.113704 0.009807
22 11.25 99 -0.058889 0.007083
23 11.75 20 0.132000 0.026705
24 12.25 0 0.000000 0.000000
25 12.75 0 0.000000 0.000000
26 13.25 0 0.000000 0.000000
27 13.75 0 0.000000 0.000000
28 14.25 0 0.000000 0.000000
29 14.75 0 0.000000 0.000000
30 15.25 5 -0.072000 0.079604
31 15.75 61 0.059836 0.010341
32 16.25 50 0.047800 0.013373
33 16.75 68 0.062206 0.008730
34 17.25 51 0.041765 0.017452
35 17.75 0 0.000000 0.000000
36 18.25 0 0.000000 0.000000
37 18.75 0 0.000000 0.000000
38 19.25 0 0.000000 0.000000
39 19.75 0 0.000000 0.000000

0 0.25 0 0.000000 0.000000
1 0.75 0 0.000000 0.000000
2 1.25 0 0.000000 0.000000
3 1.75 0 0.000000 0.000000
4 2.25 0 0.000000 0.000000
5 2.75 414 33.975338 0.005759
6 3.25 289 34.830623 0.008020
7 3.75 0 0.000000 0.000000
8 4.25 101 35.841188 0.031397
9 4.75 133 32.159023 0.019167
10 5.25 27 24.008889 0.059167
11 5.75 138 20.385072 0.017396
12 6.25 67 16.890746 0.025068
13 6.75 0 0.000000 0.000000
14 7.25 0 0.000000 0.000000
15 7.75 36 0.141389 0.016858
16 8.25 98 -0.148878 0.008779
17 8.75 105 0.067714 0.007641
18 9.25 0 0.000000 0.000000
19 9.75 0 0.000000 0.000000
20 10.25 42 -0.262381 0.015595
21 10.75 77 -0.021948 0.008678
22 11.25 101 0.001881 0.008238
23 11.75 17 -0.326471 0.052044
24 12.25 0 0.000000 0.000000
25 12.75 0 0.000000 0.000000
26 13.25 0 0.000000 0.000000
27 13.75 0 0.000000 0.000000
28 14.25 0 0.000000 0.000000
29 14.75 0 0.000000 0.000000
30 15.25 6 -0.330000 0.041473
31 15.75 64 -0.022344 0.009654
32 16.25 48 0.156250 0.012334
33 16.75 72 0.062778 0.010804
34 17.25 47 0.038511 0.017905
35 17.75 0 0.000000 0.000000
36 18.25 0 0.000000 0.000000
37 18.75 0 0.000000 0.000000
38 19.25 0 0.000000 0.000000
39 19.75 0 0.000000 0.000000

0 0.25 0 0.000000 0.000000
1 0.75 0 0.000000 0.000000
2 1.25 0 0.000000 0.000000
3 1.75 0 0.000000 0.000000
4 2.25 0 0.000000 0.000000
5 2.75 436 33.911491 0.005231
6 3.25 276 34.952210 0.009367
7 3.75 0 0.000000 0.000000
8 4.25 102 35.699118 0.027683
9 4.75 136 32.059632 0.019925
10 5.25 31 24.584516 0.050104
11 5.75 138 20.198696 0.016044
12 6.25 65 16.850615 0.022642
13 6.75 0 0.000000 0.000000
14 7.25 0 0.000000 0.000000
15 7.75 36 -0.127778 0.025325
16 8.25 110 -0.085818 0.007770
17 8.75 92 -0.068804 0.008028
18 9.25 0 0.000000 0.000000
19 9.75 0 0.000000 0.000000
20 10.25 43 0.073256 0.021871
21 10.75 74 0.084730 0.009402
22 11.25 98 -0.161122 0.008545
23 11.75 12 0.136667 0.074450
24 12.25 0 0.000000 0.000000
25 12.75 0 0.000000 0.000000
26 13.25 0 0.000000 0.000000
27 13.75 0 0.000000 0.000000
28 14.25 0 0.000000 0.000000
29 14.75 0 0.000000 0.000000
30 15.25 11 0.300909 0.071026
31 15.75 59 -0.045085 0.012807
32 16.25 54 0.058889 0.019341
33 16.75 71 -0.024507 0.010439
34 17.25 44 -0.032500 0.019756
35 17.75 0 0.000000 0.000000
36 18.25 0 0.000000 0.000000
37 18.75 0 0.000000 0.000000
38 19.25 0 0.000000 0.000000
39 19.75 0 0.000000 0.000000

0 0.25 0 0.000000 0.000000
1 0.75 0 0.000000 0.000000
2 1.25 0 0.000000 0.000000
3 1.75 0 0.000000 0.000000
4 2.25 0 0.000000 0.000000
5 2.75 420 33.839452 0.005917
6 3.25 286 34.743566 0.008658
7 3.75 0 0.000000 0.000000
8 4.25 103 35.542816 0.025244
9 4.75 127 32.028425 0.020929
10 5.25 32 23.695937 0.051792
11 5.75 142 20.268169 0.016402
12 6.25 61 16.542131 0.026772
13 6.75 0 0.000000 0.000000
14 7.25 0 0.000000 0.000000
15 7.75 39 0.330513 0.018214
16 8.25 96 0.046771 0.008850
17 8.75 99 0.016364 0.007866
18 9.25 0 0.000000 0.000000
19 9.75 0 0.000000 0.000000
20 10.25 47 -0.188085 0.016078
21 10.75 78 -0.172564 0.010828
22 11.25 103 -0.020583 0.007806
23 11.75 10 -0.134000 0.037689
24 12.25 0 0.000000 0.000000
25 12.75 0 0.000000 0.000000
26 13.25 0 0.000000 0.000000
27 13.75 0 0.000000 0.000000
28 14.25 0 0.000000 0.000000
29 14.75 0 0.000000 0.000000
30 15.25 10 0.001000 0.061311
31 15.75 63 -0.021905 0.013081
32 16.25 49 -0.040816 0.015850
33 16.75 74 -0.069054 0.011164
34 17.25 36 -0.098611 0.018471
35 17.75 0 0.000000 0.000000
36 18.25 0 0.000000 0.000000
37 18.75 0 0.000000 0.000000
38 19.25 0 0.000000 0.000000
39 19.75 3 0.100000 0.329090

0 0.25 0 0.000000 0.000000
1 0.75 0 0.000000 0.000000
2 1.25 0 0.000000 0.000000
3 1.75 0 0.000000 0.000000
4 2.25 0 0.000000 0.000000
5 2.75 453 33.937219 0.005228
6 3.25 261 34.833180 0.009720
7 3.75 0 0.000000 0.000000
8 4.25 107 35.937383 0.023382
9 4.75 128 32.365703 0.020365
10 5.25 35 23.839429 0.045344
11 5.75 144 20.266528 0.015030
12 6.25 58 16.468276 0.023609
13 6.75 0 0.000000 0.000000
14 7.25 0 0.000000 0.000000
15 7.75 44 0.085455 0.011844
16 8.25 97 -0.032887 0.006972
17 8.75 93 -0.146344 0.006701
18 9.25 0 0.000000 0.000000
19 9.75 0 0.000000 0.000000
20 10.25 49 -0.234694 0.014574
21 10.75 79 -0.053924 0.009422
22 11.25 97 0.052165 0.007353
23 11.75 9 0.047778 0.026080
24 12.25 0 0.000000 0.000000
25 12.75 0 0.000000 0.000000
26 13.25 0 0.000000 0.000000
27 13.75 0 0.000000 0.000000
28 14.25 0 0.000000 0.000000
29 14.75 0 0.000000 0.000000
30 15.25 11 0.184545 0.076697
31 15.75 63 -0.201270 0.012362
32 16.25 49 -0.047959 0.013539
33 16.75 74 0.011892 0.009973
34 17.25 34 0.131765 0.023529
35 17.75 0 0.000000 0.000000
36 18.25 0 0.000000 0.000000
37 18.75 0 0.000000 0.000000
38 19.25 0 0.000000 0.000000
39 19.75 2 0.290000 0.000000

0 0.25 0 0.000000 0.000000
1 0.75 0 0.000000 0.000000
2 1.25 0 0.000000 0.000000
3 1.75 0 0.000000 0.000000
4 2.25 0 0.000000 0.000000
5 2.75 428 33.970070 0.005693
6 3.25 272 34.761507 0.008765
7 3.75 0 0.000000 0.000000
8 4.25 112 35.748929 0.022535
9 4.75 124 32.253871 0.020518
10 5.25 36 23.898889 0.046145
11 5.75 140 20.189214 0.016324
12 6.25 58 16.777931 0.025007
13 6.75 0 0.000000 0.000000
14 7.25 0 0.000000 0.000000
15 7.75 46 -0.154130 0.018006
16 8.25 104 -0.006923 0.006342
17 8.75 87 0.087816 0.008583
18 9.25 0 0.000000 0.000000
19 9.75 0 0.000000 0.000000
20 10.25 52 0.206346 0.013784
21 10.75 72 0.155139 0.010110
22 11.25 99 0.095152 0.007683
23 11.75 7 -0.020000 0.113797
24 12.25 0 0.000000 0.000000
25 12.75 0 0.000000 0.000000
26 13.25 0 0.000000 0.000000
27 13.75 0 0.000000 0.000000
28 14.25 0 0.000000 0.000000
29 14.75 0 0.000000 0.000000
30 15.25 16 -0.159375 0.038021
31 15.75 62 0.099194 0.011923
32 16.25 62 0.098710 0.011068
33 16.75 73 -0.022603 0.009390
34 17.25 34 0.034118 0.026334
35 17.75 0 0.000000 0.000000
36 18.25 0 0.000000 0.000000
37 18.75 0 0.000000 0.000000
38 19.25 0 0.000000 0.000000
39 19.75 6 0.010000 0.047117

0 0.25 0 0.000000 0.000000
1 0.75 0 0.000000 0.000000
2 1.25 0 0.000000 0.000000
3 1.75 0 0.000000 0.000000
4 2.25 0 0.000000 0.000000
5 2.75 437 34.022654 0.005410
6 3.25 262 34.864847 0.008809
7 3.75 0 0.000000 0.000000
8 4.25 110 36.360273 0.023008
9 4.75 123 31.642358 0.019051
10 5.25 38 23.709474 0.048841
11 5.75 140 19.927571 0.017113
12 6.25 52 17.399231 0.031691
13 6.75 0 0.000000 0.000000
14 7.25 0 0.000000 0.000000
15 7.75 49 -0.034286 0.011946
16 8.25 93 -0.053226 0.008142
17 8.75 94 0.164149 0.006998
18 9.25 0 0.000000 0.000000
19 9.75 0 0.000000 0.000000
20 10.25 56 0.060357 0.010239
21 10.75 72 -0.007917 0.009632
22 11.25 97 0.131237 0.006993
23 11.75 6 -1.176667 0.093551
24 12.25 0 0.000000 0.000000
25 12.75 0 0.000000 0.000000
26 13.25 0 0.000000 0.000000
27 13.75 0 0.000000 0.000000
28 14.25 0 0.000000 0.000000
29 14.75 0 0.000000 0.000000
30 15.25 17 0.026471 0.032800
31 15.75 64 -0.133750 0.012002
32 16.25 49 0.192449 0.014494
33 16.75 74 -0.035541 0.010412
34 17.25 30 0.159333 0.024307
35 17.75 0 0.000000 0.000000
36 18.25 0 0.000000 0.000000
37 18.75 0 0.000000 0.000000
38 19.25 0 0.000000 0.000000
39 19.75 7 -0.285714 0.097048

0 0.25 0 0.000000 0.000000
1 0.75 0 0.000000 0.000000
2 1.25 0 0.000000 0.000000
3 1.75 0 0.000000 0.000000
4 2.25 0 0.000000 0.000000
5 2.75 464 33.912371 0.005176
6 3.25 232 34.706121 0.009512
7 3.75 0 0.000000 0.000000
8 4.25 107 35.953832 0.025246
9 4.75 127 32.787165 0.021473
10 5.25 42 23.034762 0.043313
11 5.75 148 20.133176 0.015879
12 6.25 49 16.835714 0.028949
13 6.75 0 0.000000 0.000000
14 7.25 0 0.000000 0.000000
15 7.75 50 -0.005600 0.014739
16 8.25 102 -0.085980 0.007454
17 8.75 86 0.079070 0.008801
18 9.25 0 0.000000 0.000000
19 9.75 0 0.000000 0.000000
20 10.25 56 0.092321 0.014239
21 10.75 87 0.154713 0.007781
22 11.25 92 0.090543 0.009061
23 11.75 5 0.132000 0.143202
24 12.25 0 0.000000 0.000000
25 12.75 0 0.000000 0.000000
26 13.25 0 0.000000 0.000000
27 13.75 0 0.000000 0.000000
28 14.25 0 0.000000 0.000000
29 14.75 0 0.000000 0.000000
30 15.25 21 0.140476 0.032709
31 15.75 63 0.072222 0.014583
32 16.25 51 0.237255 0.020730
33 16.75 74 -0.016757 0.009278
34 17.25 26 0.029615 0.030311
35 17.75 0 0.000000 0.000000
36 18.25 0 0.000000 0.000000
37 18.75 0 0.000000 0.000000
38 19.25 0 0.000000 0.000000
39 19.75 6 -0.451667 0.095204

0 0.25 0 0.000000 0.000000
1 0.75 0 0.000000 0.000000
2 1.25 0 0.000000 0.000000
3 1.75 0 0.000000 0.000000
4 2.25 0 0.000000 0.000000
5 2.75 458 33.769891 0.005332
6 3.25 235 35.144681 0.010615
7 3.75 0 0.000000 0.000000
8 4.25 115 35.734696 0.022826
9 4.75 114 32.220263 0.025420
10 5.25 46 23.887391 0.032322
11 5.75 141 20.232199 0.015070
12 6.25 46 16.725217 0.031802
13 6.75 0 0.000000 0.000000
14 7.25 0 0.000000 0.000000
15 7.75 56 -0.070179 0.011943
16 8.25 91 -0.238791 0.009703
17 8.75 82 0.133537 0.008669
18 9.25 0 0.000000 0.000000
19 9.75 0 0.000000 0.000000
20 10.25 62 -0.058226 0.014153
21 10.75 72 -0.201389 0.007634
22 11.25 96 0.158125 0.008955
23 11.75 4 -0.060000 0.017321
24 12.25 0 0.000000 0.000000
25 12.75 0 0.000000 0.000000
26 13.25 0 0.000000 0.000000
27 13.75 0 0.000000 0.000000
28 14.25 0 0.000000 0.000000
29 14.75 0 0.000000 0.000000
30 15.25 21 -0.241905 0.043500
31 15.75 65 -0.030308 0.012041
32 16.25 48 0.040417 0.015254
33 16.75 76 -0.119342 0.009596
34 17.25 27 -0.272222 0.029248
35 17.75 0 0.000000 0.000000
36 18.25 0 0.000000 0.000000
37 18.75 0 0.000000 0.000000
38 19.25 0 0.000000 0.000000
39 19.75 9 0.881111 0.035410

0 0.25 0 0.000000 0.000000
1 0.75 0 0.000000 0.000000
2 1.25 0 0.000000 0.000000
3 1.75 0 0.000000 0.000000
4 2.25 0 0.000000 0.000000
5 2.75 467 33.960621 0.005411
6 3.25 231 34.952251 0.011258
7 3.75 0 0.000000 0.000000
8 4.25 115 36.243391 0.023358
9 4.75 115 32.551478 0.021791
10 5.25 46 23.570870 0.026650
11 5.75 141 20.276667 0.014907
12 6.25 43 16.617674 0.037286
13 6.75 0 0.000000 0.000000
14 7.25 0 0.000000 0.000000
15 7.75 57 0.171053 0.012619
16 8.25 93 0.056022 0.007104
17 8.75 83 -0.097470 0.010432
18 9.25 0 0.000000 0.000000
19 9.75 0 0.000000 0.000000
20 10.25 59 -0.046949 0.013465
21 10.75 75 0.077467 0.009903
22 11.25 95 -0.089263 0.007623
23 11.75 2 0.390000 0.000000
24 12.25 0 0.000000 0.000000
25 12.75 0 0.000000 0.000000
26 13.25 0 0.000000 0.000000
27 13.75 0 0.000000 0.000000
28 14.25 0 0.000000 0.000000
29 14.75 0 0.000000 0.000000
30 15.25 22 0.431364 0.026045
31 15.75 63 0.057143 0.011391
32 16.25 48 0.142917 0.013765
33 16.75 74 -0.010541 0.009653
34 17.25 26 -0.065000 0.020511
35 17.75 0 0.000000 0.000000
36 18.25 0 0.000000 0.000000
37 18.75 0 0.000000 0.000000
38 19.25 0 0.000000 0.000000
39 19.75 10 0.414000 0.047444

0 0.25 0 0.000000 0.000000
1 0.75 0 0.000000 0.000000
2 1.25 0 0.000000 0.000000
3 1.75 0 0.000000 0.000000
4 2.25 0 0.000000 0.000000
5 2.75 493 33.913347 0.005061
6 3.25 213 34.735211 0.011032
7 3.75 0 0.000000 0.000000
8 4.25 128 35.714922 0.023157
9 4.75 117 32.901966 0.019024
10 5.25 52 23.869423 0.025238
11 5.75 137 20.252263 0.016559
12 6.25 40 17.146250 0.038117
13 6.75 0 0.000000 0.000000
14 7.25 0 0.000000 0.000000
15 7.75 55 -0.134364 0.012145
16 8.25 106 -0.014906 0.007579
17 8.75 76 0.001579 0.010810
18 9.25 0 0.000000 0.000000
19 9.75 0 0.000000 0.000000
20 10.25 60 -0.019167 0.011254
21 10.75 72 -0.058333 0.011239
22 11.25 100 -0.023200 0.007552
23 11.75 0 0.000000 0.000000
24 12.25 0 0.000000 0.000000
25 12.75 0 0.000000 0.000000
26 13.25 0 0.000000 0.000000
27 13.75 0 0.000000 0.000000
28 14.25 0 0.000000 0.000000
29 14.75 0 0.000000 0.000000
30 15.25 28 -0.413214 0.025950
31 15.75 65 -0.082769 0.011296
32 16.25 60 -0.129500 0.012163
33 16.75 73 -0.146575 0.009779
34 17.25 20 0.201500 0.051248
35 17.75 0 0.000000 0.000000
36 18.25 0 0.000000 0.000000
37 18.75 0 0.000000 0.000000
38 19.25 0 0.000000 0.000000
39 19.75 13 -0.086154 0.073079

0 0.25 0 0.000000 0.000000
1 0.75 0 0.000000 0.000000
2 1.25 0 0.000000 0.000000
3 1.75 0 0.000000 0.000000
4 2.25 0 0.000000 0.000000
5 2.75 485 34.056948 0.004861
6 3.25 223 34.949731 0.009816
7 3.75 0 0.000000 0.000000
8 4.25 119 36.710420 0.022739
9 4.75 113 32.364248 0.024226
10 5.25 53 23.995660 0.036083
11 5.75 143 20.749021 0.018604
12 6.25 40 17.593000 0.039148
13 6.75 0 0.000000 0.000000
14 7.25 0 0.000000 0.000000
15 7.75 61 0.011967 0.011434
16 8.25 92 0.071848 0.008670
17 8.75 77 -0.042078 0.009752
18 9.25 0 0.000000 0.000000
19 9.75 0 0.000000 0.000000
20 10.25 68 -0.043235 0.011896
21 10.75 69 0.010870 0.010828
22 11.25 97 0.103093 0.008552
23 11.75 0 0.000000 0.000000
24 12.25 0 0.000000 0.000000
25 12.75 0 0.000000 0.000000
26 13.25 0 0.000000 0.000000
27 13.75 0 0.000000 0.000000
28 14.25 0 0.000000 0.000000
29 14.75 0 0.000000 0.000000
30 15.25 28 0.387143 0.033695
31 15.75 63 -0.148095 0.010284
32 16.25 48 0.026458 0.017595
33 16.75 78 -0.221667 0.010053
34 17.25 19 -0.028947 0.040363
35 17.75 0 0.000000 0.000000
36 18.25 0 0.000000 0.000000
37 18.75 0 0.000000 0.000000
38 19.25 0 0.000000 0.000000
39 19.75 15 -0.176667 0.053859

0 0.25 0 0.000000 0.000000
1 0.75 0 0.000000 0.000000
2 1.25 0 0.000000 0.000000
3 1.75 0 0.000000 0.000000
4 2.25 0 0.000000 0.000000
5 2.75 506 34.394783 0.005203
6 3.25 207 34.907729 0.011179
7 3.75 0 0.000000 0.000000
8 4.25 120 36.749583 0.022898
9 4.75 113 32.457257 0.021396
10 5.25 54 23.820370 0.033515
11 5.75 148 20.133919 0.014806
12 6.25 39 17.091538 0.029124
13 6.75 0 0.000000 0.000000
14 7.25 0 0.000000 0.000000
15 7.75 62 0.132903 0.011963
16 8.25 101 0.007327 0.008629
17 8.75 69 -0.114348 0.011098
18 9.25 0 0.000000 0.000000
19 9.75 0 0.000000 0.000000
20 10.25 64 -0.077813 0.013180
21 10.75 83 -0.020602 0.009837
22 11.25 90 -0.107889 0.007850
23 11.75 0 0.000000 0.000000
24 12.25 0 0.000000 0.000000
25 12.75 0 0.000000 0.000000
26 13.25 0 0.000000 0.000000
27 13.75 0 0.000000 0.000000
28 14.25 0 0.000000 0.000000
29 14.75 0 0.000000 0.000000
30 15.25 29 0.377931 0.024622
31 15.75 63 -0.178889 0.012098
32 16.25 48 0.116875 0.016534
33 16.75 77 0.298961 0.010217
34 17.25 18 -0.037222 0.054962
35 17.75 0 0.000000 0.000000
36 18.25 0 0.000000 0.000000
37 18.75 0 0.000000 0.000000
38 19.25 0 0.000000 0.000000
39 19.75 13 0.040769 0.065291

0 0.25 0 0.000000 0.000000
1 0.75 0 0.000000 0.000000
2 1.25 0 0.000000 0.000000
3 1.75 0 0.000000 0.000000
4 2.25 0 0.000000 0.000000
5 2.75 492 33.686728 0.004428
6 3.25 200 35.182200 0.012204
7 3.75 0 0.000000 0.000000
8 4.25 131 37.051450 0.020969
9 4.75 98 32.300714 0.028226
10 5.25 56 24.492143 0.028053
11 5.75 138 20.455000 0.015706
12 6.25 37 16.931892 0.042636
13 6.75 0 0.000000 0.000000
14 7.25 0 0.000000 0.000000
15 7.75 62 0.024194 0.013025
16 8.25 103 0.169417 0.008347
17 8.75 73 -0.016849 0.008678
18 9.25 0 0.000000 0.000000
19 9.75 0 0.000000 0.000000
20 10.25 69 0.049130 0.010015
21 10.75 71 0.063099 0.013141
22 11.25 92 -0.054130 0.007691
23 11.75 0 0.000000 0.000000
24 12.25 0 0.000000 0.000000
25 12.75 0 0.000000 0.000000
26 13.25 0 0.000000 0.000000
27 13.75 0 0.000000 0.000000
28 14.25 0 0.000000 0.000000
29 14.75 0 0.000000 0.000000
30 15.25 30 0.056000 0.023061
31 15.75 61 0.124262 0.010751
32 16.25 63 -0.156508 0.011276
33 16.75 75 -0.004133 0.009838
34 17.25 14 0.246429 0.058475
35 17.75 0 0.000000 0.000000
36 18.25 0 0.000000 0.000000
37 18.75 0 0.000000 0.000000
38 19.25 0 0.000000 0.000000
39 19.75 17 0.032941 0.035145

0 0.25 0 0.000000 0.000000
1 0.75 0 0.000000 0.000000
2 1.25 0 0.000000 0.000000
3 1.75 0 0.000000 0.000000
4 2.25 0 0.000000 0.000000
5 2.75 497 34.044688 0.004878
6 3.25 197 34.797310 0.012098
7 3.75 0 0.000000 0.000000
8 4.25 129 36.259767 0.023925
9 4.75 105 32.607333 0.020627
10 5.25 58 23.654483 0.033563
11 5.75 143 20.296154 0.016263
12 6.25 34 16.963235 0.042988
13 6.75 0 0.000000 0.000000
14 7.25 0 0.000000 0.000000
15 7.75 69 0.009710 0.011713
16 8.25 93 0.017097 0.009289
17 8.75 72 0.086806 0.010441
18 9.25 0 0.000000 0.000000
19 9.75 0 0.000000 0.000000
20 10.25 75 -0.141333 0.010222
21 10.75 71 -0.138451 0.010682
22 11.25 87 -0.175747 0.009426
23 11.75 0 0.000000 0.000000
24 12.25 0 0.000000 0.000000
25 12.75 0 0.000000 0.000000
26 13.25 0 0.000000 0.000000
27 13.75 0 0.000000 0.000000
28 14.25 0 0.000000 0.000000
29 14.75 0 0.000000 0.000000
30 15.25 29 -0.240690 0.029538
31 15.75 62 -0.007419 0.014565
32 16.25 48 0.302083 0.017156
33 16.75 78 -0.044231 0.012050
34 17.25 13 0.730000 0.088507
35 17.75 0 0.000000 0.000000
36 18.25 0 0.000000 0.000000
37 18.75 0 0.000000 0.000000
38 19.25 0 0.000000 0.000000
39 19.75 17 -0.165882 0.044247

0 0.25 0 0.000000 0.000000
1 0.75 0 0.000000 0.000000
2 1.25 0 0.000000 0.000000
3 1.75 0 0.000000 0.000000
4 2.25 0 0.000000 0.000000
5 2.75 517 33.997737 0.004452
6 3.25 187 35.018877 0.010743
7 3.75 0 0.000000 0.000000
8 4.25 130 36.157462 0.021418
9 4.75 107 32.377850 0.026734
10 5.25 60 24.476167 0.034570
11 5.75 148 20.255743 0.014995
12 6.25 29 16.594138 0.051205
13 6.75 0 0.000000 0.000000
14 7.25 0 0.000000 0.000000
15 7.75 61 -0.012951 0.009617
16 8.25 106 -0.110660 0.007141
17 8.75 71 -0.138873 0.009990
18 9.25 0 0.000000 0.000000
19 9.75 0 0.000000 0.000000
20 10.25 69 0.094638 0.011085
21 10.75 91 -0.017143 0.006517
22 11.25 87 0.116667 0.009177
23 11.75 0 0.000000 0.000000
24 12.25 0 0.000000 0.000000
25 12.75 0 0.000000 0.000000
26 13.25 0 0.000000 0.000000
27 13.75 0 0.000000 0.000000
28 14.25 0 0.000000 0.000000
29 14.75 0 0.000000 0.000000
30 15.25 35 0.042571 0.030670
31 15.75 62 -0.030806 0.010457
32 16.25 57 0.072281 0.012794
33 16.75 75 -0.107200 0.009772
34 17.25 14 -0.313571 0.041361
35 17.75 0 0.000000 0.000000
36 18.25 0 0.000000 0.000000
37 18.75 0 0.000000 0.000000
38 19.25 0 0.000000 0.000000
39 19.75 21 0.081905 0.044072

