# stratiform Vertical Profile Reflectivity (VPR) with Standard Deviation
# Format: bin_index bin_center_height_km point_count avg_reflectivity_dBZ std_deviation_dBZ
# Height bins: 0-20 km in 0.5 km increments
# Bins 0-39: stratiform
# Standard deviation is sample standard deviation (dividing by n-1)
#
0 0.25 725 27.006883 0.003227
1 0.75 414 27.877971 0.006069
2 1.25 197 29.305990 0.012212
3 1.75 200 30.830500 0.012991
4 2.25 116 32.064397 0.023864
5 2.75 79 34.163671 0.036173
6 3.25 144 37.502431 0.028287
7 3.75 98 41.760000 0.036016
8 4.25 109 37.223394 0.028837
9 4.75 87 32.051034 0.035075
10 5.25 74 25.745405 0.035405
11 5.75 99 20.434343 0.026442
12 6.25 101 15.211188 0.021054
13 6.75 76 9.485395 0.026156
14 7.25 87 -0.124598 0.016496
15 7.75 79 0.046582 0.019113
16 8.25 73 -0.338219 0.018096
17 8.75 57 0.031228 0.026003
18 9.25 63 0.181587 0.018886
19 9.75 60 -0.103333 0.023406
20 10.25 44 -0.248636 0.032671
21 10.75 51 -0.045098 0.033524
22 11.25 45 -0.157333 0.034747
23 11.75 39 0.298205 0.040393
24 12.25 29 -0.475517 0.053871
25 12.75 26 -0.091923 0.057373
26 13.25 32 0.197188 0.046818
27 13.75 34 -0.032059 0.061016
28 14.25 43 0.167674 0.036035
29 14.75 37 -0.441351 0.033359
30 15.25 38 -0.087895 0.036716
31 15.75 36 0.106111 0.034635
32 16.25 28 -0.068214 0.059351
33 16.75 21 -0.363810 0.063713
34 17.25 25 -0.575200 0.068519
35 17.75 21 0.364762 0.081594
36 18.25 29 0.266552 0.062401
37 18.75 29 0.129310 0.041200
38 19.25 22 -0.341818 0.059645
39 19.75 21 -0.427619 0.085206

0 0.25 745 27.025651 0.003223
1 0.75 433 27.642055 0.005664
2 1.25 202 29.385594 0.013616
3 1.75 196 30.590102 0.013373
4 2.25 105 32.410476 0.023196
5 2.75 98 34.066531 0.028680
6 3.25 144 37.443194 0.030205
7 3.75 102 42.025098 0.034344
8 4.25 112 36.716964 0.029154
9 4.75 78 31.622564 0.034952
10 5.25 86 25.887326 0.033590
11 5.75 99 20.568687 0.023920
12 6.25 93 15.426452 0.026809
13 6.75 82 9.701220 0.028708
14 7.25 86 0.037093 0.016575
15 7.75 80 0.106125 0.016114
16 8.25 64 0.202031 0.023269
17 8.75 60 0.073500 0.020170
18 9.25 69 0.158696 0.021057
19 9.75 54 -0.028519 0.030089
20 10.25 44 0.004318 0.032498
21 10.75 48 0.189167 0.028384
22 11.25 41 -0.324878 0.033208
23 11.75 42 -0.010000 0.033160
24 12.25 24 -0.394583 0.040499
25 12.75 31 -0.410323 0.050411
26 13.25 37 0.563514 0.036260
27 13.75 35 0.597143 0.037890
28 14.25 44 0.164545 0.029433
29 14.75 37 -0.294595 0.041964
30 15.25 37 0.005135 0.035154
31 15.75 34 -0.204412 0.048786
32 16.25 24 -0.058750 0.055184
33 16.75 26 0.193846 0.051480
34 17.25 29 0.165517 0.050545
35 17.75 20 -0.291500 0.075766
36 18.25 28 0.393929 0.040477
37 18.75 26 0.332308 0.053455
38 19.25 20 -0.143500 0.067663
39 19.75 19 -0.204737 0.109840

0 0.25 758 27.202691 0.003228
1 0.75 442 27.672172 0.005377
2 1.25 206 29.320097 0.010501
3 1.75 202 30.778366 0.013179
4 2.25 92 32.007935 0.026879
5 2.75 119 33.826303 0.022878
6 3.25 139 37.790360 0.028761
7 3.75 105 41.973714 0.037602
8 4.25 112 36.859821 0.026414
9 4.75 75 32.289733 0.040000
10 5.25 96 26.062083 0.027824
11 5.75 102 20.308039 0.023510
12 6.25 91 15.098681 0.024833
13 6.75 87 9.937356 0.026167
14 7.25 86 -0.016628 0.018304
15 7.75 72 0.181111 0.020572
16 8.25 67 -0.343582 0.022401
17 8.75 65 -0.267692 0.022975
18 9.25 64 -0.399375 0.026131
19 9.75 50 0.039000 0.035108
20 10.25 44 0.080909 0.033736
21 10.75 45 -0.267111 0.033457
22 11.25 44 -0.109091 0.046624
23 11.75 32 0.257187 0.049693
24 12.25 22 -0.087727 0.077755
25 12.75 37 -0.023514 0.040283
26 13.25 39 -0.301538 0.038063
27 13.75 37 0.127297 0.037877
28 14.25 43 -0.205349 0.030708
29 14.75 35 0.196000 0.046804
30 15.25 36 0.021667 0.038696
31 15.75 32 -0.099688 0.035357
32 16.25 21 0.428571 0.085542
33 16.75 27 -0.197037 0.059183
34 17.25 28 0.345000 0.041860
35 17.75 19 0.252632 0.064941
36 18.25 28 0.118571 0.055006
37 18.75 25 -0.581600 0.060365
38 19.25 18 -0.325000 0.080729
39 19.75 15 0.368000 0.095933

0 0.25 767 27.013807 0.003155
1 0.75 438 27.770753 0.005337
2 1.25 225 29.445156 0.010852
3 1.75 193 30.711347 0.013615
4 2.25 85 32.030941 0.027237
5 2.75 129 33.826434 0.022920
6 3.25 136 37.575147 0.034007
7 3.75 106 42.287075 0.038697
8 4.25 117 36.723675 0.028156
9 4.75 75 31.291867 0.034044
10 5.25 105 26.384476 0.029095
11 5.75 106 20.295283 0.023579
12 6.25 95 15.237263 0.024429
13 6.75 88 9.576364 0.022873
14 7.25 92 -0.022609 0.017975
15 7.75 65 0.092154 0.024921
16 8.25 69 -0.118841 0.023511
17 8.75 70 -0.098000 0.020081
18 9.25 54 0.175000 0.028830
19 9.75 50 0.149000 0.031782
20 10.25 44 0.107500 0.033421
21 10.75 47 0.151277 0.035885
22 11.25 42 0.061667 0.039740
23 11.75 29 -0.023448 0.045191
24 12.25 30 -0.254333 0.045023
25 12.75 38 0.277632 0.045853
26 13.25 40 -0.174750 0.034052
27 13.75 36 -0.162500 0.046299
28 14.25 42 -0.172143 0.029543
29 14.75 35 -0.069143 0.047811
30 15.25 33 -0.059091 0.050156
31 15.75 25 -0.132400 0.070016
32 16.25 24 -0.144167 0.047356
33 16.75 28 0.060714 0.061690
34 17.25 27 0.271111 0.056809
35 17.75 20 0.250500 0.076142
36 18.25 25 0.158400 0.068179
37 18.75 22 0.455909 0.061368
38 19.25 16 0.245625 0.074976
39 19.75 10 -0.665000 0.237065

0 0.25 782 26.984514 0.003039
1 0.75 429 27.379534 0.005590
2 1.25 242 29.114091 0.010043
3 1.75 192 30.799271 0.013197
4 2.25 83 32.247470 0.030282
5 2.75 135 33.668370 0.019396
6 3.25 131 37.127557 0.031060
7 3.75 118 42.639492 0.026197
8 4.25 105 37.115619 0.031388
9 4.75 88 31.267159 0.036241
10 5.25 105 25.731429 0.026428
11 5.75 110 20.106091 0.021203
12 6.25 87 14.974598 0.029627
13 6.75 88 9.481477 0.023446
14 7.25 85 -0.003412 0.016585
15 7.75 61 0.093934 0.020636
16 8.25 72 -0.153889 0.019023
17 8.75 65 0.226308 0.020902
18 9.25 50 -0.054400 0.030457
19 9.75 49 0.030816 0.033450
20 10.25 46 -0.128261 0.029699
21 10.75 51 -0.179216 0.033490
22 11.25 32 0.102500 0.044801
23 11.75 33 0.026970 0.043313
24 12.25 36 -0.213333 0.042618
25 12.75 39 0.117436 0.034703
26 13.25 42 -0.411429 0.031514
27 13.75 35 0.104286 0.039278
28 14.25 38 -0.064737 0.041579
29 14.75 34 -0.222647 0.041573
30 15.25 26 -0.169231 0.049631
31 15.75 28 0.067857 0.053700
32 16.25 25 -0.224400 0.075325
33 16.75 26 0.328462 0.056046
34 17.25 26 -0.035385 0.037047
35 17.75 18 0.213889 0.069114
36 18.25 22 -0.027727 0.066344
37 18.75 19 -0.231579 0.118818
38 19.25 11 0.287273 0.120755
39 19.75 2 -0.195000 0.116673

0 0.25 797 27.126587 0.002912
1 0.75 415 27.644072 0.006083
2 1.25 256 29.290312 0.009487
3 1.75 185 30.417243 0.013553
4 2.25 77 32.110390 0.032729
5 2.75 145 34.164690 0.019597
6 3.25 134 37.155821 0.032579
7 3.75 124 42.233548 0.026731
8 4.25 94 36.655957 0.030074
9 4.75 102 31.106275 0.029860
10 5.25 103 25.932524 0.025999
11 5.75 110 20.269091 0.024780
12 6.25 87 15.302529 0.027567
13 6.75 90 9.484111 0.026780
14 7.25 77 -0.173506 0.017678
15 7.75 66 -0.014394 0.018026
16 8.25 75 0.187067 0.020137
17 8.75 58 0.251724 0.026477
18 9.25 51 0.041765 0.021183
19 9.75 51 0.032157 0.030870
20 10.25 50 0.263000 0.031942
21 10.75 45 -0.063333 0.031751
22 11.25 26 0.277692 0.072545
23 11.75 38 0.164737 0.036384
24 12.25 37 -0.436757 0.037777
25 12.75 40 0.001250 0.037228
26 13.25 40 0.263750 0.037353
27 13.75 36 0.341389 0.041550
28 14.25 37 -0.266216 0.048115
29 14.75 31 -0.005161 0.042511
30 15.25 23 0.601739 0.049527
31 15.75 27 0.098889 0.058985
32 16.25 25 0.233200 0.065830
33 16.75 25 -0.207200 0.060276
34 17.25 24 0.021667 0.052043
35 17.75 16 0.080625 0.068683
36 18.25 19 0.078421 0.097045
37 18.75 14 -0.452857 0.108271
38 19.25 1 -0.120000 0.000000
39 19.75 0 0.000000 0.000000

0 0.25 827 27.198875 0.002838
1 0.75 404 27.643886 0.005775
2 1.25 261 29.290766 0.009465
3 1.75 191 30.872932 0.012757
4 2.25 84 31.875833 0.030024
5 2.75 150 33.901000 0.017615
6 3.25 129 36.936124 0.032172
7 3.75 128 42.400781 0.027195
8 4.25 90 37.107444 0.032283
9 4.75 108 31.552222 0.027828
10 5.25 108 25.812963 0.026162
11 5.75 109 20.323028 0.020970
12 6.25 88 15.108068 0.028282
13 6.75 93 9.299247 0.021327
14 7.25 69 -0.138261 0.017238
15 7.75 76 0.175395 0.015872
16 8.25 75 -0.091333 0.020811
17 8.75 51 0.088627 0.026828
18 9.25 50 -0.287400 0.031068
19 9.75 55 0.232364 0.027404
20 10.25 49 0.141429 0.027388
21 10.75 37 0.214054 0.031101
22 11.25 31 0.063871 0.046792
23 11.75 42 -0.128095 0.031207
24 12.25 39 0.202821 0.034539
25 12.75 40 0.328500 0.032294
26 13.25 42 0.177143 0.039399
27 13.75 37 -0.436757 0.038704
28 14.25 34 -0.102353 0.040687
29 14.75 27 0.193704 0.065197
30 15.25 24 -0.147500 0.051194
31 15.75 26 -0.012308 0.063969
32 16.25 25 -0.423600 0.049961
33 16.75 24 -0.671250 0.051861
34 17.25 23 -0.259565 0.071478
35 17.75 14 -0.205714 0.074397
36 18.25 16 0.348125 0.077278
37 18.75 5 -0.000000 0.225442
38 19.25 0 0.000000 0.000000
39 19.75 0 0.000000 0.000000

0 0.25 838 27.090358 0.002854
1 0.75 392 27.614005 0.005993
2 1.25 262 28.986298 0.008851
3 1.75 184 30.622717 0.013817
4 2.25 93 33.093118 0.033078
5 2.75 164 33.869756 0.015956
6 3.25 126 37.943333 0.037006
7 3.75 126 41.949444 0.027565
8 4.25 95 37.299474 0.032995
9 4.75 109 31.432936 0.029464
10 5.25 116 26.038707 0.022842
11 5.75 98 20.539796 0.028391
12 6.25 91 14.984396 0.026023
13 6.75 90 9.909222 0.023499
14 7.25 73 -0.090959 0.019421
15 7.75 73 -0.144110 0.018457
16 8.25 72 0.128611 0.023212
17 8.75 50 -0.059800 0.028864
18 9.25 55 -0.053818 0.024416
19 9.75 58 -0.329310 0.025530
20 10.25 37 0.184595 0.040659
21 10.75 31 0.098710 0.048751
22 11.25 38 0.047895 0.033931
23 11.75 42 -0.234524 0.038609
24 12.25 38 0.075263 0.039342
25 12.75 39 -0.323077 0.031594
26 13.25 38 -0.122632 0.044552
27 13.75 33 0.013030 0.044071
28 14.25 30 0.054667 0.042881
29 14.75 27 -0.501111 0.058875
30 15.25 24 -0.207917 0.073056
31 15.75 27 0.178519 0.061027
32 16.25 24 -0.204167 0.070120
33 16.75 23 0.202609 0.051323
34 17.25 21 0.164762 0.054854
35 17.75 11 -0.685455 0.138257
36 18.25 9 -0.071111 0.155353
37 18.75 0 0.000000 0.000000
38 19.25 0 0.000000 0.000000
39 19.75 0 0.000000 0.000000

0 0.25 860 27.092791 0.002769
1 0.75 382 27.657932 0.006575
2 1.25 255 29.347569 0.010239
3 1.75 183 30.690601 0.013680
4 2.25 106 32.133774 0.025487
5 2.75 166 33.503373 0.016166
6 3.25 128 37.881797 0.037155
7 3.75 128 42.932813 0.027627
8 4.25 99 36.613636 0.038204
9 4.75 113 31.815664 0.023889
10 5.25 120 26.050750 0.022793
11 5.75 90 20.503000 0.029897
12 6.25 89 15.264270 0.027055
13 6.75 84 9.946190 0.027056
14 7.25 79 0.006962 0.019589
15 7.75 72 0.054167 0.015895
16 8.25 61 0.068525 0.028948
17 8.75 53 -0.087170 0.028651
18 9.25 59 -0.065085 0.023869
19 9.75 50 -0.069000 0.025463
20 10.25 32 0.022500 0.044899
21 10.75 35 -0.036857 0.044757
22 11.25 39 0.438462 0.036692
23 11.75 44 -0.122045 0.032293
24 12.25 37 0.113514 0.039302
25 12.75 38 -0.245263 0.036419
26 13.25 39 0.126154 0.034075
27 13.75 27 -0.165926 0.067718
28 14.25 28 0.072500 0.055484
29 14.75 27 0.290741 0.057983
30 15.25 22 0.190909 0.051819
31 15.75 25 -0.341200 0.072073
32 16.25 22 -0.695000 0.073486
33 16.75 19 0.029474 0.087784
34 17.25 17 0.012353 0.088871
35 17.75 5 0.196000 0.318486
36 18.25 0 0.000000 0.000000
37 18.75 0 0.000000 0.000000
38 19.25 0 0.000000 0.000000
39 19.75 0 0.000000 0.000000

0 0.25 894 27.128065 0.002741
1 0.75 382 27.597435 0.006333
2 1.25 268 29.247090 0.008932
3 1.75 181 30.702044 0.013679
4 2.25 119 32.353109 0.024666
5 2.75 167 33.963713 0.016183
6 3.25 138 38.092681 0.033036
7 3.75 123 42.273415 0.026601
8 4.25 106 36.922264 0.029112
9 4.75 121 30.991322 0.027187
10 5.25 116 26.250431 0.024648
11 5.75 92 20.239674 0.027778
12 6.25 93 15.062366 0.026368
13 6.75 82 9.974512 0.026630
14 7.25 78 -0.244103 0.019977
15 7.75 71 -0.190845 0.020989
16 8.25 61 0.191639 0.026216
17 8.75 57 0.115088 0.018508
18 9.25 55 0.339818 0.026325
19 9.75 46 -0.021522 0.035341
20 10.25 31 0.182581 0.047381
21 10.75 39 0.324359 0.044208
22 11.25 39 -0.105641 0.035946
23 11.75 43 -0.035349 0.040021
24 12.25 37 0.385135 0.037070
25 12.75 40 0.005250 0.042430
26 13.25 38 0.262895 0.031859
27 13.75 26 -0.243846 0.056215
28 14.25 27 0.215926 0.041596
29 14.75 27 0.088889 0.045298
30 15.25 23 -0.296087 0.072872
31 15.75 24 0.243750 0.077846
32 16.25 20 0.438500 0.075276
33 16.75 17 -0.361176 0.078774
34 17.25 10 0.895000 0.175175
35 17.75 0 0.000000 0.000000
36 18.25 0 0.000000 0.000000
37 18.75 0 0.000000 0.000000
38 19.25 0 0.000000 0.000000
39 19.75 0 0.000000 0.000000

0 0.25 921 27.134712 0.002582
1 0.75 377 27.570531 0.005908
2 1.25 273 29.149341 0.008311
3 1.75 166 30.516446 0.016386
4 2.25 130 32.418846 0.021724
5 2.75 161 33.878199 0.018746
6 3.25 142 37.584930 0.031478
7 3.75 122 41.820738 0.027191
8 4.25 109 36.622018 0.030693
9 4.75 127 31.195354 0.026650
10 5.25 106 26.218585 0.028548
11 5.75 96 20.688229 0.028183
12 6.25 98 15.457653 0.023621
13 6.75 79 9.560506 0.030424
14 7.25 79 -0.221899 0.018462
15 7.75 72 -0.117222 0.020547
16 8.25 61 -0.094426 0.022459
17 8.75 57 -0.130877 0.030757
18 9.25 54 0.635556 0.026091
19 9.75 37 0.066757 0.046130
20 10.25 33 0.466667 0.050328
21 10.75 42 0.609762 0.037607
22 11.25 39 0.201282 0.035208
23 11.75 43 -0.154884 0.031861
24 12.25 33 -0.342424 0.050121
25 12.75 38 0.318947 0.041781
26 13.25 31 -0.070968 0.060847
27 13.75 26 0.134231 0.044671
28 14.25 26 0.019615 0.061439
29 14.75 25 0.329600 0.055524
30 15.25 20 0.289000 0.082561
31 15.75 22 -0.447727 0.080674
32 16.25 18 0.626667 0.059758
33 16.75 12 -0.030000 0.108069
34 17.25 2 2.515000 2.068287
35 17.75 0 0.000000 0.000000
36 18.25 0 0.000000 0.000000
37 18.75 0 0.000000 0.000000
38 19.25 0 0.000000 0.000000
39 19.75 0 0.000000 0.000000

0 0.25 942 27.242463 0.002380
1 0.75 372 27.323710 0.006389
2 1.25 279 29.093190 0.009431
3 1.75 159 30.606667 0.015474
4 2.25 148 32.250743 0.016334
5 2.75 157 33.718917 0.017701
6 3.25 140 37.396143 0.029195
7 3.75 119 42.514118 0.029616
8 4.25 118 36.457627 0.027408
9 4.75 131 31.594885 0.021143
10 5.25 101 26.160990 0.029308
11 5.75 99 20.159293 0.026193
12 6.25 94 15.394043 0.024170
13 6.75 78 9.981282 0.027422
14 7.25 79 0.060506 0.020214
15 7.75 69 0.061739 0.020955
16 8.25 66 0.250606 0.021766
17 8.75 51 0.004902 0.032903
18 9.25 48 0.095833 0.031876
19 9.75 32 -0.086875 0.045624
20 10.25 40 -0.566500 0.036909
21 10.75 41 0.043415 0.040293
22 11.25 41 0.186098 0.043132
23 11.75 42 -0.097143 0.031547
24 12.25 37 0.244865 0.045076
25 12.75 35 -0.336857 0.045861
26 13.25 26 -0.217692 0.060385
27 13.75 24 -0.206667 0.049788
28 14.25 25 0.003600 0.073507
29 14.75 25 -0.234000 0.063306
30 15.25 20 0.274500 0.080024
31 15.75 20 0.642500 0.108034
32 16.25 14 0.465000 0.109311
33 16.75 4 -0.835000 0.243332
34 17.25 0 0.000000 0.000000
35 17.75 0 0.000000 0.000000
36 18.25 0 0.000000 0.000000
37 18.75 0 0.000000 0.000000
38 19.25 0 0.000000 0.000000
39 19.75 0 0.000000 0.000000

0 0.25 959 27.080688 0.002454
1 0.75 372 27.442769 0.006455
2 1.25 283 29.021837 0.009373
3 1.75 157 30.728917 0.017728
4 2.25 166 32.273494 0.016562
5 2.75 159 33.986478 0.017031
6 3.25 144 37.664514 0.030299
7 3.75 120 42.013083 0.030792
8 4.25 125 36.994640 0.027001
9 4.75 128 31.628281 0.023669
10 5.25 98 26.341122 0.026878
11 5.75 107 20.658972 0.025696
12 6.25 90 14.908333 0.022541
13 6.75 73 9.434521 0.027504
14 7.25 80 -0.034125 0.018179
15 7.75 65 0.116308 0.025574
16 8.25 64 -0.216094 0.023711
17 8.75 51 0.088039 0.028545
18 9.25 42 -0.243810 0.035610
19 9.75 34 0.414706 0.041669
20 10.25 39 -0.316923 0.038839
21 10.75 40 -0.061500 0.032834
22 11.25 40 0.112000 0.036151
23 11.75 39 0.135641 0.027456
24 12.25 33 0.236667 0.046975
25 12.75 32 0.306250 0.055384
26 13.25 27 -0.352593 0.046483
27 13.75 24 -0.260833 0.081017
28 14.25 25 -0.053200 0.063075
29 14.75 23 -0.123913 0.060556
30 15.25 17 0.151176 0.067476
31 15.75 17 0.252353 0.073058
32 16.25 9 0.685556 0.151606
33 16.75 0 0.000000 0.000000
34 17.25 0 0.000000 0.000000
35 17.75 0 0.000000 0.000000
36 18.25 0 0.000000 0.000000
37 18.75 0 0.000000 0.000000
38 19.25 0 0.000000 0.000000
39 19.75 0 0.000000 0.000000

0 0.25 976 27.079242 0.002486
1 0.75 369 27.529079 0.006410
2 1.25 273 29.285531 0.009544
3 1.75 153 30.722353 0.016569
4 2.25 171 32.503275 0.014924
5 2.75 159 33.459811 0.016832
6 3.25 149 37.543826 0.031290
7 3.75 117 42.246239 0.029264
8 4.25 131 36.717252 0.028085
9 4.75 117 31.525641 0.027043
10 5.25 97 26.026598 0.029414
11 5.75 110 20.301818 0.021144
12 6.25 83 15.200843 0.028978
13 6.75 76 9.453684 0.029105
14 7.25 78 0.032692 0.021004
15 7.75 64 -0.032500 0.022152
16 8.25 61 -0.169344 0.026356
17 8.75 52 -0.055192 0.033425
18 9.25 35 -0.060571 0.045517
19 9.75 40 -0.360000 0.033928
20 10.25 39 -0.528974 0.036965
21 10.75 42 0.518571 0.038725
22 11.25 38 -0.125263 0.044541
23 11.75 40 -0.331500 0.036216
24 12.25 32 -0.295625 0.044757
25 12.75 29 -0.074483 0.043740
26 13.25 26 0.149231 0.046900
27 13.75 22 0.110000 0.062778
28 14.25 26 0.022308 0.045422
29 14.75 21 -0.496190 0.061899
30 15.25 16 -0.032500 0.088850
31 15.75 13 -0.176923 0.083889
32 16.25 2 1.795000 0.449013
33 16.75 0 0.000000 0.000000
34 17.25 0 0.000000 0.000000
35 17.75 0 0.000000 0.000000
36 18.25 0 0.000000 0.000000
37 18.75 0 0.000000 0.000000
38 19.25 0 0.000000 0.000000
39 19.75 0 0.000000 0.000000

0 0.25 996 27.167108 0.002375
1 0.75 369 27.453117 0.006314
2 1.25 278 28.869964 0.008866
3 1.75 149 30.471141 0.018416
4 2.25 186 32.200484 0.012999
5 2.75 153 33.840000 0.018090
6 3.25 158 37.344494 0.025886
7 3.75 118 41.833051 0.030643
8 4.25 135 36.888815 0.023912
9 4.75 114 31.940175 0.026951
10 5.25 103 25.937961 0.027245
11 5.75 113 20.341593 0.023498
12 6.25 79 14.929620 0.032931
13 6.75 80 9.766000 0.030610
14 7.25 76 -0.146579 0.018353
15 7.75 63 0.251429 0.021076
16 8.25 57 -0.120351 0.025658
17 8.75 48 -0.062708 0.029188
18 9.25 30 0.285333 0.049452
19 9.75 43 0.296279 0.030047
20 10.25 40 -0.039250 0.035301
21 10.75 41 -0.218049 0.040703
22 11.25 38 -0.013947 0.041411
23 11.75 37 0.249189 0.033827
24 12.25 26 -0.198846 0.047190
25 12.75 29 -0.231379 0.047774
26 13.25 25 -0.184000 0.058679
27 13.75 22 0.102727 0.066416
28 14.25 23 -0.006957 0.069931
29 14.75 17 0.460588 0.058689
30 15.25 14 1.094286 0.092471
31 15.75 4 0.957500 0.105798
32 16.25 0 0.000000 0.000000
33 16.75 0 0.000000 0.000000
34 17.25 0 0.000000 0.000000
35 17.75 0 0.000000 0.000000
36 18.25 0 0.000000 0.000000
37 18.75 0 0.000000 0.000000
38 19.25 0 0.000000 0.000000
39 19.75 0 0.000000 0.000000

0 0.25 1016 27.278081 0.002284
1 0.75 369 27.761789 0.006245
2 1.25 276 29.165652 0.009000
3 1.75 147 30.512041 0.018263
4 2.25 193 32.511658 0.013200
5 2.75 158 33.742722 0.017982
6 3.25 152 37.637500 0.029804
7 3.75 123 42.042439 0.032154
8 4.25 132 36.877652 0.024146
9 4.75 110 31.329636 0.026177
10 5.25 106 25.904434 0.023869
11 5.75 107 20.631589 0.023861
12 6.25 81 15.092222 0.028747
13 6.75 80 9.621125 0.031297
14 7.25 75 -0.006133 0.019250
15 7.75 58 -0.011034 0.027746
16 8.25 57 0.057193 0.024943
17 8.75 43 -0.134651 0.033790
18 9.25 33 -0.278485 0.049309
19 9.75 43 -0.138372 0.029879
20 10.25 40 0.231250 0.034983
21 10.75 39 -0.175128 0.036874
22 11.25 37 -0.452973 0.040862
23 11.75 37 0.263243 0.037104
24 12.25 23 0.112174 0.059272
25 12.75 29 0.037586 0.049753
26 13.25 24 -0.103333 0.062544
27 13.75 21 -0.220952 0.086470
28 14.25 21 0.670476 0.074820
29 14.75 14 -0.948571 0.156787
30 15.25 7 0.644286 0.160763
31 15.75 0 0.000000 0.000000
32 16.25 0 0.000000 0.000000
33 16.75 0 0.000000 0.000000
34 17.25 0 0.000000 0.000000
35 17.75 0 0.000000 0.000000
36 18.25 0 0.000000 0.000000
37 18.75 0 0.000000 0.000000
38 19.25 0 0.000000 0.000000
39 19.75 0 0.000000 0.000000

0 0.25 1027 27.101616 0.002295
1 0.75 370 27.789595 0.006042
2 1.25 282 29.482376 0.008920
3 1.75 148 30.647230 0.018054
4 2.25 198 32.247475 0.013706
5 2.75 160 33.448125 0.016368
6 3.25 149 37.045369 0.030143
7 3.75 132 42.065833 0.024387
8 4.25 132 37.050758 0.023732
9 4.75 109 31.387982 0.027935
10 5.25 109 26.310642 0.026951
11 5.75 102 20.973627 0.026786
12 6.25 85 15.332706 0.028540
13 6.75 81 9.780494 0.023731
14 7.25 69 -0.225362 0.023952
15 7.75 59 0.081525 0.025503
16 8.25 56 -0.184286 0.022461
17 8.75 38 -0.233421 0.046255
18 9.25 34 -0.142647 0.033542
19 9.75 43 0.141628 0.035920
20 10.25 40 -0.015500 0.037305
21 10.75 39 -0.110256 0.037802
22 11.25 33 -0.411212 0.042653
23 11.75 34 -0.042647 0.038236
24 12.25 23 0.103043 0.066723
25 12.75 28 0.163214 0.050337
26 13.25 24 -0.408333 0.060204
27 13.75 21 0.133810 0.083677
28 14.25 17 0.085294 0.074871
29 14.75 11 0.404545 0.145805
30 15.25 2 0.825000 0.738927
31 15.75 0 0.000000 0.000000
32 16.25 0 0.000000 0.000000
33 16.75 0 0.000000 0.000000
34 17.25 0 0.000000 0.000000
35 17.75 0 0.000000 0.000000
36 18.25 0 0.000000 0.000000
37 18.75 0 0.000000 0.000000
38 19.25 0 0.000000 0.000000
39 19.75 0 0.000000 0.000000

0 0.25 1043 27.147776 0.002312
1 0.75 374 27.529465 0.006260
2 1.25 281 29.085089 0.008886
3 1.75 149 30.666309 0.017148
4 2.25 206 32.578835 0.012917
5 2.75 161 34.088323 0.016992
6 3.25 146 37.241438 0.030583
7 3.75 139 42.251007 0.025184
8 4.25 129 36.970233 0.025256
9 4.75 112 31.508571 0.024861
10 5.25 112 25.965357 0.026531
11 5.75 97 20.299485 0.029381
12 6.25 85 15.222588 0.032318
13 6.75 74 9.887973 0.030240
14 7.25 70 0.070143 0.019881
15 7.75 59 0.425932 0.021134
16 8.25 49 0.032449 0.029345
17 8.75 35 -0.336000 0.042296
18 9.25 36 0.103333 0.048662
19 9.75 43 -0.083488 0.030123
20 10.25 40 -0.080750 0.030389
21 10.75 37 0.030811 0.037697
22 11.25 31 -0.160000 0.041410
23 11.75 25 0.470800 0.063065
24 12.25 23 0.124783 0.042604
25 12.75 26 -0.288077 0.066799
26 13.25 21 0.241905 0.092129
27 13.75 17 -0.231176 0.079371
28 14.25 11 0.095455 0.074215
29 14.75 3 0.030000 0.538682
30 15.25 0 0.000000 0.000000
31 15.75 0 0.000000 0.000000
32 16.25 0 0.000000 0.000000
33 16.75 0 0.000000 0.000000
34 17.25 0 0.000000 0.000000
35 17.75 0 0.000000 0.000000
36 18.25 0 0.000000 0.000000
37 18.75 0 0.000000 0.000000
38 19.25 0 0.000000 0.000000
39 19.75 0 0.000000 0.000000

0 0.25 1064 27.091532 0.002240
1 0.75 381 27.521522 0.006214
2 1.25 285 29.271895 0.008780
3 1.75 148 30.510068 0.015833
4 2.25 210 32.238286 0.012431
5 2.75 166 33.912771 0.016224
6 3.25 139 37.345468 0.031523
7 3.75 143 42.425385 0.025225
8 4.25 130 36.752385 0.025151
9 4.75 110 31.363909 0.026237
10 5.25 116 25.750690 0.022932
11 5.75 95 20.646316 0.028603
12 6.25 86 15.005930 0.026623
13 6.75 72 9.733333 0.032759
14 7.25 68 0.037647 0.017355
15 7.75 59 -0.136780 0.023421
16 8.25 45 0.050667 0.030133
17 8.75 35 0.200571 0.041215
18 9.25 37 0.335135 0.043514
19 9.75 43 -0.396744 0.024559
20 10.25 41 0.175366 0.032661
21 10.75 35 0.988571 0.041594
22 11.25 29 -0.384138 0.055562
23 11.75 25 -0.071200 0.050252
24 12.25 24 0.051250 0.072087
25 12.75 25 0.316400 0.064209
26 13.25 22 -0.072727 0.075503
27 13.75 13 -0.077692 0.099692
28 14.25 9 0.048889 0.141608
29 14.75 1 0.220000 0.000000
30 15.25 0 0.000000 0.000000
31 15.75 0 0.000000 0.000000
32 16.25 0 0.000000 0.000000
33 16.75 0 0.000000 0.000000
34 17.25 0 0.000000 0.000000
35 17.75 0 0.000000 0.000000
36 18.25 0 0.000000 0.000000
37 18.75 0 0.000000 0.000000
38 19.25 0 0.000000 0.000000
39 19.75 0 0.000000 0.000000

0 0.25 1079 27.206080 0.002228
1 0.75 380 27.714763 0.006187
2 1.25 275 29.257309 0.008784
3 1.75 155 30.674581 0.015518
4 2.25 209 32.374737 0.012034
5 2.75 166 33.881024 0.016948
6 3.25 141 37.050355 0.028275
7 3.75 143 42.363636 0.024995
8 4.25 128 36.138359 0.026083
9 4.75 112 31.392143 0.026127
10 5.25 113 25.638142 0.025679
11 5.75 98 20.647959 0.027123
12 6.25 84 14.797262 0.028023
13 6.75 69 10.003478 0.031661
14 7.25 67 -0.064627 0.023143
15 7.75 59 -0.348136 0.026467
16 8.25 36 0.035833 0.044686
17 8.75 35 0.370857 0.037992
18 9.25 39 -0.230769 0.034775
19 9.75 43 -0.108372 0.039317
20 10.25 38 -0.250789 0.037489
21 10.75 29 0.147241 0.040548
22 11.25 22 0.057727 0.062292
23 11.75 26 -0.126538 0.045723
24 12.25 24 0.052500 0.056530
25 12.75 24 -0.571250 0.063435
26 13.25 14 -0.288571 0.119451
27 13.75 7 -0.048571 0.133756
28 14.25 3 -1.280000 0.266333
29 14.75 0 0.000000 0.000000
30 15.25 0 0.000000 0.000000
31 15.75 0 0.000000 0.000000
32 16.25 0 0.000000 0.000000
33 16.75 0 0.000000 0.000000
34 17.25 0 0.000000 0.000000
35 17.75 0 0.000000 0.000000
36 18.25 0 0.000000 0.000000
37 18.75 0 0.000000 0.000000
38 19.25 0 0.000000 0.000000
39 19.75 0 0.000000 0.000000

0 0.25 1068 27.279494 0.002135
1 0.75 391 27.885550 0.006148
2 1.25 276 29.102862 0.009248
3 1.75 163 30.861534 0.016025
4 2.25 206 32.456456 0.012776
5 2.75 169 33.834852 0.015175
6 3.25 139 37.099281 0.031761
7 3.75 142 42.521972 0.024987
8 4.25 123 36.925366 0.025205
9 4.75 114 31.373070 0.025370
10 5.25 102 26.029118 0.028418
11 5.75 98 20.270714 0.027244
12 6.25 82 14.973659 0.027590
13 6.75 64 9.394375 0.033439
14 7.25 65 0.281385 0.022311
15 7.75 51 -0.264902 0.034451
16 8.25 29 0.525172 0.043860
17 8.75 34 0.321471 0.041924
18 9.25 42 0.193810 0.033540
19 9.75 45 -0.197111 0.030074
20 10.25 38 -0.098158 0.038467
21 10.75 25 0.094400 0.051590
22 11.25 17 -0.370588 0.086010
23 11.75 28 0.211071 0.037437
24 12.25 22 -0.344091 0.075415
25 12.75 24 -0.105000 0.069264
26 13.25 11 -0.083636 0.114439
27 13.75 4 -0.502500 0.460577
28 14.25 0 0.000000 0.000000
29 14.75 0 0.000000 0.000000
30 15.25 0 0.000000 0.000000
31 15.75 0 0.000000 0.000000
32 16.25 0 0.000000 0.000000
33 16.75 0 0.000000 0.000000
34 17.25 0 0.000000 0.000000
35 17.75 0 0.000000 0.000000
36 18.25 0 0.000000 0.000000
37 18.75 0 0.000000 0.000000
38 19.25 0 0.000000 0.000000
39 19.75 0 0.000000 0.000000

0 0.25 1081 27.183080 0.002194
1 0.75 391 27.704834 0.005861
2 1.25 269 29.006580 0.010140
3 1.75 163 30.878650 0.017123
4 2.25 202 31.971881 0.012120
5 2.75 175 34.096114 0.015810
6 3.25 141 37.373475 0.030458
7 3.75 140 42.442000 0.026697
8 4.25 118 36.835339 0.030635
9 4.75 112 31.183839 0.027058
10 5.25 99 25.994242 0.030190
11 5.75 100 20.961200 0.028773
12 6.25 73 15.240548 0.030136
13 6.75 64 9.366406 0.033543
14 7.25 65 0.057077 0.019308
15 7.75 48 -0.121458 0.030906
16 8.25 29 -0.285172 0.045773
17 8.75 31 -0.130323 0.048789
18 9.25 40 0.068500 0.045295
19 9.75 43 0.153023 0.035215
20 10.25 28 -0.350357 0.064817
21 10.75 18 -0.500556 0.074947
22 11.25 17 -0.144118 0.094913
23 11.75 27 0.603333 0.049282
24 12.25 22 0.053182 0.065952
25 12.75 13 -0.596923 0.099448
26 13.25 4 -0.895000 0.397516
27 13.75 0 0.000000 0.000000
28 14.25 0 0.000000 0.000000
29 14.75 0 0.000000 0.000000
30 15.25 0 0.000000 0.000000
31 15.75 0 0.000000 0.000000
32 16.25 0 0.000000 0.000000
33 16.75 0 0.000000 0.000000
34 17.25 0 0.000000 0.000000
35 17.75 0 0.000000 0.000000
36 18.25 0 0.000000 0.000000
37 18.75 0 0.000000 0.000000
38 19.25 0 0.000000 0.000000
39 19.75 0 0.000000 0.000000

0 0.25 1078 27.024898 0.002151
1 0.75 393 27.564198 0.006022
2 1.25 267 29.267416 0.008541
3 1.75 166 30.781446 0.014499
4 2.25 202 32.112871 0.011715
5 2.75 180 34.076667 0.014666
6 3.25 138 37.141304 0.029593
7 3.75 146 42.259726 0.025367
8 4.25 114 36.744298 0.028580
9 4.75 112 31.348393 0.025427
10 5.25 99 26.399192 0.027112
11 5.75 102 20.667647 0.026085
12 6.25 69 15.061159 0.033699
13 6.75 66 9.738030 0.032608
14 7.25 65 -0.171385 0.022768
15 7.75 46 -0.220435 0.031853
16 8.25 27 0.214074 0.053061
17 8.75 34 -0.048824 0.048029
18 9.25 40 0.006000 0.046229
19 9.75 42 -0.269762 0.039564
20 10.25 27 -0.086667 0.050789
21 10.75 15 -0.782667 0.086428
22 11.25 18 0.500556 0.082194
23 11.75 25 0.266000 0.040336
24 12.25 22 -0.040455 0.059054
25 12.75 10 0.033000 0.174430
26 13.25 1 0.270000 0.000000
27 13.75 0 0.000000 0.000000
28 14.25 0 0.000000 0.000000
29 14.75 0 0.000000 0.000000
30 15.25 0 0.000000 0.000000
31 15.75 0 0.000000 0.000000
32 16.25 0 0.000000 0.000000
33 16.75 0 0.000000 0.000000
34 17.25 0 0.000000 0.000000
35 17.75 0 0.000000 0.000000
36 18.25 0 0.000000 0.000000
37 18.75 0 0.000000 0.000000
38 19.25 0 0.000000 0.000000
39 19.75 0 0.000000 0.000000

0 0.25 1102 27.201724 0.002148
1 0.75 399 27.742356 0.005998
2 1.25 272 28.931949 0.008327
3 1.75 170 30.717471 0.014867
4 2.25 208 32.141923 0.013230
5 2.75 183 33.773169 0.016454
6 3.25 136 37.123897 0.033143
7 3.75 151 42.385166 0.024212
8 4.25 116 37.373103 0.028936
9 4.75 114 31.311316 0.027429
10 5.25 105 25.919429 0.024344
11 5.75 101 20.618614 0.023295
12 6.25 75 15.332133 0.035028
13 6.75 64 9.783750 0.035774
14 7.25 64 -0.323125 0.022601
15 7.75 45 -0.347556 0.029490
16 8.25 29 0.117586 0.040765
17 8.75 34 0.237941 0.043012
18 9.25 38 0.020789 0.028290
19 9.75 40 0.095500 0.040264
20 10.25 25 0.364400 0.055140
21 10.75 14 -0.182857 0.087912
22 11.25 17 0.620000 0.054717
23 11.75 23 -0.257826 0.078066
24 12.25 23 -0.022174 0.058245
25 12.75 9 0.216667 0.117383
26 13.25 0 0.000000 0.000000
27 13.75 0 0.000000 0.000000
28 14.25 0 0.000000 0.000000
29 14.75 0 0.000000 0.000000
30 15.25 0 0.000000 0.000000
31 15.75 0 0.000000 0.000000
32 16.25 0 0.000000 0.000000
33 16.75 0 0.000000 0.000000
34 17.25 0 0.000000 0.000000
35 17.75 0 0.000000 0.000000
36 18.25 0 0.000000 0.000000
37 18.75 0 0.000000 0.000000
38 19.25 0 0.000000 0.000000
39 19.75 0 0.000000 0.000000

0 0.25 1093 27.104748 0.002159
1 0.75 390 27.558154 0.006057
2 1.25 272 29.372279 0.009268
3 1.75 177 30.803616 0.014194
4 2.25 211 32.195877 0.011764
5 2.75 187 34.120695 0.014509
6 3.25 136 37.215809 0.031353
7 3.75 150 42.191000 0.024224
8 4.25 120 36.902750 0.028196
9 4.75 114 31.416667 0.025922
10 5.25 105 26.316476 0.028908
11 5.75 100 20.472300 0.024970
12 6.25 67 15.181940 0.035449
13 6.75 65 10.146154 0.033891
14 7.25 63 0.126667 0.022382
15 7.75 52 0.123654 0.029652
16 8.25 30 -0.235000 0.061345
17 8.75 34 -0.055000 0.049651
18 9.25 36 0.325000 0.047342
19 9.75 40 0.169250 0.032953
20 10.25 33 0.105455 0.047199
21 10.75 13 -0.605385 0.094717
22 11.25 20 -0.122500 0.048605
23 11.75 21 0.012381 0.070741
24 12.25 23 0.046522 0.069677
25 12.75 21 -0.196667 0.078513
26 13.25 2 -0.380000 0.841457
27 13.75 0 0.000000 0.000000
28 14.25 0 0.000000 0.000000
29 14.75 0 0.000000 0.000000
30 15.25 0 0.000000 0.000000
31 15.75 0 0.000000 0.000000
32 16.25 0 0.000000 0.000000
33 16.75 0 0.000000 0.000000
34 17.25 0 0.000000 0.000000
35 17.75 0 0.000000 0.000000
36 18.25 0 0.000000 0.000000
37 18.75 0 0.000000 0.000000
38 19.25 0 0.000000 0.000000
39 19.75 0 0.000000 0.000000

0 0.25 1097 27.198195 0.002186
1 0.75 397 27.664081 0.005984
2 1.25 263 29.337490 0.009030
3 1.75 181 30.853867 0.015199
4 2.25 204 32.272500 0.013573
5 2.75 185 33.852973 0.014815
6 3.25 139 37.574820 0.034295
7 3.75 150 42.452067 0.020947
8 4.25 115 36.958000 0.027331
9 4.75 109 31.282661 0.024937
10 5.25 97 26.490206 0.027968
11 5.75 103 20.286311 0.024879
12 6.25 67 15.387164 0.036962
13 6.75 63 10.011905 0.035301
14 7.25 65 0.185231 0.025913
15 7.75 43 0.094419 0.028126
16 8.25 31 -0.287419 0.043508
17 8.75 32 -0.347187 0.050160
18 9.25 33 -0.097273 0.046632
19 9.75 40 -0.248250 0.039589
20 10.25 35 0.390000 0.042123
21 10.75 13 0.150769 0.175537
22 11.25 21 0.050952 0.062149
23 11.75 17 0.408235 0.115245
24 12.25 23 0.099565 0.049679
25 12.75 20 0.522500 0.064382
26 13.25 2 0.135000 0.130815
27 13.75 0 0.000000 0.000000
28 14.25 0 0.000000 0.000000
29 14.75 0 0.000000 0.000000
30 15.25 0 0.000000 0.000000
31 15.75 0 0.000000 0.000000
32 16.25 0 0.000000 0.000000
33 16.75 0 0.000000 0.000000
34 17.25 0 0.000000 0.000000
35 17.75 0 0.000000 0.000000
36 18.25 0 0.000000 0.000000
37 18.75 0 0.000000 0.000000
38 19.25 0 0.000000 0.000000
39 19.75 0 0.000000 0.000000

0 0.25 1101 27.126712 0.002227
1 0.75 396 28.003409 0.006064
2 1.25 266 29.217481 0.009023
3 1.75 175 30.942000 0.016416
4 2.25 207 32.369517 0.012919
5 2.75 187 33.757807 0.014341
6 3.25 135 37.923037 0.030898
7 3.75 144 41.738264 0.024440
8 4.25 122 37.333852 0.028735
9 4.75 106 31.212264 0.030615
10 5.25 94 25.658830 0.029731
11 5.75 106 20.287264 0.025762
12 6.25 71 15.342535 0.036688
13 6.75 64 9.948594 0.032975
14 7.25 68 0.137059 0.021898
15 7.75 45 0.145111 0.035605
16 8.25 32 -0.000938 0.050959
17 8.75 33 -0.210909 0.046304
18 9.25 32 -0.132188 0.041572
19 9.75 42 -0.053095 0.039138
20 10.25 33 -0.315758 0.046669
21 10.75 15 -0.238000 0.110371
22 11.25 19 -0.228947 0.085156
23 11.75 16 -0.001250 0.109572
24 12.25 21 0.177143 0.071365
25 12.75 9 0.313333 0.150598
26 13.25 0 0.000000 0.000000
27 13.75 0 0.000000 0.000000
28 14.25 0 0.000000 0.000000
29 14.75 0 0.000000 0.000000
30 15.25 0 0.000000 0.000000
31 15.75 0 0.000000 0.000000
32 16.25 0 0.000000 0.000000
33 16.75 0 0.000000 0.000000
34 17.25 0 0.000000 0.000000
35 17.75 0 0.000000 0.000000
36 18.25 0 0.000000 0.000000
37 18.75 0 0.000000 0.000000
38 19.25 0 0.000000 0.000000
39 19.75 0 0.000000 0.000000

0 0.25 1100 27.203927 0.002152
1 0.75 395 27.939772 0.005867
2 1.25 266 29.255564 0.010248
3 1.75 178 30.642528 0.014421
4 2.25 207 32.445894 0.013573
5 2.75 183 33.583989 0.015143
6 3.25 145 36.843448 0.031618
7 3.75 140 42.396500 0.023741
8 4.25 119 37.038487 0.031432
9 4.75 109 31.704495 0.025806
10 5.25 94 26.323936 0.032557
11 5.75 104 20.733462 0.023042
12 6.25 74 15.440000 0.030859
13 6.75 60 9.817500 0.037281
14 7.25 65 0.063538 0.022644
15 7.75 53 -0.088679 0.023306
16 8.25 31 -0.018710 0.048879
17 8.75 31 -0.234516 0.033565
18 9.25 29 -0.194138 0.052228
19 9.75 39 0.126923 0.040199
20 10.25 23 -0.007391 0.063098
21 10.75 14 -0.100000 0.070810
22 11.25 19 0.192632 0.074464
23 11.75 15 0.478667 0.106803
24 12.25 18 -0.092222 0.067444
25 12.75 10 0.062000 0.141269
26 13.25 2 1.460000 0.926310
27 13.75 0 0.000000 0.000000
28 14.25 0 0.000000 0.000000
29 14.75 0 0.000000 0.000000
30 15.25 0 0.000000 0.000000
31 15.75 0 0.000000 0.000000
32 16.25 0 0.000000 0.000000
33 16.75 0 0.000000 0.000000
34 17.25 0 0.000000 0.000000
35 17.75 0 0.000000 0.000000
36 18.25 0 0.000000 0.000000
37 18.75 0 0.000000 0.000000
38 19.25 0 0.000000 0.000000
39 19.75 0 0.000000 0.000000

0 0.25 1097 27.206263 0.002194
1 0.75 391 27.821074 0.006192
2 1.25 267 29.287566 0.008802
3 1.75 176 31.000852 0.016289
4 2.25 212 32.091179 0.012881
5 2.75 178 33.796854 0.015615
6 3.25 145 37.383103 0.032915
7 3.75 138 41.888986 0.029044
8 4.25 123 37.108780 0.029672
9 4.75 108 31.058889 0.028899
10 5.25 95 26.020211 0.032612
11 5.75 98 20.425612 0.029154
12 6.25 69 15.214493 0.030171
13 6.75 62 9.766452 0.029277
14 7.25 60 -0.169667 0.024590
15 7.75 56 0.040714 0.026646
16 8.25 31 0.012581 0.040808
17 8.75 31 0.161613 0.047316
18 9.25 31 -0.314839 0.045764
19 9.75 36 -0.312222 0.049215
20 10.25 26 -0.079231 0.057576
21 10.75 15 -0.552667 0.084720
22 11.25 19 -0.096842 0.085569
23 11.75 15 -0.033333 0.069363
24 12.25 15 0.816667 0.084915
25 12.75 11 0.151818 0.169457
26 13.25 5 -0.304000 0.362101
27 13.75 0 0.000000 0.000000
28 14.25 0 0.000000 0.000000
29 14.75 0 0.000000 0.000000
30 15.25 0 0.000000 0.000000
31 15.75 0 0.000000 0.000000
32 16.25 0 0.000000 0.000000
33 16.75 0 0.000000 0.000000
34 17.25 0 0.000000 0.000000
35 17.75 0 0.000000 0.000000
36 18.25 0 0.000000 0.000000
37 18.75 0 0.000000 0.000000
38 19.25 0 0.000000 0.000000
39 19.75 0 0.000000 0.000000

0 0.25 1098 26.998707 0.002062
1 0.75 385 27.403455 0.006557
2 1.25 267 29.140300 0.009554
3 1.75 178 30.373539 0.014113
4 2.25 206 32.397961 0.011892
5 2.75 172 33.625640 0.015669
6 3.25 154 36.910844 0.026495
7 3.75 139 41.908633 0.027788
8 4.25 123 37.023252 0.027816
9 4.75 104 31.205962 0.028054
10 5.25 104 26.204327 0.026343
11 5.75 93 20.592366 0.029864
12 6.25 73 14.991507 0.031076
13 6.75 61 9.740328 0.041165
14 7.25 63 0.017143 0.022430
15 7.75 67 0.000149 0.017716
16 8.25 43 0.067674 0.035179
17 8.75 32 -0.025937 0.054751
18 9.25 29 0.321379 0.059161
19 9.75 33 0.032121 0.047705
20 10.25 33 0.450303 0.039092
21 10.75 23 0.088261 0.063860
22 11.25 20 -0.143000 0.058912
23 11.75 13 -0.046923 0.092158
24 12.25 15 -0.088667 0.094022
25 12.75 18 -0.162222 0.073948
26 13.25 12 -0.790000 0.128180
27 13.75 4 1.132500 0.932451
28 14.25 0 0.000000 0.000000
29 14.75 0 0.000000 0.000000
30 15.25 0 0.000000 0.000000
31 15.75 0 0.000000 0.000000
32 16.25 0 0.000000 0.000000
33 16.75 0 0.000000 0.000000
34 17.25 0 0.000000 0.000000
35 17.75 0 0.000000 0.000000
36 18.25 0 0.000000 0.000000
37 18.75 0 0.000000 0.000000
38 19.25 0 0.000000 0.000000
39 19.75 0 0.000000 0.000000

0 0.25 1095 27.220932 0.002050
1 0.75 387 27.836693 0.006804
2 1.25 268 29.258470 0.009594
3 1.75 182 30.871044 0.014253
4 2.25 204 32.429608 0.013250
5 2.75 167 33.380419 0.015682
6 3.25 158 36.955443 0.026798
7 3.75 139 42.621151 0.025225
8 4.25 131 36.832061 0.028894
9 4.75 104 31.284135 0.025471
10 5.25 112 25.545446 0.025385
11 5.75 90 20.150333 0.034380
12 6.25 86 14.851047 0.029861
13 6.75 65 10.184154 0.037421
14 7.25 59 0.340508 0.023254
15 7.75 68 -0.058382 0.019592
16 8.25 49 0.304082 0.031098
17 8.75 35 0.014571 0.040562
18 9.25 27 -0.267037 0.068477
19 9.75 30 -0.291000 0.051835
20 10.25 34 -0.056765 0.046291
21 10.75 26 -0.037692 0.058737
22 11.25 21 -0.561905 0.059080
23 11.75 12 -0.655000 0.157259
24 12.25 14 0.432857 0.097469
25 12.75 15 -0.102000 0.062474
26 13.25 13 0.593846 0.141513
27 13.75 7 -0.810000 0.077745
28 14.25 3 0.043333 0.173504
29 14.75 0 0.000000 0.000000
30 15.25 0 0.000000 0.000000
31 15.75 0 0.000000 0.000000
32 16.25 0 0.000000 0.000000
33 16.75 0 0.000000 0.000000
34 17.25 0 0.000000 0.000000
35 17.75 0 0.000000 0.000000
36 18.25 0 0.000000 0.000000
37 18.75 0 0.000000 0.000000
38 19.25 0 0.000000 0.000000
39 19.75 0 0.000000 0.000000

0 0.25 1098 27.070984 0.002071
1 0.75 380 27.831053 0.006390
2 1.25 264 29.271023 0.008846
3 1.75 182 30.623791 0.014010
4 2.25 201 32.505373 0.012922
5 2.75 164 33.833537 0.017848
6 3.25 162 37.397901 0.022559
7 3.75 136 42.037500 0.027476
8 4.25 129 37.134496 0.022097
9 4.75 102 30.781176 0.029586
10 5.25 110 26.419727 0.028644
11 5.75 82 20.430854 0.031444
12 6.25 84 15.105952 0.028511
13 6.75 68 9.630588 0.036243
14 7.25 58 -0.174483 0.025040
15 7.75 67 -0.007164 0.022016
16 8.25 55 -0.045636 0.028584
17 8.75 37 0.137568 0.034550
18 9.25 29 0.052069 0.047755
19 9.75 29 0.417931 0.046893
20 10.25 29 0.107931 0.049972
21 10.75 35 0.246857 0.043446
22 11.25 26 -0.009615 0.065788
23 11.75 13 0.113077 0.105448
24 12.25 13 -0.281538 0.141892
25 12.75 14 -0.146429 0.114068
26 13.25 16 -0.336875 0.095116
27 13.75 13 -0.285385 0.102210
28 14.25 9 -0.271111 0.162260
29 14.75 1 -2.240000 0.000000
30 15.25 0 0.000000 0.000000
31 15.75 0 0.000000 0.000000
32 16.25 0 0.000000 0.000000
33 16.75 0 0.000000 0.000000
34 17.25 0 0.000000 0.000000
35 17.75 0 0.000000 0.000000
36 18.25 0 0.000000 0.000000
37 18.75 0 0.000000 0.000000
38 19.25 0 0.000000 0.000000
39 19.75 0 0.000000 0.000000

0 0.25 1085 27.154249 0.002186
1 0.75 378 27.793175 0.006659
2 1.25 254 29.383465 0.010119
3 1.75 185 30.686865 0.013531
4 2.25 197 32.410761 0.012833
5 2.75 166 33.940542 0.016306
6 3.25 163 37.602883 0.025136
7 3.75 136 41.982574 0.026796
8 4.25 139 37.414892 0.023619
9 4.75 99 31.205960 0.031633
10 5.25 110 25.925727 0.025230
11 5.75 84 20.632619 0.028257
12 6.25 84 14.588929 0.028044
13 6.75 73 9.964110 0.032334
14 7.25 61 -0.244098 0.022184
15 7.75 59 -0.367627 0.025613
16 8.25 61 0.227869 0.023638
17 8.75 42 -0.289286 0.035498
18 9.25 33 -0.340303 0.037522
19 9.75 31 0.047742 0.047129
20 10.25 31 0.140645 0.041059
21 10.75 34 -0.395294 0.051040
22 11.25 31 -0.400645 0.059109
23 11.75 17 0.313529 0.067804
24 12.25 12 -0.235000 0.104624
25 12.75 14 0.162857 0.137501
26 13.25 15 0.652667 0.122615
27 13.75 14 -0.106429 0.089220
28 14.25 11 -0.490000 0.132543
29 14.75 3 0.923333 0.510015
30 15.25 0 0.000000 0.000000
31 15.75 0 0.000000 0.000000
32 16.25 0 0.000000 0.000000
33 16.75 0 0.000000 0.000000
34 17.25 0 0.000000 0.000000
35 17.75 0 0.000000 0.000000
36 18.25 0 0.000000 0.000000
37 18.75 0 0.000000 0.000000
38 19.25 0 0.000000 0.000000
39 19.75 0 0.000000 0.000000

0 0.25 1079 27.098184 0.002122
1 0.75 381 27.745407 0.006521
2 1.25 255 29.330667 0.010060
3 1.75 191 30.815550 0.014318
4 2.25 197 32.534365 0.011316
5 2.75 161 33.934037 0.017389
6 3.25 164 37.530732 0.022555
7 3.75 134 42.025373 0.028474
8 4.25 138 36.866304 0.023706
9 4.75 98 30.553571 0.033245
10 5.25 107 25.869065 0.028925
11 5.75 90 20.378333 0.025302
12 6.25 82 15.361220 0.028538
13 6.75 78 10.133205 0.029622
14 7.25 62 -0.150323 0.022694
15 7.75 59 -0.132712 0.023887
16 8.25 66 -0.048333 0.021490
17 8.75 49 -0.224286 0.036687
18 9.25 38 0.201053 0.040290
19 9.75 32 0.404063 0.046794
20 10.25 30 0.183667 0.054462
21 10.75 32 0.392500 0.053416
22 11.25 32 0.409062 0.046240
23 11.75 24 -0.193333 0.070561
24 12.25 13 0.210769 0.187282
25 12.75 14 -0.727857 0.116701
26 13.25 13 1.100769 0.127373
27 13.75 13 -0.148462 0.105273
28 14.25 17 -0.004118 0.070363
29 14.75 11 -0.692727 0.106008
30 15.25 1 -2.210000 0.000000
31 15.75 0 0.000000 0.000000
32 16.25 0 0.000000 0.000000
33 16.75 0 0.000000 0.000000
34 17.25 0 0.000000 0.000000
35 17.75 0 0.000000 0.000000
36 18.25 0 0.000000 0.000000
37 18.75 0 0.000000 0.000000
38 19.25 0 0.000000 0.000000
39 19.75 0 0.000000 0.000000

0 0.25 1062 27.105151 0.002141
1 0.75 379 27.611873 0.006518
2 1.25 251 29.215697 0.009784
3 1.75 188 30.443617 0.013231
4 2.25 192 32.105729 0.014751
5 2.75 162 33.946914 0.017050
6 3.25 168 37.452738 0.025820
7 3.75 137 42.319635 0.023601
8 4.25 140 37.134571 0.024220
9 4.75 100 32.043500 0.033253
10 5.25 101 26.327921 0.027773
11 5.75 97 20.974948 0.028935
12 6.25 72 14.823056 0.032203
13 6.75 83 9.876627 0.028664
14 7.25 64 0.064531 0.024394
15 7.75 59 0.016102 0.020817
16 8.25 63 -0.015079 0.023312
17 8.75 54 0.506667 0.027444
18 9.25 39 0.219744 0.037170
19 9.75 35 0.101714 0.051926
20 10.25 28 -0.242143 0.046885
21 10.75 29 0.043448 0.052426
22 11.25 32 0.147187 0.055379
23 11.75 30 -0.217667 0.055665
24 12.25 12 -0.225000 0.074400
25 12.75 14 0.122143 0.088188
26 13.25 12 -0.275833 0.125357
27 13.75 12 0.580833 0.148249
28 14.25 16 -0.351875 0.105179
29 14.75 14 0.878571 0.119067
30 15.25 7 0.747143 0.234291
31 15.75 0 0.000000 0.000000
32 16.25 0 0.000000 0.000000
33 16.75 0 0.000000 0.000000
34 17.25 0 0.000000 0.000000
35 17.75 0 0.000000 0.000000
36 18.25 0 0.000000 0.000000
37 18.75 0 0.000000 0.000000
38 19.25 0 0.000000 0.000000
39 19.75 0 0.000000 0.000000

0 0.25 1039 27.093850 0.002255
1 0.75 380 27.702000 0.006537
2 1.25 243 29.110165 0.009961
3 1.75 189 30.721376 0.012727
4 2.25 180 32.491944 0.013942
5 2.75 160 33.768187 0.015060
6 3.25 162 37.809506 0.028371
7 3.75 137 41.951898 0.027385
8 4.25 140 36.896214 0.024493
9 4.75 105 31.801810 0.030029
10 5.25 96 26.237292 0.026164
11 5.75 109 20.296514 0.025622
12 6.25 69 14.801884 0.028481
13 6.75 81 9.227654 0.028725
14 7.25 65 -0.063692 0.022341
15 7.75 62 -0.114516 0.020962
16 8.25 58 -0.026724 0.026319
17 8.75 59 0.107288 0.017634
18 9.25 39 0.267692 0.037895
19 9.75 38 -0.076842 0.036333
20 10.25 32 0.219375 0.053653
21 10.75 33 0.023333 0.038628
22 11.25 31 0.272903 0.075675
23 11.75 35 -0.065143 0.040688
24 12.25 17 -0.343529 0.095808
25 12.75 14 0.050000 0.084285
26 13.25 12 -0.059167 0.124208
27 13.75 11 0.056364 0.199962
28 14.25 15 -0.286000 0.077451
29 14.75 14 -0.174286 0.074946
30 15.25 13 0.003846 0.088762
31 15.75 3 0.320000 0.623601
32 16.25 0 0.000000 0.000000
33 16.75 0 0.000000 0.000000
34 17.25 0 0.000000 0.000000
35 17.75 0 0.000000 0.000000
36 18.25 0 0.000000 0.000000
37 18.75 0 0.000000 0.000000
38 19.25 0 0.000000 0.000000
39 19.75 0 0.000000 0.000000

0 0.25 1028 27.167072 0.002284
1 0.75 390 27.686436 0.006154
2 1.25 245 29.152000 0.010759
3 1.75 188 30.895957 0.013370
4 2.25 176 32.630057 0.014987
5 2.75 157 33.451911 0.017864
6 3.25 156 37.855064 0.027856
7 3.75 138 42.388116 0.028362
8 4.25 133 36.870602 0.026117
9 4.75 122 31.784344 0.027466
10 5.25 90 26.213889 0.028784
11 5.75 104 20.664231 0.023018
12 6.25 72 14.844167 0.031468
13 6.75 73 9.490685 0.028711
14 7.25 67 -0.353284 0.025024
15 7.75 61 -0.152951 0.025340
16 8.25 62 0.028871 0.027340
17 8.75 59 -0.329831 0.022242
18 9.25 43 -0.121395 0.037991
19 9.75 39 0.013590 0.040702
20 10.25 39 -0.273333 0.042356
21 10.75 35 -0.184857 0.045349
22 11.25 27 0.131481 0.056724
23 11.75 36 -0.671389 0.036387
24 12.25 25 -0.384000 0.071399
25 12.75 16 0.195625 0.102012
26 13.25 12 -0.154167 0.147953
27 13.75 14 -0.010000 0.102572
28 14.25 12 -0.077500 0.137406
29 14.75 13 0.233077 0.130849
30 15.25 13 -0.573846 0.095624
31 15.75 9 0.612222 0.167134
32 16.25 1 -1.980000 0.000000
33 16.75 0 0.000000 0.000000
34 17.25 0 0.000000 0.000000
35 17.75 0 0.000000 0.000000
36 18.25 0 0.000000 0.000000
37 18.75 0 0.000000 0.000000
38 19.25 0 0.000000 0.000000
39 19.75 0 0.000000 0.000000

0 0.25 999 27.103443 0.002303
1 0.75 386 27.896554 0.006052
2 1.25 245 29.247469 0.009702
3 1.75 185 30.619081 0.013491
4 2.25 166 32.268795 0.017271
5 2.75 157 33.496561 0.017233
6 3.25 150 37.471600 0.027396
7 3.75 142 42.645141 0.024607
8 4.25 130 36.806000 0.026087
9 4.75 134 31.164179 0.020981
10 5.25 90 25.797000 0.030732
11 5.75 99 20.219899 0.027678
12 6.25 85 15.403176 0.026669
13 6.75 67 9.334627 0.031511
14 7.25 75 0.167733 0.019600
15 7.75 60 0.333833 0.024594
16 8.25 62 0.051774 0.018597
17 8.75 59 -0.279831 0.018913
18 9.25 54 0.247037 0.029819
19 9.75 38 -0.370000 0.048852
20 10.25 39 0.152051 0.040671
21 10.75 37 -0.094865 0.041501
22 11.25 28 0.303929 0.039941
23 11.75 35 -0.350571 0.044404
24 12.25 26 -0.147308 0.053447
25 12.75 21 0.325238 0.074753
26 13.25 13 0.393077 0.135007
27 13.75 11 -0.300000 0.145023
28 14.25 13 -0.380769 0.079897
29 14.75 12 0.160000 0.126833
30 15.25 10 0.516000 0.151858
31 15.75 15 0.156000 0.113931
32 16.25 6 -1.171667 0.248206
33 16.75 0 0.000000 0.000000
34 17.25 0 0.000000 0.000000
35 17.75 0 0.000000 0.000000
36 18.25 0 0.000000 0.000000
37 18.75 0 0.000000 0.000000
38 19.25 0 0.000000 0.000000
39 19.75 0 0.000000 0.000000

0 0.25 995 27.033648 0.002341
1 0.75 389 27.579357 0.006449
2 1.25 253 29.315929 0.009933
3 1.75 178 30.774213 0.013873
4 2.25 162 32.256605 0.017362
5 2.75 157 33.657580 0.018768
6 3.25 140 37.390000 0.030497
7 3.75 147 42.208503 0.024091
8 4.25 122 36.676967 0.024902
9 4.75 131 31.250840 0.021609
10 5.25 94 26.246915 0.030532
11 5.75 93 20.408602 0.030769
12 6.25 92 15.220870 0.024734
13 6.75 68 9.852794 0.035095
14 7.25 76 -0.299605 0.020070
15 7.75 58 0.221552 0.023571
16 8.25 57 0.307193 0.025993
17 8.75 60 0.090167 0.028100
18 9.25 62 0.218548 0.022784
19 9.75 45 0.254222 0.029978
20 10.25 38 -0.062895 0.035963
21 10.75 35 -0.124571 0.037215
22 11.25 38 0.298684 0.040641
23 11.75 36 -0.105000 0.043757
24 12.25 27 0.427037 0.041734
25 12.75 29 0.126897 0.049387
26 13.25 13 -0.383077 0.179771
27 13.75 13 0.236923 0.129499
28 14.25 13 0.204615 0.108320
29 14.75 13 -0.620769 0.116289
30 15.25 10 0.598000 0.121052
31 15.75 14 0.136429 0.122285
32 16.25 12 -0.020000 0.107547
33 16.75 3 0.800000 0.186756
34 17.25 0 0.000000 0.000000
35 17.75 0 0.000000 0.000000
36 18.25 0 0.000000 0.000000
37 18.75 0 0.000000 0.000000
38 19.25 0 0.000000 0.000000
39 19.75 0 0.000000 0.000000

0 0.25 966 27.094545 0.002392
1 0.75 395 27.606101 0.006149
2 1.25 249 29.313655 0.010689
3 1.75 180 30.623222 0.013222
4 2.25 149 32.283356 0.018292
5 2.75 165 33.789333 0.017335
6 3.25 137 37.598832 0.035251
7 3.75 149 41.961342 0.023183
8 4.25 120 36.915917 0.032157
9 4.75 127 30.612992 0.022840
10 5.25 105 26.163333 0.024962
11 5.75 86 20.867907 0.029555
12 6.25 89 15.127416 0.028790
13 6.75 72 10.037639 0.029048
14 7.25 71 -0.064648 0.019380
15 7.75 62 0.033065 0.022438
16 8.25 55 -0.101818 0.026082
17 8.75 63 -0.206032 0.022907
18 9.25 58 -0.302241 0.026718
19 9.75 50 -0.083200 0.027082
20 10.25 39 -0.151538 0.046181
21 10.75 37 -0.154054 0.041264
22 11.25 38 0.074737 0.036515
23 11.75 38 -0.116053 0.041828
24 12.25 27 0.688889 0.055688
25 12.75 31 -0.171290 0.057067
26 13.25 23 0.484348 0.065383
27 13.75 14 -0.282857 0.115778
28 14.25 13 0.383077 0.138631
29 14.75 12 0.175000 0.146046
30 15.25 12 0.405833 0.116224
31 15.75 10 -0.027000 0.205700
32 16.25 14 -0.204286 0.149624
33 16.75 10 -0.450000 0.125940
34 17.25 0 0.000000 0.000000
35 17.75 0 0.000000 0.000000
36 18.25 0 0.000000 0.000000
37 18.75 0 0.000000 0.000000
38 19.25 0 0.000000 0.000000
39 19.75 0 0.000000 0.000000

0 0.25 952 26.959590 0.002415
1 0.75 389 27.604961 0.006177
2 1.25 252 29.161825 0.009110
3 1.75 174 30.520287 0.014953
4 2.25 145 32.080138 0.019055
5 2.75 166 33.543193 0.016561
6 3.25 127 37.314331 0.036120
7 3.75 145 42.433586 0.025076
8 4.25 119 36.966471 0.028050
9 4.75 123 31.175854 0.025741
10 5.25 112 25.934643 0.026885
11 5.75 88 20.148750 0.023665
12 6.25 84 15.386667 0.030962
13 6.75 76 10.033553 0.027362
14 7.25 68 0.206912 0.020992
15 7.75 65 -0.070769 0.025223
16 8.25 51 0.256275 0.027530
17 8.75 55 -0.193818 0.027531
18 9.25 58 0.446207 0.027078
19 9.75 58 -0.286207 0.030027
20 10.25 38 -0.174474 0.042055
21 10.75 38 0.441842 0.042027
22 11.25 38 0.108158 0.036823
23 11.75 42 0.516429 0.038957
24 12.25 30 -0.101333 0.044656
25 12.75 31 0.457097 0.054578
26 13.25 29 -0.135862 0.051191
27 13.75 17 -0.598235 0.077428
28 14.25 14 -0.055714 0.091168
29 14.75 13 -0.495385 0.085243
30 15.25 13 0.413077 0.118336
31 15.75 10 -1.103000 0.081647
32 16.25 11 -0.458182 0.127063
33 16.75 12 -0.137500 0.119907
34 17.25 7 0.741429 0.241013
35 17.75 0 0.000000 0.000000
36 18.25 0 0.000000 0.000000
37 18.75 0 0.000000 0.000000
38 19.25 0 0.000000 0.000000
39 19.75 0 0.000000 0.000000

0 0.25 930 27.109301 0.002553
1 0.75 390 27.722000 0.006260
2 1.25 255 29.253843 0.009913
3 1.75 166 31.092169 0.016866
4 2.25 140 32.070429 0.018627
5 2.75 164 33.820244 0.016472
6 3.25 123 38.140407 0.034940
7 3.75 135 42.368815 0.024850
8 4.25 119 36.457731 0.026951
9 4.75 118 31.250508 0.024358
10 5.25 114 26.273333 0.023902
11 5.75 95 20.529579 0.029629
12 6.25 81 15.208642 0.027045
13 6.75 77 9.975974 0.026738
14 7.25 72 -0.031528 0.022411
15 7.75 68 -0.040000 0.024037
16 8.25 50 0.210400 0.031986
17 8.75 55 -0.180545 0.027113
18 9.25 55 -0.351091 0.026599
19 9.75 63 0.065714 0.019556
20 10.25 49 -0.407959 0.030565
21 10.75 38 0.030000 0.049946
22 11.25 37 -0.326486 0.040731
23 11.75 41 0.029268 0.041455
24 12.25 34 0.024118 0.046717
25 12.75 32 -0.225000 0.047781
26 13.25 31 -0.247742 0.049297
27 13.75 26 -0.040385 0.042947
28 14.25 16 -0.445000 0.072817
29 14.75 13 1.033077 0.123200
30 15.25 10 -0.337000 0.182139
31 15.75 13 -0.303077 0.128252
32 16.25 11 -0.064545 0.142807
33 16.75 9 0.900000 0.166446
34 17.25 13 0.289231 0.096873
35 17.75 4 -0.870000 0.419687
36 18.25 0 0.000000 0.000000
37 18.75 0 0.000000 0.000000
38 19.25 0 0.000000 0.000000
39 19.75 0 0.000000 0.000000

0 0.25 912 27.014704 0.002557
1 0.75 394 27.626777 0.006174
2 1.25 262 29.112634 0.009948
3 1.75 166 30.657108 0.015123
4 2.25 137 31.986642 0.019409
5 2.75 154 34.018247 0.017902
6 3.25 130 37.512846 0.037398
7 3.75 133 42.156241 0.025156
8 4.25 119 36.861008 0.032212
9 4.75 118 31.378220 0.025655
10 5.25 113 26.088230 0.025210
11 5.75 101 20.413168 0.025520
12 6.25 82 15.433902 0.027556
13 6.75 78 9.936410 0.032286
14 7.25 71 -0.077606 0.018100
15 7.75 65 0.092154 0.022609
16 8.25 59 -0.028136 0.025184
17 8.75 45 -0.369778 0.032980
18 9.25 53 -0.074340 0.029659
19 9.75 59 -0.084407 0.023748
20 10.25 57 0.174737 0.028879
21 10.75 40 0.114250 0.033482
22 11.25 39 -0.109744 0.044749
23 11.75 41 -0.218293 0.042192
24 12.25 34 -0.051176 0.043378
25 12.75 38 -0.125526 0.031858
26 13.25 33 -0.220000 0.039569
27 13.75 27 0.338148 0.042291
28 14.25 23 -0.088261 0.060839
29 14.75 14 -0.035714 0.117735
30 15.25 13 -0.456923 0.104951
31 15.75 12 -0.325000 0.100322
32 16.25 11 0.830000 0.171614
33 16.75 10 -0.611000 0.083813
34 17.25 12 -0.584167 0.129005
35 17.75 8 -0.166250 0.103863
36 18.25 6 0.321667 0.258890
37 18.75 0 0.000000 0.000000
38 19.25 0 0.000000 0.000000
39 19.75 0 0.000000 0.000000

0 0.25 890 27.091640 0.002579
1 0.75 390 27.636128 0.006511
2 1.25 274 29.044781 0.009199
3 1.75 153 30.780065 0.014823
4 2.25 140 32.529000 0.020798
5 2.75 143 33.975455 0.018203
6 3.25 133 37.210075 0.032590
7 3.75 125 41.621520 0.029567
8 4.25 121 36.535868 0.027969
9 4.75 111 31.308919 0.027771
10 5.25 111 26.103874 0.026041
11 5.75 104 20.610962 0.024271
12 6.25 83 15.507470 0.027781
13 6.75 80 9.245875 0.028703
14 7.25 69 0.012464 0.019945
15 7.75 66 0.157879 0.022590
16 8.25 67 0.158955 0.019858
17 8.75 42 0.192857 0.032203
18 9.25 46 -0.280000 0.030200
19 9.75 58 -0.151379 0.025590
20 10.25 54 -0.006481 0.023991
21 10.75 51 -0.194118 0.031354
22 11.25 38 0.218158 0.040526
23 11.75 39 0.087179 0.044017
24 12.25 34 0.722059 0.045584
25 12.75 38 0.343947 0.034141
26 13.25 37 -0.677568 0.032867
27 13.75 27 -0.026667 0.045064
28 14.25 31 -0.240000 0.044226
29 14.75 16 -0.059375 0.089083
30 15.25 13 0.079231 0.113206
31 15.75 13 0.559231 0.105074
32 16.25 13 -0.328462 0.082128
33 16.75 11 -0.629091 0.152718
34 17.25 11 0.201818 0.159990
35 17.75 7 -0.340000 0.155830
36 18.25 14 0.568571 0.107627
37 18.75 2 3.960000 1.258650
38 19.25 0 0.000000 0.000000
39 19.75 0 0.000000 0.000000

0 0.25 866 27.274908 0.002809
1 0.75 392 27.590638 0.006425
2 1.25 268 29.048284 0.009098
3 1.75 151 30.807550 0.017751
4 2.25 137 32.717591 0.021506
5 2.75 131 33.853359 0.018858
6 3.25 141 37.181418 0.029419
7 3.75 115 42.148522 0.029901
8 4.25 117 36.915128 0.026492
9 4.75 107 31.543271 0.027184
10 5.25 116 26.104741 0.025081
11 5.75 100 20.556300 0.024777
12 6.25 87 14.999655 0.029387
13 6.75 81 9.374444 0.027523
14 7.25 71 0.086479 0.025484
15 7.75 61 -0.328361 0.021238
16 8.25 69 0.025217 0.024425
17 8.75 46 -0.130870 0.038340
18 9.25 43 0.620465 0.034173
19 9.75 48 0.005417 0.028645
20 10.25 50 0.116800 0.027105
21 10.75 59 0.188305 0.023475
22 11.25 41 -0.355610 0.032604
23 11.75 41 0.467073 0.037951
24 12.25 34 -0.647647 0.036179
25 12.75 39 -0.102564 0.036750
26 13.25 37 -0.490541 0.031080
27 13.75 32 0.030000 0.048969
28 14.25 32 -0.462813 0.056335
29 14.75 29 -0.095862 0.051199
30 15.25 13 -0.452308 0.180055
31 15.75 15 0.277333 0.118912
32 16.25 11 0.475455 0.177773
33 16.75 10 -0.599000 0.115986
34 17.25 13 0.730000 0.116912
35 17.75 7 -0.892857 0.224501
36 18.25 12 0.516667 0.102661
37 18.75 10 -0.023000 0.169964
38 19.25 1 -0.970000 0.000000
39 19.75 0 0.000000 0.000000

0 0.25 854 27.126101 0.002746
1 0.75 395 27.658278 0.005995
2 1.25 260 29.377231 0.009924
3 1.75 163 30.458098 0.014286
4 2.25 136 32.060441 0.018507
5 2.75 130 33.706154 0.021272
6 3.25 145 37.077655 0.029291
7 3.75 107 41.938411 0.031486
8 4.25 125 36.633040 0.026155
9 4.75 100 31.220600 0.030988
10 5.25 116 26.037328 0.024890
11 5.75 105 20.824857 0.023700
12 6.25 91 14.841648 0.026881
13 6.75 84 9.586429 0.023895
14 7.25 78 0.019231 0.020293
15 7.75 56 0.319464 0.024116
16 8.25 71 0.005634 0.019530
17 8.75 51 -0.052549 0.029925
18 9.25 44 -0.479773 0.032425
19 9.75 43 -0.292791 0.036797
20 10.25 45 0.087778 0.037517
21 10.75 57 -0.333684 0.023494
22 11.25 49 0.207959 0.032441
23 11.75 38 -0.035000 0.035266
24 12.25 35 -0.010857 0.037805
25 12.75 39 0.185641 0.031400
26 13.25 40 0.041750 0.039997
27 13.75 33 0.036667 0.051118
28 14.25 35 0.036000 0.053232
29 14.75 32 -0.292500 0.040079
30 15.25 21 -0.193333 0.083986
31 15.75 17 -0.197647 0.075537
32 16.25 12 0.723333 0.145437
33 16.75 12 0.329167 0.113179
34 17.25 13 -0.480000 0.131341
35 17.75 6 0.706667 0.214938
36 18.25 13 0.296154 0.100986
37 18.75 10 0.562000 0.175841
38 19.25 9 0.218889 0.204719
39 19.75 0 0.000000 0.000000

0 0.25 837 27.121685 0.002818
1 0.75 391 27.410997 0.006422
2 1.25 247 29.345466 0.009516
3 1.75 170 30.867765 0.015301
4 2.25 130 32.612154 0.020866
5 2.75 128 33.440859 0.023696
6 3.25 142 37.758451 0.029810
7 3.75 107 42.396355 0.033524
8 4.25 121 36.548264 0.028390
9 4.75 98 31.119898 0.030733
10 5.25 110 25.918909 0.025916
11 5.75 110 20.474636 0.023747
12 6.25 86 14.732907 0.029528
13 6.75 87 9.422989 0.023298
14 7.25 82 -0.035610 0.017170
15 7.75 58 -0.039655 0.024435
16 8.25 66 0.013485 0.024926
17 8.75 59 -0.018475 0.025204
18 9.25 43 -0.431628 0.032787
19 9.75 43 0.200000 0.031136
20 10.25 37 0.103514 0.041629
21 10.75 51 0.045098 0.021470
22 11.25 55 -0.125636 0.028901
23 11.75 43 0.149302 0.034235
24 12.25 34 -0.091765 0.042685
25 12.75 40 0.063750 0.032915
26 13.25 37 -0.124865 0.042133
27 13.75 35 0.282857 0.034821
28 14.25 36 0.108056 0.041741
29 14.75 35 -0.109429 0.048115
30 15.25 29 0.019310 0.053819
31 15.75 19 -0.074211 0.080689
32 16.25 13 -0.805385 0.071526
33 16.75 13 -0.608462 0.117868
34 17.25 14 0.288571 0.076262
35 17.75 7 -0.445714 0.311908
36 18.25 12 -0.198333 0.181111
37 18.75 11 0.375455 0.085291
38 19.25 7 -1.525714 0.142404
39 19.75 8 -0.366250 0.139570

0 0.25 819 27.245079 0.002801
1 0.75 387 27.708605 0.006158
2 1.25 249 29.313494 0.009626
3 1.75 169 30.967160 0.015099
4 2.25 126 32.546984 0.023982
5 2.75 128 34.017656 0.022777
6 3.25 138 37.933841 0.032012
7 3.75 103 42.117864 0.036272
8 4.25 113 36.452389 0.029419
9 4.75 103 31.439806 0.029634
10 5.25 102 25.584608 0.026898
11 5.75 108 20.353519 0.021938
12 6.25 86 15.103721 0.028815
13 6.75 90 9.905000 0.027341
14 7.25 80 -0.087250 0.016794
15 7.75 69 -0.185942 0.022049
16 8.25 60 -0.261500 0.029296
17 8.75 54 0.084630 0.027403
18 9.25 52 0.090000 0.024507
19 9.75 43 0.116744 0.038698
20 10.25 37 -0.305405 0.044143
21 10.75 47 0.178298 0.027906
22 11.25 46 -0.157609 0.030668
23 11.75 50 0.339600 0.024614
24 12.25 34 -0.075588 0.050242
25 12.75 43 0.384651 0.027986
26 13.25 36 -0.353889 0.031617
27 13.75 35 0.129714 0.040567
28 14.25 36 0.014167 0.040832
29 14.75 37 -0.415946 0.039412
30 15.25 33 -0.133636 0.044892
31 15.75 29 -0.358621 0.049372
32 16.25 15 0.440000 0.074519
33 16.75 15 0.312667 0.053950
34 17.25 16 0.663750 0.085749
35 17.75 8 0.245000 0.153836
36 18.25 13 0.012308 0.109472
37 18.75 12 -0.682500 0.124653
38 19.25 10 0.005000 0.133122
39 19.75 9 0.540000 0.127417

0 0.25 791 27.209267 0.002987
1 0.75 390 27.600026 0.005683
2 1.25 250 29.343840 0.009554
3 1.75 174 30.651897 0.015580
4 2.25 122 32.498033 0.021518
5 2.75 125 33.714640 0.023369
6 3.25 134 37.921940 0.034065
7 3.75 110 42.022364 0.029313
8 4.25 104 36.294904 0.028381
9 4.75 106 31.333491 0.027811
10 5.25 92 25.304130 0.030609
11 5.75 111 20.609009 0.020340
12 6.25 94 15.197447 0.026348
13 6.75 77 9.316104 0.029154
14 7.25 81 -0.073580 0.018683
15 7.75 73 -0.203151 0.020362
16 8.25 61 -0.031967 0.025120
17 8.75 49 0.183878 0.027175
18 9.25 60 -0.383667 0.025590
19 9.75 43 -0.292558 0.040692
20 10.25 37 -0.428378 0.031805
21 10.75 42 -0.455714 0.031280
22 11.25 41 -0.490488 0.043383
23 11.75 53 -0.214906 0.026730
24 12.25 39 -0.204615 0.041637
25 12.75 39 0.222051 0.038423
26 13.25 37 -0.194865 0.042455
27 13.75 34 0.030000 0.038489
28 14.25 39 0.194872 0.035888
29 14.75 35 -0.564286 0.054493
30 15.25 33 0.254545 0.042576
31 15.75 37 0.079730 0.039043
32 16.25 24 0.042500 0.064480
33 16.75 16 0.101250 0.114358
34 17.25 16 -0.118750 0.115143
35 17.75 9 -0.514444 0.098634
36 18.25 13 0.825385 0.074651
37 18.75 12 0.155833 0.142474
38 19.25 9 0.255556 0.197605
39 19.75 9 0.163333 0.124827

0 0.25 781 27.149078 0.003002
1 0.75 389 27.641877 0.006174
2 1.25 240 29.272750 0.011197
3 1.75 186 30.469032 0.013556
4 2.25 122 32.586393 0.021297
5 2.75 118 33.814407 0.022238
6 3.25 128 37.433437 0.034889
7 3.75 116 41.965431 0.034061
8 4.25 102 36.784608 0.030501
9 4.75 111 31.401892 0.025014
10 5.25 83 25.467952 0.028970
11 5.75 108 20.239352 0.022939
12 6.25 108 15.104630 0.022796
13 6.75 78 9.838462 0.026193
14 7.25 86 0.044767 0.018981
15 7.75 72 0.106528 0.022515
16 8.25 70 0.128571 0.022354
17 8.75 53 0.083019 0.030264
18 9.25 55 -0.201273 0.026982
19 9.75 49 0.438776 0.036880
20 10.25 36 -0.088056 0.048077
21 10.75 43 -0.046512 0.034335
22 11.25 38 -0.007632 0.038219
23 11.75 42 -0.181667 0.042225
24 12.25 45 0.233778 0.031989
25 12.75 41 -0.221220 0.028709
26 13.25 39 -0.248205 0.040336
27 13.75 35 -0.104000 0.034341
28 14.25 39 -0.320513 0.040394
29 14.75 36 0.030833 0.039467
30 15.25 33 0.031515 0.062890
31 15.75 36 0.131389 0.031745
32 16.25 31 -0.058065 0.051304
33 16.75 21 -0.115238 0.065722
34 17.25 19 -0.015263 0.061032
35 17.75 11 0.520000 0.115688
36 18.25 15 -0.037333 0.101910
37 18.75 13 -0.254615 0.122100
38 19.25 11 0.024545 0.150816
39 19.75 9 0.242222 0.119117

0 0.25 763 27.159030 0.003178
1 0.75 389 27.576915 0.005557
2 1.25 236 29.312585 0.010197
3 1.75 195 30.635436 0.012977
4 2.25 114 32.032456 0.021085
5 2.75 115 33.841391 0.024028
6 3.25 121 37.602149 0.035916
7 3.75 117 42.598376 0.029137
8 4.25 100 36.266100 0.030279
9 4.75 102 30.948431 0.029120
10 5.25 87 26.461034 0.031917
11 5.75 96 20.230313 0.026011
12 6.25 106 14.709057 0.024124
13 6.75 79 9.532405 0.023700
14 7.25 79 -0.186835 0.018423
15 7.75 81 -0.293333 0.021219
16 8.25 70 0.313286 0.022834
17 8.75 51 -0.112157 0.032845
18 9.25 54 0.058519 0.029129
19 9.75 54 -0.303889 0.026402
20 10.25 34 0.133235 0.043440
21 10.75 41 -0.074634 0.042468
22 11.25 41 0.070244 0.045896
23 11.75 40 0.071750 0.038922
24 12.25 41 0.178537 0.036269
25 12.75 39 -0.043590 0.033658
26 13.25 41 -0.651220 0.030793
27 13.75 32 0.026250 0.032533
28 14.25 36 0.675833 0.033646
29 14.75 37 -0.102162 0.036858
30 15.25 32 0.432187 0.046565
31 15.75 36 -0.161944 0.049471
32 16.25 34 0.129412 0.031322
33 16.75 35 0.141714 0.041597
34 17.25 21 -0.009524 0.096764
35 17.75 14 -0.040714 0.096385
36 18.25 15 -0.090667 0.073430
37 18.75 14 -0.062143 0.116690
38 19.25 12 -0.040833 0.108758
39 19.75 9 0.370000 0.170266

0 0.25 744 27.042245 0.003293
1 0.75 386 27.528523 0.006345
2 1.25 226 29.549204 0.010913
3 1.75 204 30.375686 0.013152
4 2.25 111 32.138108 0.024724
5 2.75 106 34.004434 0.026069
6 3.25 115 37.734870 0.040496
7 3.75 114 42.494298 0.029124
8 4.25 102 37.156961 0.030978
9 4.75 96 31.470833 0.033550
10 5.25 92 26.300435 0.032413
11 5.75 82 20.433415 0.031334
12 6.25 103 14.724660 0.023722
13 6.75 89 9.944607 0.024762
14 7.25 73 -0.052740 0.019079
15 7.75 77 -0.160130 0.019709
16 8.25 77 -0.000519 0.020071
17 8.75 53 0.059623 0.028772
18 9.25 55 -0.176909 0.028334
19 9.75 54 0.122037 0.022553
20 10.25 40 0.026250 0.037161
21 10.75 40 -0.097250 0.039582
22 11.25 38 0.305526 0.047477
23 11.75 37 -0.116216 0.038441
24 12.25 38 0.299737 0.031118
25 12.75 39 -0.028462 0.041138
26 13.25 39 -0.065897 0.034242
27 13.75 36 -0.176389 0.037651
28 14.25 38 0.102368 0.047405
29 14.75 36 0.022778 0.044099
30 15.25 33 -0.281212 0.055350
31 15.75 37 0.110541 0.045333
32 16.25 34 0.049706 0.048243
33 16.75 34 -0.086765 0.044323
34 17.25 34 -0.087059 0.043173
35 17.75 16 -0.571250 0.085709
36 18.25 17 0.199412 0.090427
37 18.75 17 0.740000 0.086391
38 19.25 14 -0.549286 0.080193
39 19.75 10 0.576000 0.189432

0 0.25 719 27.058832 0.003337
1 0.75 389 27.720411 0.005879
2 1.25 217 28.968618 0.011286
3 1.75 206 30.910340 0.011872
4 2.25 101 31.861386 0.028615
5 2.75 105 33.323810 0.025126
6 3.25 117 37.815299 0.038527
7 3.75 108 42.313241 0.029026
8 4.25 96 37.728542 0.034101
9 4.75 93 31.179892 0.031076
10 5.25 91 26.146264 0.034251
11 5.75 81 20.512222 0.038941
12 6.25 90 14.957222 0.028570
13 6.75 99 9.587778 0.020389
14 7.25 75 0.131200 0.017617
15 7.75 74 -0.299324 0.016457
16 8.25 81 -0.110123 0.017261
17 8.75 60 -0.108333 0.021157
18 9.25 54 -0.063148 0.030176
19 9.75 53 -0.101698 0.027329
20 10.25 46 0.288913 0.032023
21 10.75 34 0.055882 0.058687
22 11.25 37 -0.402703 0.045638
23 11.75 41 -0.597073 0.044843
24 12.25 37 -0.266486 0.047209
25 12.75 37 0.042973 0.044979
26 13.25 33 0.016364 0.040318
27 13.75 38 -0.027368 0.034204
28 14.25 39 -0.228974 0.043023
29 14.75 34 -0.029706 0.047156
30 15.25 35 0.384857 0.045137
31 15.75 36 -0.223611 0.048668
32 16.25 32 -0.067812 0.054278
33 16.75 36 0.173889 0.046825
34 17.25 35 0.050286 0.039239
35 17.75 28 0.162857 0.056629
36 18.25 20 0.138500 0.073883
37 18.75 16 0.084375 0.097968
38 19.25 13 -0.070769 0.165228
39 19.75 13 -0.191538 0.106670

0 0.25 724 27.065304 0.003223
1 0.75 402 27.664428 0.006237
2 1.25 213 29.219812 0.012627
3 1.75 211 30.875403 0.012283
4 2.25 104 31.832885 0.029238
5 2.75 103 33.705340 0.024133
6 3.25 114 37.552368 0.041627
7 3.75 116 41.785517 0.030901
8 4.25 99 37.450000 0.032389
9 4.75 94 31.063723 0.034100
10 5.25 91 26.244505 0.028663
11 5.75 80 20.255625 0.031637
12 6.25 85 14.971765 0.029624
13 6.75 105 9.767714 0.022321
14 7.25 78 -0.135513 0.019215
15 7.75 69 -0.131014 0.021045
16 8.25 80 -0.104000 0.017317
17 8.75 65 -0.058462 0.024817
18 9.25 53 -0.311132 0.026329
19 9.75 55 0.065091 0.028608
20 10.25 52 0.008077 0.030009
21 10.75 36 -0.158611 0.050572
22 11.25 35 0.422286 0.044742
23 11.75 37 -0.033514 0.031540
24 12.25 37 -0.147568 0.035976
25 12.75 41 0.136829 0.033660
26 13.25 39 0.172051 0.045154
27 13.75 29 0.493793 0.051567
28 14.25 41 0.057317 0.034498
29 14.75 33 -0.025455 0.040957
30 15.25 35 0.075429 0.037807
31 15.75 34 -0.134412 0.043204
32 16.25 35 -0.004571 0.047437
33 16.75 35 0.225429 0.038969
34 17.25 36 0.308889 0.039186
35 17.75 31 -0.304839 0.050833
36 18.25 30 -0.265333 0.054035
37 18.75 19 0.172105 0.103122
38 19.25 16 0.741875 0.073684
39 19.75 14 0.117143 0.087647

