# Interpolated Vertical Profile Reflectivity (VPR)
# Format: bin_index bin_center_height_km reflectivity_dBZ
# Height bins: 0-20 km in 0.5 km increments
# Bins 0-39: interpolated from 6-point VPR model
#
0 0.25 27.125000
1 0.75 27.753425
2 1.25 29.260274
3 1.75 30.767123
4 2.25 32.273973
5 2.75 33.780822
6 3.25 35.714286
7 3.75 42.307692
8 4.25 36.884375
9 4.75 31.426042
10 5.25 25.967708
11 5.75 20.509375
12 6.25 15.051042
13 6.75 9.592708
14 7.25 0.000000
15 7.75 0.000000
16 8.25 0.000000
17 8.75 0.000000
18 9.25 0.000000
19 9.75 0.000000
20 10.25 0.000000
21 10.75 0.000000
22 11.25 0.000000
23 11.75 0.000000
24 12.25 0.000000
25 12.75 0.000000
26 13.25 0.000000
27 13.75 0.000000
28 14.25 0.000000
29 14.75 0.000000
30 15.25 0.000000
31 15.75 0.000000
32 16.25 0.000000
33 16.75 0.000000
34 17.25 0.000000
35 17.75 0.000000
36 18.25 0.000000
37 18.75 0.000000
38 19.25 0.000000
39 19.75 0.000000

0 0.25 27.125000
1 0.75 27.753425
2 1.25 29.260274
3 1.75 30.767123
4 2.25 32.273973
5 2.75 33.780822
6 3.25 35.714286
7 3.75 42.307692
8 4.25 36.884375
9 4.75 31.426042
10 5.25 25.967708
11 5.75 20.509375
12 6.25 15.051042
13 6.75 9.592708
14 7.25 0.000000
15 7.75 0.000000
16 8.25 0.000000
17 8.75 0.000000
18 9.25 0.000000
19 9.75 0.000000
20 10.25 0.000000
21 10.75 0.000000
22 11.25 0.000000
23 11.75 0.000000
24 12.25 0.000000
25 12.75 0.000000
26 13.25 0.000000
27 13.75 0.000000
28 14.25 0.000000
29 14.75 0.000000
30 15.25 0.000000
31 15.75 0.000000
32 16.25 0.000000
33 16.75 0.000000
34 17.25 0.000000
35 17.75 0.000000
36 18.25 0.000000
37 18.75 0.000000
38 19.25 0.000000
39 19.75 0.000000

0 0.25 27.125000
1 0.75 27.753425
2 1.25 29.260274
3 1.75 30.767123
4 2.25 32.273973
5 2.75 33.780822
6 3.25 35.714286
7 3.75 42.307692
8 4.25 36.884375
9 4.75 31.426042
10 5.25 25.967708
11 5.75 20.509375
12 6.25 15.051042
13 6.75 9.592708
14 7.25 0.000000
15 7.75 0.000000
16 8.25 0.000000
17 8.75 0.000000
18 9.25 0.000000
19 9.75 0.000000
20 10.25 0.000000
21 10.75 0.000000
22 11.25 0.000000
23 11.75 0.000000
24 12.25 0.000000
25 12.75 0.000000
26 13.25 0.000000
27 13.75 0.000000
28 14.25 0.000000
29 14.75 0.000000
30 15.25 0.000000
31 15.75 0.000000
32 16.25 0.000000
33 16.75 0.000000
34 17.25 0.000000
35 17.75 0.000000
36 18.25 0.000000
37 18.75 0.000000
38 19.25 0.000000
39 19.75 0.000000

0 0.25 27.125000
1 0.75 27.753425
2 1.25 29.260274
3 1.75 30.767123
4 2.25 32.273973
5 2.75 33.780822
6 3.25 35.714286
7 3.75 42.307692
8 4.25 36.884375
9 4.75 31.426042
10 5.25 25.967708
11 5.75 20.509375
12 6.25 15.051042
13 6.75 9.592708
14 7.25 0.000000
15 7.75 0.000000
16 8.25 0.000000
17 8.75 0.000000
18 9.25 0.000000
19 9.75 0.000000
20 10.25 0.000000
21 10.75 0.000000
22 11.25 0.000000
23 11.75 0.000000
24 12.25 0.000000
25 12.75 0.000000
26 13.25 0.000000
27 13.75 0.000000
28 14.25 0.000000
29 14.75 0.000000
30 15.25 0.000000
31 15.75 0.000000
32 16.25 0.000000
33 16.75 0.000000
34 17.25 0.000000
35 17.75 0.000000
36 18.25 0.000000
37 18.75 0.000000
38 19.25 0.000000
39 19.75 0.000000

0 0.25 27.125000
1 0.75 27.753425
2 1.25 29.260274
3 1.75 30.767123
4 2.25 32.273973
5 2.75 33.780822
6 3.25 35.714286
7 3.75 42.307692
8 4.25 36.884375
9 4.75 31.426042
10 5.25 25.967708
11 5.75 20.509375
12 6.25 15.051042
13 6.75 9.592708
14 7.25 0.000000
15 7.75 0.000000
16 8.25 0.000000
17 8.75 0.000000
18 9.25 0.000000
19 9.75 0.000000
20 10.25 0.000000
21 10.75 0.000000
22 11.25 0.000000
23 11.75 0.000000
24 12.25 0.000000
25 12.75 0.000000
26 13.25 0.000000
27 13.75 0.000000
28 14.25 0.000000
29 14.75 0.000000
30 15.25 0.000000
31 15.75 0.000000
32 16.25 0.000000
33 16.75 0.000000
34 17.25 0.000000
35 17.75 0.000000
36 18.25 0.000000
37 18.75 0.000000
38 19.25 0.000000
39 19.75 0.000000

0 0.25 27.125000
1 0.75 27.753425
2 1.25 29.260274
3 1.75 30.767123
4 2.25 32.273973
5 2.75 33.780822
6 3.25 35.714286
7 3.75 42.307692
8 4.25 36.884375
9 4.75 31.426042
10 5.25 25.967708
11 5.75 20.509375
12 6.25 15.051042
13 6.75 9.592708
14 7.25 0.000000
15 7.75 0.000000
16 8.25 0.000000
17 8.75 0.000000
18 9.25 0.000000
19 9.75 0.000000
20 10.25 0.000000
21 10.75 0.000000
22 11.25 0.000000
23 11.75 0.000000
24 12.25 0.000000
25 12.75 0.000000
26 13.25 0.000000
27 13.75 0.000000
28 14.25 0.000000
29 14.75 0.000000
30 15.25 0.000000
31 15.75 0.000000
32 16.25 0.000000
33 16.75 0.000000
34 17.25 0.000000
35 17.75 0.000000
36 18.25 0.000000
37 18.75 0.000000
38 19.25 0.000000
39 19.75 0.000000

0 0.25 27.125000
1 0.75 27.753425
2 1.25 29.260274
3 1.75 30.767123
4 2.25 32.273973
5 2.75 33.780822
6 3.25 35.714286
7 3.75 42.307692
8 4.25 36.884375
9 4.75 31.426042
10 5.25 25.967708
11 5.75 20.509375
12 6.25 15.051042
13 6.75 9.592708
14 7.25 0.000000
15 7.75 0.000000
16 8.25 0.000000
17 8.75 0.000000
18 9.25 0.000000
19 9.75 0.000000
20 10.25 0.000000
21 10.75 0.000000
22 11.25 0.000000
23 11.75 0.000000
24 12.25 0.000000
25 12.75 0.000000
26 13.25 0.000000
27 13.75 0.000000
28 14.25 0.000000
29 14.75 0.000000
30 15.25 0.000000
31 15.75 0.000000
32 16.25 0.000000
33 16.75 0.000000
34 17.25 0.000000
35 17.75 0.000000
36 18.25 0.000000
37 18.75 0.000000
38 19.25 0.000000
39 19.75 0.000000

0 0.25 27.125000
1 0.75 27.753425
2 1.25 29.260274
3 1.75 30.767123
4 2.25 32.273973
5 2.75 33.780822
6 3.25 35.714286
7 3.75 42.307692
8 4.25 36.884375
9 4.75 31.426042
10 5.25 25.967708
11 5.75 20.509375
12 6.25 15.051042
13 6.75 9.592708
14 7.25 0.000000
15 7.75 0.000000
16 8.25 0.000000
17 8.75 0.000000
18 9.25 0.000000
19 9.75 0.000000
20 10.25 0.000000
21 10.75 0.000000
22 11.25 0.000000
23 11.75 0.000000
24 12.25 0.000000
25 12.75 0.000000
26 13.25 0.000000
27 13.75 0.000000
28 14.25 0.000000
29 14.75 0.000000
30 15.25 0.000000
31 15.75 0.000000
32 16.25 0.000000
33 16.75 0.000000
34 17.25 0.000000
35 17.75 0.000000
36 18.25 0.000000
37 18.75 0.000000
38 19.25 0.000000
39 19.75 0.000000

0 0.25 27.125000
1 0.75 27.753425
2 1.25 29.260274
3 1.75 30.767123
4 2.25 32.273973
5 2.75 33.780822
6 3.25 35.714286
7 3.75 42.307692
8 4.25 36.884375
9 4.75 31.426042
10 5.25 25.967708
11 5.75 20.509375
12 6.25 15.051042
13 6.75 9.592708
14 7.25 0.000000
15 7.75 0.000000
16 8.25 0.000000
17 8.75 0.000000
18 9.25 0.000000
19 9.75 0.000000
20 10.25 0.000000
21 10.75 0.000000
22 11.25 0.000000
23 11.75 0.000000
24 12.25 0.000000
25 12.75 0.000000
26 13.25 0.000000
27 13.75 0.000000
28 14.25 0.000000
29 14.75 0.000000
30 15.25 0.000000
31 15.75 0.000000
32 16.25 0.000000
33 16.75 0.000000
34 17.25 0.000000
35 17.75 0.000000
36 18.25 0.000000
37 18.75 0.000000
38 19.25 0.000000
39 19.75 0.000000

0 0.25 27.125000
1 0.75 27.753425
2 1.25 29.260274
3 1.75 30.767123
4 2.25 32.273973
5 2.75 33.780822
6 3.25 35.714286
7 3.75 42.307692
8 4.25 36.884375
9 4.75 31.426042
10 5.25 25.967708
11 5.75 20.509375
12 6.25 15.051042
13 6.75 9.592708
14 7.25 0.000000
15 7.75 0.000000
16 8.25 0.000000
17 8.75 0.000000
18 9.25 0.000000
19 9.75 0.000000
20 10.25 0.000000
21 10.75 0.000000
22 11.25 0.000000
23 11.75 0.000000
24 12.25 0.000000
25 12.75 0.000000
26 13.25 0.000000
27 13.75 0.000000
28 14.25 0.000000
29 14.75 0.000000
30 15.25 0.000000
31 15.75 0.000000
32 16.25 0.000000
33 16.75 0.000000
34 17.25 0.000000
35 17.75 0.000000
36 18.25 0.000000
37 18.75 0.000000
38 19.25 0.000000
39 19.75 0.000000

0 0.25 27.125000
1 0.75 27.753425
2 1.25 29.260274
3 1.75 30.767123
4 2.25 32.273973
5 2.75 33.780822
6 3.25 35.714286
7 3.75 42.307692
8 4.25 36.884375
9 4.75 31.426042
10 5.25 25.967708
11 5.75 20.509375
12 6.25 15.051042
13 6.75 9.592708
14 7.25 0.000000
15 7.75 0.000000
16 8.25 0.000000
17 8.75 0.000000
18 9.25 0.000000
19 9.75 0.000000
20 10.25 0.000000
21 10.75 0.000000
22 11.25 0.000000
23 11.75 0.000000
24 12.25 0.000000
25 12.75 0.000000
26 13.25 0.000000
27 13.75 0.000000
28 14.25 0.000000
29 14.75 0.000000
30 15.25 0.000000
31 15.75 0.000000
32 16.25 0.000000
33 16.75 0.000000
34 17.25 0.000000
35 17.75 0.000000
36 18.25 0.000000
37 18.75 0.000000
38 19.25 0.000000
39 19.75 0.000000

0 0.25 27.125000
1 0.75 27.753425
2 1.25 29.260274
3 1.75 30.767123
4 2.25 32.273973
5 2.75 33.780822
6 3.25 35.714286
7 3.75 42.307692
8 4.25 36.884375
9 4.75 31.426042
10 5.25 25.967708
11 5.75 20.509375
12 6.25 15.051042
13 6.75 9.592708
14 7.25 0.000000
15 7.75 0.000000
16 8.25 0.000000
17 8.75 0.000000
18 9.25 0.000000
19 9.75 0.000000
20 10.25 0.000000
21 10.75 0.000000
22 11.25 0.000000
23 11.75 0.000000
24 12.25 0.000000
25 12.75 0.000000
26 13.25 0.000000
27 13.75 0.000000
28 14.25 0.000000
29 14.75 0.000000
30 15.25 0.000000
31 15.75 0.000000
32 16.25 0.000000
33 16.75 0.000000
34 17.25 0.000000
35 17.75 0.000000
36 18.25 0.000000
37 18.75 0.000000
38 19.25 0.000000
39 19.75 0.000000

0 0.25 27.125000
1 0.75 27.753425
2 1.25 29.260274
3 1.75 30.767123
4 2.25 32.273973
5 2.75 33.780822
6 3.25 35.714286
7 3.75 42.307692
8 4.25 36.884375
9 4.75 31.426042
10 5.25 25.967708
11 5.75 20.509375
12 6.25 15.051042
13 6.75 9.592708
14 7.25 0.000000
15 7.75 0.000000
16 8.25 0.000000
17 8.75 0.000000
18 9.25 0.000000
19 9.75 0.000000
20 10.25 0.000000
21 10.75 0.000000
22 11.25 0.000000
23 11.75 0.000000
24 12.25 0.000000
25 12.75 0.000000
26 13.25 0.000000
27 13.75 0.000000
28 14.25 0.000000
29 14.75 0.000000
30 15.25 0.000000
31 15.75 0.000000
32 16.25 0.000000
33 16.75 0.000000
34 17.25 0.000000
35 17.75 0.000000
36 18.25 0.000000
37 18.75 0.000000
38 19.25 0.000000
39 19.75 0.000000

0 0.25 27.125000
1 0.75 27.753425
2 1.25 29.260274
3 1.75 30.767123
4 2.25 32.273973
5 2.75 33.780822
6 3.25 35.714286
7 3.75 42.307692
8 4.25 36.884375
9 4.75 31.426042
10 5.25 25.967708
11 5.75 20.509375
12 6.25 15.051042
13 6.75 9.592708
14 7.25 0.000000
15 7.75 0.000000
16 8.25 0.000000
17 8.75 0.000000
18 9.25 0.000000
19 9.75 0.000000
20 10.25 0.000000
21 10.75 0.000000
22 11.25 0.000000
23 11.75 0.000000
24 12.25 0.000000
25 12.75 0.000000
26 13.25 0.000000
27 13.75 0.000000
28 14.25 0.000000
29 14.75 0.000000
30 15.25 0.000000
31 15.75 0.000000
32 16.25 0.000000
33 16.75 0.000000
34 17.25 0.000000
35 17.75 0.000000
36 18.25 0.000000
37 18.75 0.000000
38 19.25 0.000000
39 19.75 0.000000

0 0.25 27.125000
1 0.75 27.753425
2 1.25 29.260274
3 1.75 30.767123
4 2.25 32.273973
5 2.75 33.780822
6 3.25 35.714286
7 3.75 42.307692
8 4.25 36.884375
9 4.75 31.426042
10 5.25 25.967708
11 5.75 20.509375
12 6.25 15.051042
13 6.75 9.592708
14 7.25 0.000000
15 7.75 0.000000
16 8.25 0.000000
17 8.75 0.000000
18 9.25 0.000000
19 9.75 0.000000
20 10.25 0.000000
21 10.75 0.000000
22 11.25 0.000000
23 11.75 0.000000
24 12.25 0.000000
25 12.75 0.000000
26 13.25 0.000000
27 13.75 0.000000
28 14.25 0.000000
29 14.75 0.000000
30 15.25 0.000000
31 15.75 0.000000
32 16.25 0.000000
33 16.75 0.000000
34 17.25 0.000000
35 17.75 0.000000
36 18.25 0.000000
37 18.75 0.000000
38 19.25 0.000000
39 19.75 0.000000

0 0.25 27.125000
1 0.75 27.753425
2 1.25 29.260274
3 1.75 30.767123
4 2.25 32.273973
5 2.75 33.780822
6 3.25 35.714286
7 3.75 42.307692
8 4.25 36.884375
9 4.75 31.426042
10 5.25 25.967708
11 5.75 20.509375
12 6.25 15.051042
13 6.75 9.592708
14 7.25 0.000000
15 7.75 0.000000
16 8.25 0.000000
17 8.75 0.000000
18 9.25 0.000000
19 9.75 0.000000
20 10.25 0.000000
21 10.75 0.000000
22 11.25 0.000000
23 11.75 0.000000
24 12.25 0.000000
25 12.75 0.000000
26 13.25 0.000000
27 13.75 0.000000
28 14.25 0.000000
29 14.75 0.000000
30 15.25 0.000000
31 15.75 0.000000
32 16.25 0.000000
33 16.75 0.000000
34 17.25 0.000000
35 17.75 0.000000
36 18.25 0.000000
37 18.75 0.000000
38 19.25 0.000000
39 19.75 0.000000

0 0.25 27.125000
1 0.75 27.753425
2 1.25 29.260274
3 1.75 30.767123
4 2.25 32.273973
5 2.75 33.780822
6 3.25 35.714286
7 3.75 42.307692
8 4.25 36.884375
9 4.75 31.426042
10 5.25 25.967708
11 5.75 20.509375
12 6.25 15.051042
13 6.75 9.592708
14 7.25 0.000000
15 7.75 0.000000
16 8.25 0.000000
17 8.75 0.000000
18 9.25 0.000000
19 9.75 0.000000
20 10.25 0.000000
21 10.75 0.000000
22 11.25 0.000000
23 11.75 0.000000
24 12.25 0.000000
25 12.75 0.000000
26 13.25 0.000000
27 13.75 0.000000
28 14.25 0.000000
29 14.75 0.000000
30 15.25 0.000000
31 15.75 0.000000
32 16.25 0.000000
33 16.75 0.000000
34 17.25 0.000000
35 17.75 0.000000
36 18.25 0.000000
37 18.75 0.000000
38 19.25 0.000000
39 19.75 0.000000

0 0.25 27.125000
1 0.75 27.753425
2 1.25 29.260274
3 1.75 30.767123
4 2.25 32.273973
5 2.75 33.780822
6 3.25 35.714286
7 3.75 42.307692
8 4.25 36.884375
9 4.75 31.426042
10 5.25 25.967708
11 5.75 20.509375
12 6.25 15.051042
13 6.75 9.592708
14 7.25 0.000000
15 7.75 0.000000
16 8.25 0.000000
17 8.75 0.000000
18 9.25 0.000000
19 9.75 0.000000
20 10.25 0.000000
21 10.75 0.000000
22 11.25 0.000000
23 11.75 0.000000
24 12.25 0.000000
25 12.75 0.000000
26 13.25 0.000000
27 13.75 0.000000
28 14.25 0.000000
29 14.75 0.000000
30 15.25 0.000000
31 15.75 0.000000
32 16.25 0.000000
33 16.75 0.000000
34 17.25 0.000000
35 17.75 0.000000
36 18.25 0.000000
37 18.75 0.000000
38 19.25 0.000000
39 19.75 0.000000

0 0.25 27.125000
1 0.75 27.753425
2 1.25 29.260274
3 1.75 30.767123
4 2.25 32.273973
5 2.75 33.780822
6 3.25 35.714286
7 3.75 42.307692
8 4.25 36.884375
9 4.75 31.426042
10 5.25 25.967708
11 5.75 20.509375
12 6.25 15.051042
13 6.75 9.592708
14 7.25 0.000000
15 7.75 0.000000
16 8.25 0.000000
17 8.75 0.000000
18 9.25 0.000000
19 9.75 0.000000
20 10.25 0.000000
21 10.75 0.000000
22 11.25 0.000000
23 11.75 0.000000
24 12.25 0.000000
25 12.75 0.000000
26 13.25 0.000000
27 13.75 0.000000
28 14.25 0.000000
29 14.75 0.000000
30 15.25 0.000000
31 15.75 0.000000
32 16.25 0.000000
33 16.75 0.000000
34 17.25 0.000000
35 17.75 0.000000
36 18.25 0.000000
37 18.75 0.000000
38 19.25 0.000000
39 19.75 0.000000

0 0.25 27.125000
1 0.75 27.753425
2 1.25 29.260274
3 1.75 30.767123
4 2.25 32.273973
5 2.75 33.780822
6 3.25 35.714286
7 3.75 42.307692
8 4.25 36.884375
9 4.75 31.426042
10 5.25 25.967708
11 5.75 20.509375
12 6.25 15.051042
13 6.75 9.592708
14 7.25 0.000000
15 7.75 0.000000
16 8.25 0.000000
17 8.75 0.000000
18 9.25 0.000000
19 9.75 0.000000
20 10.25 0.000000
21 10.75 0.000000
22 11.25 0.000000
23 11.75 0.000000
24 12.25 0.000000
25 12.75 0.000000
26 13.25 0.000000
27 13.75 0.000000
28 14.25 0.000000
29 14.75 0.000000
30 15.25 0.000000
31 15.75 0.000000
32 16.25 0.000000
33 16.75 0.000000
34 17.25 0.000000
35 17.75 0.000000
36 18.25 0.000000
37 18.75 0.000000
38 19.25 0.000000
39 19.75 0.000000

0 0.25 27.125000
1 0.75 27.753425
2 1.25 29.260274
3 1.75 30.767123
4 2.25 32.273973
5 2.75 33.780822
6 3.25 35.714286
7 3.75 42.307692
8 4.25 36.884375
9 4.75 31.426042
10 5.25 25.967708
11 5.75 20.509375
12 6.25 15.051042
13 6.75 9.592708
14 7.25 0.000000
15 7.75 0.000000
16 8.25 0.000000
17 8.75 0.000000
18 9.25 0.000000
19 9.75 0.000000
20 10.25 0.000000
21 10.75 0.000000
22 11.25 0.000000
23 11.75 0.000000
24 12.25 0.000000
25 12.75 0.000000
26 13.25 0.000000
27 13.75 0.000000
28 14.25 0.000000
29 14.75 0.000000
30 15.25 0.000000
31 15.75 0.000000
32 16.25 0.000000
33 16.75 0.000000
34 17.25 0.000000
35 17.75 0.000000
36 18.25 0.000000
37 18.75 0.000000
38 19.25 0.000000
39 19.75 0.000000

0 0.25 27.125000
1 0.75 27.753425
2 1.25 29.260274
3 1.75 30.767123
4 2.25 32.273973
5 2.75 33.780822
6 3.25 35.714286
7 3.75 42.307692
8 4.25 36.884375
9 4.75 31.426042
10 5.25 25.967708
11 5.75 20.509375
12 6.25 15.051042
13 6.75 9.592708
14 7.25 0.000000
15 7.75 0.000000
16 8.25 0.000000
17 8.75 0.000000
18 9.25 0.000000
19 9.75 0.000000
20 10.25 0.000000
21 10.75 0.000000
22 11.25 0.000000
23 11.75 0.000000
24 12.25 0.000000
25 12.75 0.000000
26 13.25 0.000000
27 13.75 0.000000
28 14.25 0.000000
29 14.75 0.000000
30 15.25 0.000000
31 15.75 0.000000
32 16.25 0.000000
33 16.75 0.000000
34 17.25 0.000000
35 17.75 0.000000
36 18.25 0.000000
37 18.75 0.000000
38 19.25 0.000000
39 19.75 0.000000

0 0.25 27.125000
1 0.75 27.753425
2 1.25 29.260274
3 1.75 30.767123
4 2.25 32.273973
5 2.75 33.780822
6 3.25 35.714286
7 3.75 42.307692
8 4.25 36.884375
9 4.75 31.426042
10 5.25 25.967708
11 5.75 20.509375
12 6.25 15.051042
13 6.75 9.592708
14 7.25 0.000000
15 7.75 0.000000
16 8.25 0.000000
17 8.75 0.000000
18 9.25 0.000000
19 9.75 0.000000
20 10.25 0.000000
21 10.75 0.000000
22 11.25 0.000000
23 11.75 0.000000
24 12.25 0.000000
25 12.75 0.000000
26 13.25 0.000000
27 13.75 0.000000
28 14.25 0.000000
29 14.75 0.000000
30 15.25 0.000000
31 15.75 0.000000
32 16.25 0.000000
33 16.75 0.000000
34 17.25 0.000000
35 17.75 0.000000
36 18.25 0.000000
37 18.75 0.000000
38 19.25 0.000000
39 19.75 0.000000

0 0.25 27.125000
1 0.75 27.753425
2 1.25 29.260274
3 1.75 30.767123
4 2.25 32.273973
5 2.75 33.780822
6 3.25 35.714286
7 3.75 42.307692
8 4.25 36.884375
9 4.75 31.426042
10 5.25 25.967708
11 5.75 20.509375
12 6.25 15.051042
13 6.75 9.592708
14 7.25 0.000000
15 7.75 0.000000
16 8.25 0.000000
17 8.75 0.000000
18 9.25 0.000000
19 9.75 0.000000
20 10.25 0.000000
21 10.75 0.000000
22 11.25 0.000000
23 11.75 0.000000
24 12.25 0.000000
25 12.75 0.000000
26 13.25 0.000000
27 13.75 0.000000
28 14.25 0.000000
29 14.75 0.000000
30 15.25 0.000000
31 15.75 0.000000
32 16.25 0.000000
33 16.75 0.000000
34 17.25 0.000000
35 17.75 0.000000
36 18.25 0.000000
37 18.75 0.000000
38 19.25 0.000000
39 19.75 0.000000

0 0.25 27.125000
1 0.75 27.753425
2 1.25 29.260274
3 1.75 30.767123
4 2.25 32.273973
5 2.75 33.780822
6 3.25 35.714286
7 3.75 42.307692
8 4.25 36.884375
9 4.75 31.426042
10 5.25 25.967708
11 5.75 20.509375
12 6.25 15.051042
13 6.75 9.592708
14 7.25 0.000000
15 7.75 0.000000
16 8.25 0.000000
17 8.75 0.000000
18 9.25 0.000000
19 9.75 0.000000
20 10.25 0.000000
21 10.75 0.000000
22 11.25 0.000000
23 11.75 0.000000
24 12.25 0.000000
25 12.75 0.000000
26 13.25 0.000000
27 13.75 0.000000
28 14.25 0.000000
29 14.75 0.000000
30 15.25 0.000000
31 15.75 0.000000
32 16.25 0.000000
33 16.75 0.000000
34 17.25 0.000000
35 17.75 0.000000
36 18.25 0.000000
37 18.75 0.000000
38 19.25 0.000000
39 19.75 0.000000

0 0.25 27.125000
1 0.75 27.753425
2 1.25 29.260274
3 1.75 30.767123
4 2.25 32.273973
5 2.75 33.780822
6 3.25 35.714286
7 3.75 42.307692
8 4.25 36.884375
9 4.75 31.426042
10 5.25 25.967708
11 5.75 20.509375
12 6.25 15.051042
13 6.75 9.592708
14 7.25 0.000000
15 7.75 0.000000
16 8.25 0.000000
17 8.75 0.000000
18 9.25 0.000000
19 9.75 0.000000
20 10.25 0.000000
21 10.75 0.000000
22 11.25 0.000000
23 11.75 0.000000
24 12.25 0.000000
25 12.75 0.000000
26 13.25 0.000000
27 13.75 0.000000
28 14.25 0.000000
29 14.75 0.000000
30 15.25 0.000000
31 15.75 0.000000
32 16.25 0.000000
33 16.75 0.000000
34 17.25 0.000000
35 17.75 0.000000
36 18.25 0.000000
37 18.75 0.000000
38 19.25 0.000000
39 19.75 0.000000

0 0.25 27.125000
1 0.75 27.753425
2 1.25 29.260274
3 1.75 30.767123
4 2.25 32.273973
5 2.75 33.780822
6 3.25 35.714286
7 3.75 42.307692
8 4.25 36.884375
9 4.75 31.426042
10 5.25 25.967708
11 5.75 20.509375
12 6.25 15.051042
13 6.75 9.592708
14 7.25 0.000000
15 7.75 0.000000
16 8.25 0.000000
17 8.75 0.000000
18 9.25 0.000000
19 9.75 0.000000
20 10.25 0.000000
21 10.75 0.000000
22 11.25 0.000000
23 11.75 0.000000
24 12.25 0.000000
25 12.75 0.000000
26 13.25 0.000000
27 13.75 0.000000
28 14.25 0.000000
29 14.75 0.000000
30 15.25 0.000000
31 15.75 0.000000
32 16.25 0.000000
33 16.75 0.000000
34 17.25 0.000000
35 17.75 0.000000
36 18.25 0.000000
37 18.75 0.000000
38 19.25 0.000000
39 19.75 0.000000

0 0.25 27.125000
1 0.75 27.753425
2 1.25 29.260274
3 1.75 30.767123
4 2.25 32.273973
5 2.75 33.780822
6 3.25 35.714286
7 3.75 42.307692
8 4.25 36.884375
9 4.75 31.426042
10 5.25 25.967708
11 5.75 20.509375
12 6.25 15.051042
13 6.75 9.592708
14 7.25 0.000000
15 7.75 0.000000
16 8.25 0.000000
17 8.75 0.000000
18 9.25 0.000000
19 9.75 0.000000
20 10.25 0.000000
21 10.75 0.000000
22 11.25 0.000000
23 11.75 0.000000
24 12.25 0.000000
25 12.75 0.000000
26 13.25 0.000000
27 13.75 0.000000
28 14.25 0.000000
29 14.75 0.000000
30 15.25 0.000000
31 15.75 0.000000
32 16.25 0.000000
33 16.75 0.000000
34 17.25 0.000000
35 17.75 0.000000
36 18.25 0.000000
37 18.75 0.000000
38 19.25 0.000000
39 19.75 0.000000

0 0.25 27.125000
1 0.75 27.753425
2 1.25 29.260274
3 1.75 30.767123
4 2.25 32.273973
5 2.75 33.780822
6 3.25 35.714286
7 3.75 42.307692
8 4.25 36.884375
9 4.75 31.426042
10 5.25 25.967708
11 5.75 20.509375
12 6.25 15.051042
13 6.75 9.592708
14 7.25 0.000000
15 7.75 0.000000
16 8.25 0.000000
17 8.75 0.000000
18 9.25 0.000000
19 9.75 0.000000
20 10.25 0.000000
21 10.75 0.000000
22 11.25 0.000000
23 11.75 0.000000
24 12.25 0.000000
25 12.75 0.000000
26 13.25 0.000000
27 13.75 0.000000
28 14.25 0.000000
29 14.75 0.000000
30 15.25 0.000000
31 15.75 0.000000
32 16.25 0.000000
33 16.75 0.000000
34 17.25 0.000000
35 17.75 0.000000
36 18.25 0.000000
37 18.75 0.000000
38 19.25 0.000000
39 19.75 0.000000

0 0.25 27.125000
1 0.75 27.753425
2 1.25 29.260274
3 1.75 30.767123
4 2.25 32.273973
5 2.75 33.780822
6 3.25 35.714286
7 3.75 42.307692
8 4.25 36.884375
9 4.75 31.426042
10 5.25 25.967708
11 5.75 20.509375
12 6.25 15.051042
13 6.75 9.592708
14 7.25 0.000000
15 7.75 0.000000
16 8.25 0.000000
17 8.75 0.000000
18 9.25 0.000000
19 9.75 0.000000
20 10.25 0.000000
21 10.75 0.000000
22 11.25 0.000000
23 11.75 0.000000
24 12.25 0.000000
25 12.75 0.000000
26 13.25 0.000000
27 13.75 0.000000
28 14.25 0.000000
29 14.75 0.000000
30 15.25 0.000000
31 15.75 0.000000
32 16.25 0.000000
33 16.75 0.000000
34 17.25 0.000000
35 17.75 0.000000
36 18.25 0.000000
37 18.75 0.000000
38 19.25 0.000000
39 19.75 0.000000

0 0.25 27.125000
1 0.75 27.753425
2 1.25 29.260274
3 1.75 30.767123
4 2.25 32.273973
5 2.75 33.780822
6 3.25 35.714286
7 3.75 42.307692
8 4.25 36.884375
9 4.75 31.426042
10 5.25 25.967708
11 5.75 20.509375
12 6.25 15.051042
13 6.75 9.592708
14 7.25 0.000000
15 7.75 0.000000
16 8.25 0.000000
17 8.75 0.000000
18 9.25 0.000000
19 9.75 0.000000
20 10.25 0.000000
21 10.75 0.000000
22 11.25 0.000000
23 11.75 0.000000
24 12.25 0.000000
25 12.75 0.000000
26 13.25 0.000000
27 13.75 0.000000
28 14.25 0.000000
29 14.75 0.000000
30 15.25 0.000000
31 15.75 0.000000
32 16.25 0.000000
33 16.75 0.000000
34 17.25 0.000000
35 17.75 0.000000
36 18.25 0.000000
37 18.75 0.000000
38 19.25 0.000000
39 19.75 0.000000

0 0.25 27.125000
1 0.75 27.753425
2 1.25 29.260274
3 1.75 30.767123
4 2.25 32.273973
5 2.75 33.780822
6 3.25 35.714286
7 3.75 42.307692
8 4.25 36.884375
9 4.75 31.426042
10 5.25 25.967708
11 5.75 20.509375
12 6.25 15.051042
13 6.75 9.592708
14 7.25 0.000000
15 7.75 0.000000
16 8.25 0.000000
17 8.75 0.000000
18 9.25 0.000000
19 9.75 0.000000
20 10.25 0.000000
21 10.75 0.000000
22 11.25 0.000000
23 11.75 0.000000
24 12.25 0.000000
25 12.75 0.000000
26 13.25 0.000000
27 13.75 0.000000
28 14.25 0.000000
29 14.75 0.000000
30 15.25 0.000000
31 15.75 0.000000
32 16.25 0.000000
33 16.75 0.000000
34 17.25 0.000000
35 17.75 0.000000
36 18.25 0.000000
37 18.75 0.000000
38 19.25 0.000000
39 19.75 0.000000

0 0.25 27.125000
1 0.75 27.753425
2 1.25 29.260274
3 1.75 30.767123
4 2.25 32.273973
5 2.75 33.780822
6 3.25 35.714286
7 3.75 42.307692
8 4.25 36.884375
9 4.75 31.426042
10 5.25 25.967708
11 5.75 20.509375
12 6.25 15.051042
13 6.75 9.592708
14 7.25 0.000000
15 7.75 0.000000
16 8.25 0.000000
17 8.75 0.000000
18 9.25 0.000000
19 9.75 0.000000
20 10.25 0.000000
21 10.75 0.000000
22 11.25 0.000000
23 11.75 0.000000
24 12.25 0.000000
25 12.75 0.000000
26 13.25 0.000000
27 13.75 0.000000
28 14.25 0.000000
29 14.75 0.000000
30 15.25 0.000000
31 15.75 0.000000
32 16.25 0.000000
33 16.75 0.000000
34 17.25 0.000000
35 17.75 0.000000
36 18.25 0.000000
37 18.75 0.000000
38 19.25 0.000000
39 19.75 0.000000

0 0.25 27.125000
1 0.75 27.753425
2 1.25 29.260274
3 1.75 30.767123
4 2.25 32.273973
5 2.75 33.780822
6 3.25 35.714286
7 3.75 42.307692
8 4.25 36.884375
9 4.75 31.426042
10 5.25 25.967708
11 5.75 20.509375
12 6.25 15.051042
13 6.75 9.592708
14 7.25 0.000000
15 7.75 0.000000
16 8.25 0.000000
17 8.75 0.000000
18 9.25 0.000000
19 9.75 0.000000
20 10.25 0.000000
21 10.75 0.000000
22 11.25 0.000000
23 11.75 0.000000
24 12.25 0.000000
25 12.75 0.000000
26 13.25 0.000000
27 13.75 0.000000
28 14.25 0.000000
29 14.75 0.000000
30 15.25 0.000000
31 15.75 0.000000
32 16.25 0.000000
33 16.75 0.000000
34 17.25 0.000000
35 17.75 0.000000
36 18.25 0.000000
37 18.75 0.000000
38 19.25 0.000000
39 19.75 0.000000

0 0.25 27.125000
1 0.75 27.753425
2 1.25 29.260274
3 1.75 30.767123
4 2.25 32.273973
5 2.75 33.780822
6 3.25 35.714286
7 3.75 42.307692
8 4.25 36.884375
9 4.75 31.426042
10 5.25 25.967708
11 5.75 20.509375
12 6.25 15.051042
13 6.75 9.592708
14 7.25 0.000000
15 7.75 0.000000
16 8.25 0.000000
17 8.75 0.000000
18 9.25 0.000000
19 9.75 0.000000
20 10.25 0.000000
21 10.75 0.000000
22 11.25 0.000000
23 11.75 0.000000
24 12.25 0.000000
25 12.75 0.000000
26 13.25 0.000000
27 13.75 0.000000
28 14.25 0.000000
29 14.75 0.000000
30 15.25 0.000000
31 15.75 0.000000
32 16.25 0.000000
33 16.75 0.000000
34 17.25 0.000000
35 17.75 0.000000
36 18.25 0.000000
37 18.75 0.000000
38 19.25 0.000000
39 19.75 0.000000

0 0.25 27.125000
1 0.75 27.753425
2 1.25 29.260274
3 1.75 30.767123
4 2.25 32.273973
5 2.75 33.780822
6 3.25 35.714286
7 3.75 42.307692
8 4.25 36.884375
9 4.75 31.426042
10 5.25 25.967708
11 5.75 20.509375
12 6.25 15.051042
13 6.75 9.592708
14 7.25 0.000000
15 7.75 0.000000
16 8.25 0.000000
17 8.75 0.000000
18 9.25 0.000000
19 9.75 0.000000
20 10.25 0.000000
21 10.75 0.000000
22 11.25 0.000000
23 11.75 0.000000
24 12.25 0.000000
25 12.75 0.000000
26 13.25 0.000000
27 13.75 0.000000
28 14.25 0.000000
29 14.75 0.000000
30 15.25 0.000000
31 15.75 0.000000
32 16.25 0.000000
33 16.75 0.000000
34 17.25 0.000000
35 17.75 0.000000
36 18.25 0.000000
37 18.75 0.000000
38 19.25 0.000000
39 19.75 0.000000

0 0.25 27.125000
1 0.75 27.753425
2 1.25 29.260274
3 1.75 30.767123
4 2.25 32.273973
5 2.75 33.780822
6 3.25 35.714286
7 3.75 42.307692
8 4.25 36.884375
9 4.75 31.426042
10 5.25 25.967708
11 5.75 20.509375
12 6.25 15.051042
13 6.75 9.592708
14 7.25 0.000000
15 7.75 0.000000
16 8.25 0.000000
17 8.75 0.000000
18 9.25 0.000000
19 9.75 0.000000
20 10.25 0.000000
21 10.75 0.000000
22 11.25 0.000000
23 11.75 0.000000
24 12.25 0.000000
25 12.75 0.000000
26 13.25 0.000000
27 13.75 0.000000
28 14.25 0.000000
29 14.75 0.000000
30 15.25 0.000000
31 15.75 0.000000
32 16.25 0.000000
33 16.75 0.000000
34 17.25 0.000000
35 17.75 0.000000
36 18.25 0.000000
37 18.75 0.000000
38 19.25 0.000000
39 19.75 0.000000

0 0.25 27.125000
1 0.75 27.753425
2 1.25 29.260274
3 1.75 30.767123
4 2.25 32.273973
5 2.75 33.780822
6 3.25 35.714286
7 3.75 42.307692
8 4.25 36.884375
9 4.75 31.426042
10 5.25 25.967708
11 5.75 20.509375
12 6.25 15.051042
13 6.75 9.592708
14 7.25 0.000000
15 7.75 0.000000
16 8.25 0.000000
17 8.75 0.000000
18 9.25 0.000000
19 9.75 0.000000
20 10.25 0.000000
21 10.75 0.000000
22 11.25 0.000000
23 11.75 0.000000
24 12.25 0.000000
25 12.75 0.000000
26 13.25 0.000000
27 13.75 0.000000
28 14.25 0.000000
29 14.75 0.000000
30 15.25 0.000000
31 15.75 0.000000
32 16.25 0.000000
33 16.75 0.000000
34 17.25 0.000000
35 17.75 0.000000
36 18.25 0.000000
37 18.75 0.000000
38 19.25 0.000000
39 19.75 0.000000

0 0.25 27.125000
1 0.75 27.753425
2 1.25 29.260274
3 1.75 30.767123
4 2.25 32.273973
5 2.75 33.780822
6 3.25 35.714286
7 3.75 42.307692
8 4.25 36.884375
9 4.75 31.426042
10 5.25 25.967708
11 5.75 20.509375
12 6.25 15.051042
13 6.75 9.592708
14 7.25 0.000000
15 7.75 0.000000
16 8.25 0.000000
17 8.75 0.000000
18 9.25 0.000000
19 9.75 0.000000
20 10.25 0.000000
21 10.75 0.000000
22 11.25 0.000000
23 11.75 0.000000
24 12.25 0.000000
25 12.75 0.000000
26 13.25 0.000000
27 13.75 0.000000
28 14.25 0.000000
29 14.75 0.000000
30 15.25 0.000000
31 15.75 0.000000
32 16.25 0.000000
33 16.75 0.000000
34 17.25 0.000000
35 17.75 0.000000
36 18.25 0.000000
37 18.75 0.000000
38 19.25 0.000000
39 19.75 0.000000

0 0.25 27.125000
1 0.75 27.753425
2 1.25 29.260274
3 1.75 30.767123
4 2.25 32.273973
5 2.75 33.780822
6 3.25 35.714286
7 3.75 42.307692
8 4.25 36.884375
9 4.75 31.426042
10 5.25 25.967708
11 5.75 20.509375
12 6.25 15.051042
13 6.75 9.592708
14 7.25 0.000000
15 7.75 0.000000
16 8.25 0.000000
17 8.75 0.000000
18 9.25 0.000000
19 9.75 0.000000
20 10.25 0.000000
21 10.75 0.000000
22 11.25 0.000000
23 11.75 0.000000
24 12.25 0.000000
25 12.75 0.000000
26 13.25 0.000000
27 13.75 0.000000
28 14.25 0.000000
29 14.75 0.000000
30 15.25 0.000000
31 15.75 0.000000
32 16.25 0.000000
33 16.75 0.000000
34 17.25 0.000000
35 17.75 0.000000
36 18.25 0.000000
37 18.75 0.000000
38 19.25 0.000000
39 19.75 0.000000

0 0.25 27.125000
1 0.75 27.753425
2 1.25 29.260274
3 1.75 30.767123
4 2.25 32.273973
5 2.75 33.780822
6 3.25 35.714286
7 3.75 42.307692
8 4.25 36.884375
9 4.75 31.426042
10 5.25 25.967708
11 5.75 20.509375
12 6.25 15.051042
13 6.75 9.592708
14 7.25 0.000000
15 7.75 0.000000
16 8.25 0.000000
17 8.75 0.000000
18 9.25 0.000000
19 9.75 0.000000
20 10.25 0.000000
21 10.75 0.000000
22 11.25 0.000000
23 11.75 0.000000
24 12.25 0.000000
25 12.75 0.000000
26 13.25 0.000000
27 13.75 0.000000
28 14.25 0.000000
29 14.75 0.000000
30 15.25 0.000000
31 15.75 0.000000
32 16.25 0.000000
33 16.75 0.000000
34 17.25 0.000000
35 17.75 0.000000
36 18.25 0.000000
37 18.75 0.000000
38 19.25 0.000000
39 19.75 0.000000

0 0.25 27.125000
1 0.75 27.753425
2 1.25 29.260274
3 1.75 30.767123
4 2.25 32.273973
5 2.75 33.780822
6 3.25 35.714286
7 3.75 42.307692
8 4.25 36.884375
9 4.75 31.426042
10 5.25 25.967708
11 5.75 20.509375
12 6.25 15.051042
13 6.75 9.592708
14 7.25 0.000000
15 7.75 0.000000
16 8.25 0.000000
17 8.75 0.000000
18 9.25 0.000000
19 9.75 0.000000
20 10.25 0.000000
21 10.75 0.000000
22 11.25 0.000000
23 11.75 0.000000
24 12.25 0.000000
25 12.75 0.000000
26 13.25 0.000000
27 13.75 0.000000
28 14.25 0.000000
29 14.75 0.000000
30 15.25 0.000000
31 15.75 0.000000
32 16.25 0.000000
33 16.75 0.000000
34 17.25 0.000000
35 17.75 0.000000
36 18.25 0.000000
37 18.75 0.000000
38 19.25 0.000000
39 19.75 0.000000

0 0.25 27.125000
1 0.75 27.753425
2 1.25 29.260274
3 1.75 30.767123
4 2.25 32.273973
5 2.75 33.780822
6 3.25 35.714286
7 3.75 42.307692
8 4.25 36.884375
9 4.75 31.426042
10 5.25 25.967708
11 5.75 20.509375
12 6.25 15.051042
13 6.75 9.592708
14 7.25 0.000000
15 7.75 0.000000
16 8.25 0.000000
17 8.75 0.000000
18 9.25 0.000000
19 9.75 0.000000
20 10.25 0.000000
21 10.75 0.000000
22 11.25 0.000000
23 11.75 0.000000
24 12.25 0.000000
25 12.75 0.000000
26 13.25 0.000000
27 13.75 0.000000
28 14.25 0.000000
29 14.75 0.000000
30 15.25 0.000000
31 15.75 0.000000
32 16.25 0.000000
33 16.75 0.000000
34 17.25 0.000000
35 17.75 0.000000
36 18.25 0.000000
37 18.75 0.000000
38 19.25 0.000000
39 19.75 0.000000

0 0.25 27.125000
1 0.75 27.753425
2 1.25 29.260274
3 1.75 30.767123
4 2.25 32.273973
5 2.75 33.780822
6 3.25 35.714286
7 3.75 42.307692
8 4.25 36.884375
9 4.75 31.426042
10 5.25 25.967708
11 5.75 20.509375
12 6.25 15.051042
13 6.75 9.592708
14 7.25 0.000000
15 7.75 0.000000
16 8.25 0.000000
17 8.75 0.000000
18 9.25 0.000000
19 9.75 0.000000
20 10.25 0.000000
21 10.75 0.000000
22 11.25 0.000000
23 11.75 0.000000
24 12.25 0.000000
25 12.75 0.000000
26 13.25 0.000000
27 13.75 0.000000
28 14.25 0.000000
29 14.75 0.000000
30 15.25 0.000000
31 15.75 0.000000
32 16.25 0.000000
33 16.75 0.000000
34 17.25 0.000000
35 17.75 0.000000
36 18.25 0.000000
37 18.75 0.000000
38 19.25 0.000000
39 19.75 0.000000

0 0.25 27.125000
1 0.75 27.753425
2 1.25 29.260274
3 1.75 30.767123
4 2.25 32.273973
5 2.75 33.780822
6 3.25 35.714286
7 3.75 42.307692
8 4.25 36.884375
9 4.75 31.426042
10 5.25 25.967708
11 5.75 20.509375
12 6.25 15.051042
13 6.75 9.592708
14 7.25 0.000000
15 7.75 0.000000
16 8.25 0.000000
17 8.75 0.000000
18 9.25 0.000000
19 9.75 0.000000
20 10.25 0.000000
21 10.75 0.000000
22 11.25 0.000000
23 11.75 0.000000
24 12.25 0.000000
25 12.75 0.000000
26 13.25 0.000000
27 13.75 0.000000
28 14.25 0.000000
29 14.75 0.000000
30 15.25 0.000000
31 15.75 0.000000
32 16.25 0.000000
33 16.75 0.000000
34 17.25 0.000000
35 17.75 0.000000
36 18.25 0.000000
37 18.75 0.000000
38 19.25 0.000000
39 19.75 0.000000

0 0.25 27.125000
1 0.75 27.753425
2 1.25 29.260274
3 1.75 30.767123
4 2.25 32.273973
5 2.75 33.780822
6 3.25 35.714286
7 3.75 42.307692
8 4.25 36.884375
9 4.75 31.426042
10 5.25 25.967708
11 5.75 20.509375
12 6.25 15.051042
13 6.75 9.592708
14 7.25 0.000000
15 7.75 0.000000
16 8.25 0.000000
17 8.75 0.000000
18 9.25 0.000000
19 9.75 0.000000
20 10.25 0.000000
21 10.75 0.000000
22 11.25 0.000000
23 11.75 0.000000
24 12.25 0.000000
25 12.75 0.000000
26 13.25 0.000000
27 13.75 0.000000
28 14.25 0.000000
29 14.75 0.000000
30 15.25 0.000000
31 15.75 0.000000
32 16.25 0.000000
33 16.75 0.000000
34 17.25 0.000000
35 17.75 0.000000
36 18.25 0.000000
37 18.75 0.000000
38 19.25 0.000000
39 19.75 0.000000

0 0.25 27.125000
1 0.75 27.753425
2 1.25 29.260274
3 1.75 30.767123
4 2.25 32.273973
5 2.75 33.780822
6 3.25 35.714286
7 3.75 42.307692
8 4.25 36.884375
9 4.75 31.426042
10 5.25 25.967708
11 5.75 20.509375
12 6.25 15.051042
13 6.75 9.592708
14 7.25 0.000000
15 7.75 0.000000
16 8.25 0.000000
17 8.75 0.000000
18 9.25 0.000000
19 9.75 0.000000
20 10.25 0.000000
21 10.75 0.000000
22 11.25 0.000000
23 11.75 0.000000
24 12.25 0.000000
25 12.75 0.000000
26 13.25 0.000000
27 13.75 0.000000
28 14.25 0.000000
29 14.75 0.000000
30 15.25 0.000000
31 15.75 0.000000
32 16.25 0.000000
33 16.75 0.000000
34 17.25 0.000000
35 17.75 0.000000
36 18.25 0.000000
37 18.75 0.000000
38 19.25 0.000000
39 19.75 0.000000

0 0.25 27.125000
1 0.75 27.753425
2 1.25 29.260274
3 1.75 30.767123
4 2.25 32.273973
5 2.75 33.780822
6 3.25 35.714286
7 3.75 42.307692
8 4.25 36.884375
9 4.75 31.426042
10 5.25 25.967708
11 5.75 20.509375
12 6.25 15.051042
13 6.75 9.592708
14 7.25 0.000000
15 7.75 0.000000
16 8.25 0.000000
17 8.75 0.000000
18 9.25 0.000000
19 9.75 0.000000
20 10.25 0.000000
21 10.75 0.000000
22 11.25 0.000000
23 11.75 0.000000
24 12.25 0.000000
25 12.75 0.000000
26 13.25 0.000000
27 13.75 0.000000
28 14.25 0.000000
29 14.75 0.000000
30 15.25 0.000000
31 15.75 0.000000
32 16.25 0.000000
33 16.75 0.000000
34 17.25 0.000000
35 17.75 0.000000
36 18.25 0.000000
37 18.75 0.000000
38 19.25 0.000000
39 19.75 0.000000

0 0.25 27.125000
1 0.75 27.753425
2 1.25 29.260274
3 1.75 30.767123
4 2.25 32.273973
5 2.75 33.780822
6 3.25 35.714286
7 3.75 42.307692
8 4.25 36.884375
9 4.75 31.426042
10 5.25 25.967708
11 5.75 20.509375
12 6.25 15.051042
13 6.75 9.592708
14 7.25 0.000000
15 7.75 0.000000
16 8.25 0.000000
17 8.75 0.000000
18 9.25 0.000000
19 9.75 0.000000
20 10.25 0.000000
21 10.75 0.000000
22 11.25 0.000000
23 11.75 0.000000
24 12.25 0.000000
25 12.75 0.000000
26 13.25 0.000000
27 13.75 0.000000
28 14.25 0.000000
29 14.75 0.000000
30 15.25 0.000000
31 15.75 0.000000
32 16.25 0.000000
33 16.75 0.000000
34 17.25 0.000000
35 17.75 0.000000
36 18.25 0.000000
37 18.75 0.000000
38 19.25 0.000000
39 19.75 0.000000

0 0.25 27.125000
1 0.75 27.753425
2 1.25 29.260274
3 1.75 30.767123
4 2.25 32.273973
5 2.75 33.780822
6 3.25 35.714286
7 3.75 42.307692
8 4.25 36.884375
9 4.75 31.426042
10 5.25 25.967708
11 5.75 20.509375
12 6.25 15.051042
13 6.75 9.592708
14 7.25 0.000000
15 7.75 0.000000
16 8.25 0.000000
17 8.75 0.000000
18 9.25 0.000000
19 9.75 0.000000
20 10.25 0.000000
21 10.75 0.000000
22 11.25 0.000000
23 11.75 0.000000
24 12.25 0.000000
25 12.75 0.000000
26 13.25 0.000000
27 13.75 0.000000
28 14.25 0.000000
29 14.75 0.000000
30 15.25 0.000000
31 15.75 0.000000
32 16.25 0.000000
33 16.75 0.000000
34 17.25 0.000000
35 17.75 0.000000
36 18.25 0.000000
37 18.75 0.000000
38 19.25 0.000000
39 19.75 0.000000

0 0.25 27.125000
1 0.75 27.753425
2 1.25 29.260274
3 1.75 30.767123
4 2.25 32.273973
5 2.75 33.780822
6 3.25 35.714286
7 3.75 42.307692
8 4.25 36.884375
9 4.75 31.426042
10 5.25 25.967708
11 5.75 20.509375
12 6.25 15.051042
13 6.75 9.592708
14 7.25 0.000000
15 7.75 0.000000
16 8.25 0.000000
17 8.75 0.000000
18 9.25 0.000000
19 9.75 0.000000
20 10.25 0.000000
21 10.75 0.000000
22 11.25 0.000000
23 11.75 0.000000
24 12.25 0.000000
25 12.75 0.000000
26 13.25 0.000000
27 13.75 0.000000
28 14.25 0.000000
29 14.75 0.000000
30 15.25 0.000000
31 15.75 0.000000
32 16.25 0.000000
33 16.75 0.000000
34 17.25 0.000000
35 17.75 0.000000
36 18.25 0.000000
37 18.75 0.000000
38 19.25 0.000000
39 19.75 0.000000

0 0.25 27.125000
1 0.75 27.753425
2 1.25 29.260274
3 1.75 30.767123
4 2.25 32.273973
5 2.75 33.780822
6 3.25 35.714286
7 3.75 42.307692
8 4.25 36.884375
9 4.75 31.426042
10 5.25 25.967708
11 5.75 20.509375
12 6.25 15.051042
13 6.75 9.592708
14 7.25 0.000000
15 7.75 0.000000
16 8.25 0.000000
17 8.75 0.000000
18 9.25 0.000000
19 9.75 0.000000
20 10.25 0.000000
21 10.75 0.000000
22 11.25 0.000000
23 11.75 0.000000
24 12.25 0.000000
25 12.75 0.000000
26 13.25 0.000000
27 13.75 0.000000
28 14.25 0.000000
29 14.75 0.000000
30 15.25 0.000000
31 15.75 0.000000
32 16.25 0.000000
33 16.75 0.000000
34 17.25 0.000000
35 17.75 0.000000
36 18.25 0.000000
37 18.75 0.000000
38 19.25 0.000000
39 19.75 0.000000

0 0.25 27.125000
1 0.75 27.753425
2 1.25 29.260274
3 1.75 30.767123
4 2.25 32.273973
5 2.75 33.780822
6 3.25 35.714286
7 3.75 42.307692
8 4.25 36.884375
9 4.75 31.426042
10 5.25 25.967708
11 5.75 20.509375
12 6.25 15.051042
13 6.75 9.592708
14 7.25 0.000000
15 7.75 0.000000
16 8.25 0.000000
17 8.75 0.000000
18 9.25 0.000000
19 9.75 0.000000
20 10.25 0.000000
21 10.75 0.000000
22 11.25 0.000000
23 11.75 0.000000
24 12.25 0.000000
25 12.75 0.000000
26 13.25 0.000000
27 13.75 0.000000
28 14.25 0.000000
29 14.75 0.000000
30 15.25 0.000000
31 15.75 0.000000
32 16.25 0.000000
33 16.75 0.000000
34 17.25 0.000000
35 17.75 0.000000
36 18.25 0.000000
37 18.75 0.000000
38 19.25 0.000000
39 19.75 0.000000

0 0.25 27.125000
1 0.75 27.753425
2 1.25 29.260274
3 1.75 30.767123
4 2.25 32.273973
5 2.75 33.780822
6 3.25 35.714286
7 3.75 42.307692
8 4.25 36.884375
9 4.75 31.426042
10 5.25 25.967708
11 5.75 20.509375
12 6.25 15.051042
13 6.75 9.592708
14 7.25 0.000000
15 7.75 0.000000
16 8.25 0.000000
17 8.75 0.000000
18 9.25 0.000000
19 9.75 0.000000
20 10.25 0.000000
21 10.75 0.000000
22 11.25 0.000000
23 11.75 0.000000
24 12.25 0.000000
25 12.75 0.000000
26 13.25 0.000000
27 13.75 0.000000
28 14.25 0.000000
29 14.75 0.000000
30 15.25 0.000000
31 15.75 0.000000
32 16.25 0.000000
33 16.75 0.000000
34 17.25 0.000000
35 17.75 0.000000
36 18.25 0.000000
37 18.75 0.000000
38 19.25 0.000000
39 19.75 0.000000

