# convective Vertical Profile Reflectivity (VPR) with Standard Deviation
# Format: bin_index bin_center_height_km point_count avg_reflectivity_dBZ std_deviation_dBZ
# Height bins: 0-20 km in 0.5 km increments
# Bins 0-39: convective
# Standard deviation is sample standard deviation (dividing by n-1)
#
0 0.25 277 27.109892 0.007810
1 0.75 124 27.767823 0.015973
2 1.25 98 29.429388 0.025838
3 1.75 58 30.367759 0.046912
4 2.25 33 33.588788 0.070970
5 2.75 56 34.314286 0.052502
6 3.25 44 40.870455 0.092139
7 3.75 35 41.531429 0.101653
8 4.25 30 35.437667 0.084269
9 4.75 42 29.126429 0.090390
10 5.25 36 24.664722 0.073985
11 5.75 33 19.479394 0.069921
12 6.25 38 14.883421 0.066441
13 6.75 25 8.976000 0.083383
14 7.25 30 -0.314333 0.054365
15 7.75 31 -0.016452 0.047347
16 8.25 20 0.074500 0.090188
17 8.75 18 0.196111 0.074256
18 9.25 18 -0.885556 0.074741
19 9.75 11 -0.519091 0.097012
20 10.25 10 0.186000 0.137632
21 10.75 15 -0.030667 0.107722
22 11.25 15 -0.076000 0.091832
23 11.75 15 -0.090667 0.117314
24 12.25 14 0.117857 0.089110
25 12.75 17 -0.234118 0.073364
26 13.25 16 -0.481875 0.087561
27 13.75 11 0.059091 0.162486
28 14.25 13 -1.040000 0.137036
29 14.75 13 -0.536154 0.074373
30 15.25 11 0.349091 0.123352
31 15.75 13 0.864615 0.176236
32 16.25 11 0.246364 0.109466
33 16.75 9 -0.405556 0.166810
34 17.25 2 0.400000 0.028284
35 17.75 0 0.000000 0.000000
36 18.25 0 0.000000 0.000000
37 18.75 0 0.000000 0.000000
38 19.25 0 0.000000 0.000000
39 19.75 0 0.000000 0.000000

0 0.25 282 27.194078 0.008201
1 0.75 122 27.788852 0.020087
2 1.25 103 29.455243 0.025117
3 1.75 51 31.051569 0.059840
4 2.25 40 33.076000 0.061601
5 2.75 52 34.425962 0.046465
6 3.25 46 40.693261 0.092951
7 3.75 32 40.796250 0.130033
8 4.25 33 35.622727 0.087224
9 4.75 47 29.451702 0.053207
10 5.25 32 23.987813 0.096958
11 5.75 40 19.172250 0.061309
12 6.25 33 14.940606 0.062148
13 6.75 27 9.315556 0.068591
14 7.25 34 -0.098235 0.051192
15 7.75 25 -0.091200 0.060987
16 8.25 22 0.206364 0.066401
17 8.75 15 -0.136000 0.072231
18 9.25 16 0.471875 0.094210
19 9.75 10 0.366000 0.105458
20 10.25 12 0.782500 0.116950
21 10.75 15 0.021333 0.096538
22 11.25 15 -0.555333 0.077668
23 11.75 15 -0.250667 0.105715
24 12.25 16 -0.140000 0.083673
25 12.75 18 0.076111 0.059193
26 13.25 12 -0.831667 0.122403
27 13.75 11 -0.279091 0.113490
28 14.25 13 0.129231 0.132534
29 14.75 13 -0.373846 0.129393
30 15.25 12 -0.662500 0.115706
31 15.75 12 -0.206667 0.096441
32 16.25 8 -0.257500 0.124848
33 16.75 2 0.080000 0.176777
34 17.25 0 0.000000 0.000000
35 17.75 0 0.000000 0.000000
36 18.25 0 0.000000 0.000000
37 18.75 0 0.000000 0.000000
38 19.25 0 0.000000 0.000000
39 19.75 0 0.000000 0.000000

0 0.25 289 26.856817 0.008616
1 0.75 115 27.618174 0.021165
2 1.25 107 29.688224 0.024464
3 1.75 40 30.525000 0.059730
4 2.25 50 32.861800 0.049482
5 2.75 52 33.921731 0.058788
6 3.25 46 39.499130 0.095248
7 3.75 32 40.243437 0.100117
8 4.25 38 33.656842 0.075859
9 4.75 47 30.181915 0.069333
10 5.25 30 24.694000 0.097305
11 5.75 43 19.582326 0.056500
12 6.25 26 14.399231 0.075639
13 6.75 30 8.933333 0.083087
14 7.25 31 -0.542581 0.040382
15 7.75 20 -0.236000 0.065962
16 8.25 21 0.324762 0.076260
17 8.75 14 0.167143 0.094069
18 9.25 14 -0.012857 0.100118
19 9.75 11 -0.454545 0.153690
20 10.25 14 -0.097143 0.123688
21 10.75 17 0.157647 0.096733
22 11.25 15 0.066667 0.095529
23 11.75 19 0.254211 0.078534
24 12.25 18 -0.499444 0.065232
25 12.75 16 0.126875 0.104941
26 13.25 13 0.459231 0.155826
27 13.75 11 0.242727 0.118170
28 14.25 13 -0.515385 0.084622
29 14.75 13 -0.182308 0.102340
30 15.25 10 -0.761000 0.159399
31 15.75 9 0.168889 0.187297
32 16.25 3 -0.830000 0.572548
33 16.75 0 0.000000 0.000000
34 17.25 0 0.000000 0.000000
35 17.75 0 0.000000 0.000000
36 18.25 0 0.000000 0.000000
37 18.75 0 0.000000 0.000000
38 19.25 0 0.000000 0.000000
39 19.75 0 0.000000 0.000000

0 0.25 300 26.783300 0.007760
1 0.75 115 27.671652 0.020757
2 1.25 106 29.757830 0.025871
3 1.75 36 30.816944 0.054456
4 2.25 53 32.848491 0.047841
5 2.75 52 34.550577 0.053944
6 3.25 48 40.363542 0.085863
7 3.75 32 40.553750 0.120077
8 4.25 42 34.188095 0.066085
9 4.75 42 30.265714 0.071832
10 5.25 35 24.146000 0.070000
11 5.75 40 19.722750 0.060541
12 6.25 21 14.374762 0.130685
13 6.75 34 9.841471 0.077689
14 7.25 26 -0.045769 0.070838
15 7.75 20 0.194500 0.056806
16 8.25 20 0.009500 0.056146
17 8.75 15 -0.184667 0.099716
18 9.25 13 -0.366923 0.125866
19 9.75 13 -0.229231 0.106168
20 10.25 15 0.410667 0.089407
21 10.75 16 0.204375 0.092280
22 11.25 17 0.095294 0.073499
23 11.75 20 0.221000 0.085341
24 12.25 15 0.244000 0.117718
25 12.75 13 -0.623077 0.124638
26 13.25 13 0.242308 0.136852
27 13.75 12 0.012500 0.112294
28 14.25 12 -0.543333 0.071248
29 14.75 12 0.108333 0.090800
30 15.25 8 0.063750 0.205769
31 15.75 5 0.620000 0.233842
32 16.25 0 0.000000 0.000000
33 16.75 0 0.000000 0.000000
34 17.25 0 0.000000 0.000000
35 17.75 0 0.000000 0.000000
36 18.25 0 0.000000 0.000000
37 18.75 0 0.000000 0.000000
38 19.25 0 0.000000 0.000000
39 19.75 0 0.000000 0.000000

0 0.25 303 27.177327 0.008195
1 0.75 115 27.728435 0.021183
2 1.25 105 29.438476 0.022685
3 1.75 31 30.010645 0.088189
4 2.25 59 33.120678 0.049286
5 2.75 53 35.081698 0.056384
6 3.25 48 40.052083 0.083134
7 3.75 29 39.559310 0.102711
8 4.25 49 35.021633 0.067224
9 4.75 38 30.029737 0.058846
10 5.25 42 24.335238 0.061265
11 5.75 35 19.424286 0.075581
12 6.25 27 14.551852 0.066355
13 6.75 36 9.556111 0.061725
14 7.25 23 0.097391 0.059258
15 7.75 21 -0.023810 0.072823
16 8.25 22 0.724545 0.062771
17 8.75 16 -0.301250 0.082115
18 9.25 11 -0.826364 0.148650
19 9.75 14 -0.002143 0.111439
20 10.25 15 0.007333 0.093981
21 10.75 16 -0.065625 0.070129
22 11.25 20 0.579000 0.055330
23 11.75 18 0.205556 0.069671
24 12.25 11 1.164545 0.105998
25 12.75 14 -0.246429 0.098318
26 13.25 13 -0.627692 0.157679
27 13.75 12 -0.415000 0.113512
28 14.25 12 -0.121667 0.081904
29 14.75 10 -0.103000 0.130996
30 15.25 5 -0.052000 0.122657
31 15.75 0 0.000000 0.000000
32 16.25 0 0.000000 0.000000
33 16.75 0 0.000000 0.000000
34 17.25 0 0.000000 0.000000
35 17.75 0 0.000000 0.000000
36 18.25 0 0.000000 0.000000
37 18.75 0 0.000000 0.000000
38 19.25 0 0.000000 0.000000
39 19.75 0 0.000000 0.000000

0 0.25 319 26.789624 0.007156
1 0.75 119 27.600504 0.021699
2 1.25 104 29.104904 0.023286
3 1.75 32 30.701875 0.091262
4 2.25 65 32.846000 0.041510
5 2.75 47 34.575319 0.063033
6 3.25 43 39.367907 0.083377
7 3.75 34 39.818235 0.116590
8 4.25 51 34.473725 0.062908
9 4.75 34 29.665588 0.085561
10 5.25 45 24.334222 0.062347
11 5.75 29 20.011724 0.093207
12 6.25 34 14.517941 0.062520
13 6.75 32 9.794688 0.074896
14 7.25 21 0.507619 0.074385
15 7.75 20 0.275500 0.087370
16 8.25 20 -0.140000 0.082290
17 8.75 13 0.430000 0.112639
18 9.25 13 -0.379231 0.118796
19 9.75 15 -0.370000 0.085109
20 10.25 16 -0.830625 0.093295
21 10.75 21 -0.217143 0.076036
22 11.25 20 0.003500 0.076838
23 11.75 15 -0.208667 0.116273
24 12.25 11 -0.573636 0.116295
25 12.75 14 0.198571 0.112844
26 13.25 13 0.129231 0.089972
27 13.75 11 -0.064545 0.067147
28 14.25 10 -0.366000 0.179208
29 14.75 7 -0.351429 0.184594
30 15.25 1 -0.310000 0.000000
31 15.75 0 0.000000 0.000000
32 16.25 0 0.000000 0.000000
33 16.75 0 0.000000 0.000000
34 17.25 0 0.000000 0.000000
35 17.75 0 0.000000 0.000000
36 18.25 0 0.000000 0.000000
37 18.75 0 0.000000 0.000000
38 19.25 0 0.000000 0.000000
39 19.75 0 0.000000 0.000000

0 0.25 315 27.126794 0.007432
1 0.75 116 27.293017 0.019635
2 1.25 105 29.750667 0.023320
3 1.75 30 31.603000 0.098131
4 2.25 68 33.056471 0.039226
5 2.75 44 34.268636 0.064342
6 3.25 44 39.724773 0.105432
7 3.75 42 39.744286 0.093294
8 4.25 50 34.625200 0.064148
9 4.75 35 29.332571 0.086748
10 5.25 43 25.106744 0.066470
11 5.75 27 19.509259 0.111206
12 6.25 35 14.448000 0.070932
13 6.75 25 9.441200 0.095691
14 7.25 21 -0.155714 0.085831
15 7.75 19 -0.123158 0.056540
16 8.25 19 -0.016316 0.102424
17 8.75 14 0.104286 0.108948
18 9.25 13 -0.352308 0.087265
19 9.75 16 0.210625 0.068079
20 10.25 18 0.051111 0.101356
21 10.75 21 0.075714 0.086160
22 11.25 18 0.247222 0.067750
23 11.75 13 0.103077 0.069415
24 12.25 11 0.082727 0.120141
25 12.75 14 0.300000 0.104210
26 13.25 12 -0.635000 0.100169
27 13.75 10 -0.090000 0.177110
28 14.25 8 -0.347500 0.165396
29 14.75 2 -0.880000 0.134350
30 15.25 0 0.000000 0.000000
31 15.75 0 0.000000 0.000000
32 16.25 0 0.000000 0.000000
33 16.75 0 0.000000 0.000000
34 17.25 0 0.000000 0.000000
35 17.75 0 0.000000 0.000000
36 18.25 0 0.000000 0.000000
37 18.75 0 0.000000 0.000000
38 19.25 0 0.000000 0.000000
39 19.75 0 0.000000 0.000000

0 0.25 324 27.152377 0.007533
1 0.75 121 27.816281 0.018674
2 1.25 103 29.685728 0.024397
3 1.75 34 31.769412 0.092085
4 2.25 69 32.298841 0.042372
5 2.75 43 33.414884 0.060080
6 3.25 43 39.178372 0.104960
7 3.75 46 39.836957 0.080526
8 4.25 45 35.499333 0.062270
9 4.75 41 29.910732 0.058408
10 5.25 41 24.899024 0.064718
11 5.75 34 19.599706 0.084976
12 6.25 32 14.619063 0.073965
13 6.75 21 9.889524 0.096298
14 7.25 21 0.080000 0.086249
15 7.75 22 0.137273 0.061765
16 8.25 16 0.423125 0.088751
17 8.75 15 -0.396667 0.101441
18 9.25 14 0.160714 0.104277
19 9.75 17 0.382941 0.101046
20 10.25 24 0.337917 0.065293
21 10.75 19 0.156842 0.076121
22 11.25 13 0.534615 0.113462
23 11.75 15 0.620667 0.121304
24 12.25 10 -0.380000 0.123828
25 12.75 14 -0.245000 0.119071
26 13.25 13 0.920000 0.086599
27 13.75 8 -0.085000 0.098677
28 14.25 3 -0.613333 0.470760
29 14.75 0 0.000000 0.000000
30 15.25 0 0.000000 0.000000
31 15.75 0 0.000000 0.000000
32 16.25 0 0.000000 0.000000
33 16.75 0 0.000000 0.000000
34 17.25 0 0.000000 0.000000
35 17.75 0 0.000000 0.000000
36 18.25 0 0.000000 0.000000
37 18.75 0 0.000000 0.000000
38 19.25 0 0.000000 0.000000
39 19.75 0 0.000000 0.000000

0 0.25 327 27.159450 0.007490
1 0.75 120 27.807500 0.020295
2 1.25 99 28.968485 0.026084
3 1.75 35 30.555429 0.070454
4 2.25 70 32.759286 0.033487
5 2.75 48 34.338125 0.053052
6 3.25 40 39.883750 0.099355
7 3.75 51 39.804706 0.063838
8 4.25 44 35.102500 0.069438
9 4.75 44 29.786591 0.075064
10 5.25 37 25.334054 0.072174
11 5.75 37 19.437838 0.057058
12 6.25 32 14.444063 0.070133
13 6.75 19 9.858947 0.132593
14 7.25 21 -0.205714 0.074510
15 7.75 22 -0.166364 0.076405
16 8.25 14 -0.330000 0.071168
17 8.75 15 -0.028667 0.100142
18 9.25 16 0.381250 0.111480
19 9.75 22 0.019091 0.063848
20 10.25 23 -0.129130 0.059418
21 10.75 17 -0.149412 0.082355
22 11.25 12 0.191667 0.105737
23 11.75 14 0.017143 0.118227
24 12.25 11 0.283636 0.163875
25 12.75 13 0.102308 0.095332
26 13.25 9 0.035556 0.175856
27 13.75 7 -0.158571 0.286701
28 14.25 0 0.000000 0.000000
29 14.75 0 0.000000 0.000000
30 15.25 0 0.000000 0.000000
31 15.75 0 0.000000 0.000000
32 16.25 0 0.000000 0.000000
33 16.75 0 0.000000 0.000000
34 17.25 0 0.000000 0.000000
35 17.75 0 0.000000 0.000000
36 18.25 0 0.000000 0.000000
37 18.75 0 0.000000 0.000000
38 19.25 0 0.000000 0.000000
39 19.75 0 0.000000 0.000000

0 0.25 330 27.259879 0.006789
1 0.75 124 27.854516 0.017766
2 1.25 86 29.667907 0.027523
3 1.75 43 31.404186 0.057882
4 2.25 65 33.099846 0.038625
5 2.75 49 34.521633 0.057120
6 3.25 39 40.795385 0.120624
7 3.75 54 40.337037 0.071294
8 4.25 42 35.235238 0.070711
9 4.75 44 29.857727 0.061775
10 5.25 36 24.903333 0.081093
11 5.75 40 19.605250 0.069359
12 6.25 26 14.990000 0.082460
13 6.75 19 9.703684 0.115544
14 7.25 24 -0.461250 0.062626
15 7.75 21 0.044762 0.056635
16 8.25 13 0.704615 0.105136
17 8.75 16 -0.544375 0.111961
18 9.25 20 -0.364500 0.074746
19 9.75 23 0.153478 0.053924
20 10.25 20 0.307500 0.072773
21 10.75 14 0.085714 0.083286
22 11.25 13 0.237692 0.142600
23 11.75 13 0.493077 0.134993
24 12.25 11 0.722727 0.167034
25 12.75 12 -0.727500 0.134726
26 13.25 7 0.074286 0.203389
27 13.75 1 1.070000 0.000000
28 14.25 0 0.000000 0.000000
29 14.75 0 0.000000 0.000000
30 15.25 0 0.000000 0.000000
31 15.75 0 0.000000 0.000000
32 16.25 0 0.000000 0.000000
33 16.75 0 0.000000 0.000000
34 17.25 0 0.000000 0.000000
35 17.75 0 0.000000 0.000000
36 18.25 0 0.000000 0.000000
37 18.75 0 0.000000 0.000000
38 19.25 0 0.000000 0.000000
39 19.75 0 0.000000 0.000000

0 0.25 339 26.948230 0.006740
1 0.75 124 28.232661 0.017854
2 1.25 81 29.013704 0.035002
3 1.75 52 31.128077 0.049954
4 2.25 63 32.759365 0.048653
5 2.75 53 34.153774 0.052554
6 3.25 40 39.920250 0.095443
7 3.75 54 40.709074 0.075815
8 4.25 44 34.201136 0.058097
9 4.75 43 30.016744 0.068338
10 5.25 36 24.943056 0.059903
11 5.75 38 20.006053 0.064639
12 6.25 20 15.061000 0.102024
13 6.75 20 9.820000 0.099128
14 7.25 23 -0.073478 0.061695
15 7.75 16 -0.357500 0.100190
16 8.25 16 -0.381250 0.112772
17 8.75 17 0.172941 0.075484
18 9.25 23 0.110435 0.078035
19 9.75 23 -0.799130 0.064328
20 10.25 19 0.399474 0.054696
21 10.75 12 0.624167 0.133894
22 11.25 13 -0.756154 0.100695
23 11.75 13 0.540000 0.145850
24 12.25 11 0.992727 0.068560
25 12.75 10 0.335000 0.124938
26 13.25 4 1.275000 0.371037
27 13.75 0 0.000000 0.000000
28 14.25 0 0.000000 0.000000
29 14.75 0 0.000000 0.000000
30 15.25 0 0.000000 0.000000
31 15.75 0 0.000000 0.000000
32 16.25 0 0.000000 0.000000
33 16.75 0 0.000000 0.000000
34 17.25 0 0.000000 0.000000
35 17.75 0 0.000000 0.000000
36 18.25 0 0.000000 0.000000
37 18.75 0 0.000000 0.000000
38 19.25 0 0.000000 0.000000
39 19.75 0 0.000000 0.000000

0 0.25 348 27.080431 0.007039
1 0.75 129 27.703798 0.019706
2 1.25 73 29.358767 0.038307
3 1.75 59 30.741356 0.039562
4 2.25 61 32.066721 0.040636
5 2.75 53 34.576981 0.052612
6 3.25 45 40.186667 0.103766
7 3.75 53 40.515094 0.075871
8 4.25 46 34.783478 0.062428
9 4.75 42 29.807619 0.079451
10 5.25 36 25.186667 0.086354
11 5.75 35 19.516857 0.066592
12 6.25 18 14.298889 0.120382
13 6.75 24 9.071250 0.059634
14 7.25 22 0.342727 0.065683
15 7.75 15 0.654667 0.078955
16 8.25 14 -0.480000 0.098056
17 8.75 22 0.155909 0.063539
18 9.25 26 -0.445769 0.043826
19 9.75 22 0.126364 0.062418
20 10.25 13 -0.540769 0.113774
21 10.75 12 -0.145000 0.101319
22 11.25 13 -0.848462 0.104649
23 11.75 13 -0.480000 0.078558
24 12.25 9 0.563333 0.113258
25 12.75 8 -1.081250 0.133561
26 13.25 1 0.080000 0.000000
27 13.75 0 0.000000 0.000000
28 14.25 0 0.000000 0.000000
29 14.75 0 0.000000 0.000000
30 15.25 0 0.000000 0.000000
31 15.75 0 0.000000 0.000000
32 16.25 0 0.000000 0.000000
33 16.75 0 0.000000 0.000000
34 17.25 0 0.000000 0.000000
35 17.75 0 0.000000 0.000000
36 18.25 0 0.000000 0.000000
37 18.75 0 0.000000 0.000000
38 19.25 0 0.000000 0.000000
39 19.75 0 0.000000 0.000000

0 0.25 355 27.116873 0.006453
1 0.75 131 27.910840 0.016296
2 1.25 68 29.019118 0.038690
3 1.75 64 31.422031 0.043027
4 2.25 59 32.850339 0.042760
5 2.75 52 34.247115 0.061283
6 3.25 49 40.245918 0.086818
7 3.75 54 41.494259 0.076931
8 4.25 47 35.058298 0.070606
9 4.75 43 30.236279 0.056863
10 5.25 39 25.432821 0.062051
11 5.75 32 20.050000 0.079120
12 6.25 18 15.627778 0.136942
13 6.75 27 10.293333 0.082132
14 7.25 20 1.231500 0.141945
15 7.75 15 -0.333333 0.146583
16 8.25 18 -0.067778 0.072123
17 8.75 24 0.545000 0.044749
18 9.25 23 0.285652 0.046632
19 9.75 18 -0.400556 0.066235
20 10.25 13 -0.117692 0.122884
21 10.75 13 -0.347692 0.098082
22 11.25 12 -0.210833 0.102233
23 11.75 13 -0.591538 0.092973
24 12.25 8 0.491250 0.268832
25 12.75 4 0.960000 0.182323
26 13.25 0 0.000000 0.000000
27 13.75 0 0.000000 0.000000
28 14.25 0 0.000000 0.000000
29 14.75 0 0.000000 0.000000
30 15.25 0 0.000000 0.000000
31 15.75 0 0.000000 0.000000
32 16.25 0 0.000000 0.000000
33 16.75 0 0.000000 0.000000
34 17.25 0 0.000000 0.000000
35 17.75 0 0.000000 0.000000
36 18.25 0 0.000000 0.000000
37 18.75 0 0.000000 0.000000
38 19.25 0 0.000000 0.000000
39 19.75 0 0.000000 0.000000

0 0.25 350 26.744971 0.006993
1 0.75 131 27.625802 0.018884
2 1.25 68 29.121029 0.036583
3 1.75 70 31.167000 0.033799
4 2.25 59 33.739153 0.045603
5 2.75 51 35.101176 0.055446
6 3.25 55 39.680182 0.080546
7 3.75 55 40.752545 0.070865
8 4.25 48 34.916250 0.061422
9 4.75 43 30.900465 0.076957
10 5.25 39 25.259231 0.070863
11 5.75 28 20.810357 0.085252
12 6.25 21 15.486190 0.101605
13 6.75 26 11.726923 0.082035
14 7.25 18 5.517222 0.256903
15 7.75 15 -0.390667 0.073820
16 8.25 21 0.459524 0.085830
17 8.75 24 0.124167 0.056021
18 9.25 23 0.437391 0.063333
19 9.75 14 -0.585000 0.082675
20 10.25 14 0.547143 0.098031
21 10.75 12 -0.138333 0.105740
22 11.25 12 0.117500 0.107514
23 11.75 12 -0.163333 0.115452
24 12.25 6 0.781667 0.153946
25 12.75 1 1.480000 0.000000
26 13.25 0 0.000000 0.000000
27 13.75 0 0.000000 0.000000
28 14.25 0 0.000000 0.000000
29 14.75 0 0.000000 0.000000
30 15.25 0 0.000000 0.000000
31 15.75 0 0.000000 0.000000
32 16.25 0 0.000000 0.000000
33 16.75 0 0.000000 0.000000
34 17.25 0 0.000000 0.000000
35 17.75 0 0.000000 0.000000
36 18.25 0 0.000000 0.000000
37 18.75 0 0.000000 0.000000
38 19.25 0 0.000000 0.000000
39 19.75 0 0.000000 0.000000

0 0.25 362 26.506354 0.006687
1 0.75 130 27.397615 0.017323
2 1.25 68 28.693971 0.045933
3 1.75 72 31.324167 0.035023
4 2.25 57 33.504561 0.050557
5 2.75 53 34.915283 0.045617
6 3.25 54 40.565741 0.063337
7 3.75 53 41.958302 0.069432
8 4.25 48 35.717292 0.066732
9 4.75 42 30.653333 0.069161
10 5.25 39 25.257179 0.052772
11 5.75 24 22.131667 0.105151
12 6.25 25 18.398400 0.098632
13 6.75 26 13.142692 0.078075
14 7.25 17 7.964706 0.175067
15 7.75 18 0.202222 0.068033
16 8.25 23 -0.000000 0.042883
17 8.75 24 -0.171667 0.059724
18 9.25 23 0.166087 0.053133
19 9.75 11 0.474545 0.101641
20 10.25 14 0.103571 0.108352
21 10.75 12 -0.365833 0.142948
22 11.25 10 0.141000 0.184550
23 11.75 11 0.178182 0.128215
24 12.25 4 -0.417500 0.233973
25 12.75 0 0.000000 0.000000
26 13.25 0 0.000000 0.000000
27 13.75 0 0.000000 0.000000
28 14.25 0 0.000000 0.000000
29 14.75 0 0.000000 0.000000
30 15.25 0 0.000000 0.000000
31 15.75 0 0.000000 0.000000
32 16.25 0 0.000000 0.000000
33 16.75 0 0.000000 0.000000
34 17.25 0 0.000000 0.000000
35 17.75 0 0.000000 0.000000
36 18.25 0 0.000000 0.000000
37 18.75 0 0.000000 0.000000
38 19.25 0 0.000000 0.000000
39 19.75 0 0.000000 0.000000

0 0.25 363 26.209780 0.006577
1 0.75 130 27.217692 0.018230
2 1.25 67 29.213433 0.036212
3 1.75 76 31.616447 0.033939
4 2.25 55 33.508364 0.052138
5 2.75 53 35.690189 0.037516
6 3.25 57 40.698947 0.059290
7 3.75 52 42.000192 0.070897
8 4.25 51 34.800392 0.064664
9 4.75 40 30.590500 0.060944
10 5.25 37 27.578649 0.081813
11 5.75 22 22.698636 0.111146
12 6.25 25 18.441600 0.087332
13 6.75 25 14.236400 0.113685
14 7.25 13 9.630769 0.130329
15 7.75 22 1.083636 0.154527
16 8.25 23 -0.472609 0.054616
17 8.75 24 -0.327500 0.065363
18 9.25 20 -0.049000 0.062975
19 9.75 11 0.013636 0.115625
20 10.25 13 0.243077 0.146038
21 10.75 12 0.925833 0.125250
22 11.25 10 -0.401000 0.152835
23 11.75 9 0.703333 0.186501
24 12.25 1 1.640000 0.000000
25 12.75 0 0.000000 0.000000
26 13.25 0 0.000000 0.000000
27 13.75 0 0.000000 0.000000
28 14.25 0 0.000000 0.000000
29 14.75 0 0.000000 0.000000
30 15.25 0 0.000000 0.000000
31 15.75 0 0.000000 0.000000
32 16.25 0 0.000000 0.000000
33 16.75 0 0.000000 0.000000
34 17.25 0 0.000000 0.000000
35 17.75 0 0.000000 0.000000
36 18.25 0 0.000000 0.000000
37 18.75 0 0.000000 0.000000
38 19.25 0 0.000000 0.000000
39 19.75 0 0.000000 0.000000

0 0.25 373 25.875845 0.006021
1 0.75 130 26.811308 0.019977
2 1.25 68 28.706324 0.035228
3 1.75 78 31.455897 0.034321
4 2.25 60 33.573333 0.045273
5 2.75 53 35.716792 0.055108
6 3.25 57 40.997895 0.065751
7 3.75 50 42.170600 0.072322
8 4.25 52 35.474808 0.058516
9 4.75 37 31.777838 0.084160
10 5.25 35 27.537143 0.067206
11 5.75 22 23.102273 0.110599
12 6.25 25 19.199200 0.091118
13 6.75 23 16.199130 0.094890
14 7.25 15 10.027333 0.159327
15 7.75 23 4.730000 0.174072
16 8.25 23 -0.013043 0.043275
17 8.75 24 0.075000 0.052505
18 9.25 17 0.207059 0.101305
19 9.75 10 -0.586000 0.119877
20 10.25 13 -0.067692 0.155194
21 10.75 11 0.219091 0.148114
22 11.25 11 0.220909 0.099034
23 11.75 7 -0.940000 0.273968
24 12.25 0 0.000000 0.000000
25 12.75 0 0.000000 0.000000
26 13.25 0 0.000000 0.000000
27 13.75 0 0.000000 0.000000
28 14.25 0 0.000000 0.000000
29 14.75 0 0.000000 0.000000
30 15.25 0 0.000000 0.000000
31 15.75 0 0.000000 0.000000
32 16.25 0 0.000000 0.000000
33 16.75 0 0.000000 0.000000
34 17.25 0 0.000000 0.000000
35 17.75 0 0.000000 0.000000
36 18.25 0 0.000000 0.000000
37 18.75 0 0.000000 0.000000
38 19.25 0 0.000000 0.000000
39 19.75 0 0.000000 0.000000

0 0.25 373 25.708713 0.006228
1 0.75 130 26.315385 0.017712
2 1.25 68 28.802059 0.036695
3 1.75 78 31.574487 0.034243
4 2.25 60 33.397167 0.043326
5 2.75 54 36.551481 0.052119
6 3.25 60 41.679333 0.067252
7 3.75 50 42.418800 0.078083
8 4.25 54 36.092778 0.063130
9 4.75 37 32.129189 0.087039
10 5.25 35 27.362286 0.059371
11 5.75 22 23.852727 0.085016
12 6.25 24 20.049167 0.095823
13 6.75 24 16.955417 0.108568
14 7.25 15 10.780667 0.103490
15 7.75 23 7.490435 0.158129
16 8.25 27 0.052963 0.059402
17 8.75 23 0.243043 0.056209
18 9.25 15 -0.408667 0.125876
19 9.75 11 0.234545 0.131580
20 10.25 12 -0.368333 0.128828
21 10.75 11 -0.091818 0.169858
22 11.25 11 0.524545 0.105791
23 11.75 5 -0.244000 0.242671
24 12.25 0 0.000000 0.000000
25 12.75 0 0.000000 0.000000
26 13.25 0 0.000000 0.000000
27 13.75 0 0.000000 0.000000
28 14.25 0 0.000000 0.000000
29 14.75 0 0.000000 0.000000
30 15.25 0 0.000000 0.000000
31 15.75 0 0.000000 0.000000
32 16.25 0 0.000000 0.000000
33 16.75 0 0.000000 0.000000
34 17.25 0 0.000000 0.000000
35 17.75 0 0.000000 0.000000
36 18.25 0 0.000000 0.000000
37 18.75 0 0.000000 0.000000
38 19.25 0 0.000000 0.000000
39 19.75 0 0.000000 0.000000

0 0.25 370 25.443351 0.006169
1 0.75 129 26.191705 0.019124
2 1.25 66 28.266667 0.041052
3 1.75 81 31.618642 0.034415
4 2.25 60 33.819500 0.041821
5 2.75 55 36.660909 0.047007
6 3.25 61 40.407705 0.057597
7 3.75 48 42.801875 0.080572
8 4.25 53 36.498113 0.057829
9 4.75 37 31.823514 0.084527
10 5.25 32 28.458750 0.095793
11 5.75 26 24.010769 0.085280
12 6.25 22 20.579545 0.107842
13 6.75 21 17.536190 0.136402
14 7.25 17 13.165882 0.085291
15 7.75 24 9.381250 0.070370
16 8.25 25 1.727600 0.129203
17 8.75 22 0.378182 0.068397
18 9.25 14 -0.380714 0.115431
19 9.75 11 0.144545 0.105370
20 10.25 11 -0.012727 0.140801
21 10.75 11 0.824545 0.140396
22 11.25 10 -0.640000 0.136813
23 11.75 2 -1.470000 0.586899
24 12.25 0 0.000000 0.000000
25 12.75 0 0.000000 0.000000
26 13.25 0 0.000000 0.000000
27 13.75 0 0.000000 0.000000
28 14.25 0 0.000000 0.000000
29 14.75 0 0.000000 0.000000
30 15.25 0 0.000000 0.000000
31 15.75 0 0.000000 0.000000
32 16.25 0 0.000000 0.000000
33 16.75 0 0.000000 0.000000
34 17.25 0 0.000000 0.000000
35 17.75 0 0.000000 0.000000
36 18.25 0 0.000000 0.000000
37 18.75 0 0.000000 0.000000
38 19.25 0 0.000000 0.000000
39 19.75 0 0.000000 0.000000

0 0.25 365 25.420712 0.006313
1 0.75 128 25.696875 0.019298
2 1.25 68 28.154118 0.033146
3 1.75 77 31.129870 0.034169
4 2.25 60 34.138333 0.056328
5 2.75 54 36.850741 0.055434
6 3.25 59 41.318305 0.061437
7 3.75 49 42.937755 0.068554
8 4.25 52 35.400000 0.064492
9 4.75 37 31.703243 0.066166
10 5.25 30 28.407000 0.112271
11 5.75 26 23.631538 0.105904
12 6.25 21 20.828571 0.116909
13 6.75 22 17.670909 0.077445
14 7.25 15 14.616000 0.144954
15 7.75 25 9.752400 0.068512
16 8.25 25 2.502000 0.135187
17 8.75 22 0.174091 0.046790
18 9.25 12 -0.194167 0.134096
19 9.75 11 -0.152727 0.124864
20 10.25 11 -0.015455 0.112658
21 10.75 10 -0.002000 0.089488
22 11.25 12 0.471667 0.137710
23 11.75 1 -0.410000 0.000000
24 12.25 0 0.000000 0.000000
25 12.75 0 0.000000 0.000000
26 13.25 0 0.000000 0.000000
27 13.75 0 0.000000 0.000000
28 14.25 0 0.000000 0.000000
29 14.75 0 0.000000 0.000000
30 15.25 0 0.000000 0.000000
31 15.75 0 0.000000 0.000000
32 16.25 0 0.000000 0.000000
33 16.75 0 0.000000 0.000000
34 17.25 0 0.000000 0.000000
35 17.75 0 0.000000 0.000000
36 18.25 0 0.000000 0.000000
37 18.75 0 0.000000 0.000000
38 19.25 0 0.000000 0.000000
39 19.75 0 0.000000 0.000000

0 0.25 368 25.053859 0.006158
1 0.75 123 25.384797 0.019829
2 1.25 66 28.519697 0.037408
3 1.75 76 31.480263 0.032970
4 2.25 58 34.283448 0.044537
5 2.75 56 37.121071 0.051190
6 3.25 56 41.679643 0.065967
7 3.75 49 43.002245 0.072001
8 4.25 56 35.679643 0.054152
9 4.75 35 31.807714 0.074723
10 5.25 31 28.606774 0.083416
11 5.75 26 24.470385 0.102133
12 6.25 20 22.255000 0.106111
13 6.75 25 18.780800 0.090240
14 7.25 15 15.112667 0.108145
15 7.75 27 11.422222 0.073948
16 8.25 24 6.696250 0.175979
17 8.75 23 -0.153913 0.072604
18 9.25 12 -0.761667 0.070456
19 9.75 11 -0.125455 0.098256
20 10.25 10 -0.199000 0.158021
21 10.75 10 -0.454000 0.145280
22 11.25 14 -0.515714 0.090487
23 11.75 0 0.000000 0.000000
24 12.25 0 0.000000 0.000000
25 12.75 0 0.000000 0.000000
26 13.25 0 0.000000 0.000000
27 13.75 0 0.000000 0.000000
28 14.25 0 0.000000 0.000000
29 14.75 0 0.000000 0.000000
30 15.25 0 0.000000 0.000000
31 15.75 0 0.000000 0.000000
32 16.25 0 0.000000 0.000000
33 16.75 0 0.000000 0.000000
34 17.25 0 0.000000 0.000000
35 17.75 0 0.000000 0.000000
36 18.25 0 0.000000 0.000000
37 18.75 0 0.000000 0.000000
38 19.25 0 0.000000 0.000000
39 19.75 0 0.000000 0.000000

0 0.25 370 24.779838 0.006597
1 0.75 126 25.672063 0.018646
2 1.25 68 28.081618 0.032331
3 1.75 78 31.489359 0.038860
4 2.25 60 34.406833 0.051576
5 2.75 57 37.111053 0.048259
6 3.25 54 40.923704 0.054087
7 3.75 51 44.725098 0.074064
8 4.25 54 35.947037 0.056743
9 4.75 36 32.325833 0.064819
10 5.25 32 28.818750 0.069390
11 5.75 26 24.741923 0.090949
12 6.25 20 22.819000 0.109864
13 6.75 24 19.572917 0.103036
14 7.25 15 15.398000 0.129445
15 7.75 26 12.319615 0.086762
16 8.25 24 8.710833 0.081458
17 8.75 24 0.290833 0.075705
18 9.25 12 -0.473333 0.120863
19 9.75 11 0.378182 0.149002
20 10.25 10 0.016000 0.144974
21 10.75 9 0.074444 0.254095
22 11.25 14 -0.179286 0.109118
23 11.75 0 0.000000 0.000000
24 12.25 0 0.000000 0.000000
25 12.75 0 0.000000 0.000000
26 13.25 0 0.000000 0.000000
27 13.75 0 0.000000 0.000000
28 14.25 0 0.000000 0.000000
29 14.75 0 0.000000 0.000000
30 15.25 0 0.000000 0.000000
31 15.75 0 0.000000 0.000000
32 16.25 0 0.000000 0.000000
33 16.75 0 0.000000 0.000000
34 17.25 0 0.000000 0.000000
35 17.75 0 0.000000 0.000000
36 18.25 0 0.000000 0.000000
37 18.75 0 0.000000 0.000000
38 19.25 0 0.000000 0.000000
39 19.75 0 0.000000 0.000000

0 0.25 367 24.574714 0.006346
1 0.75 127 24.723701 0.019317
2 1.25 69 28.205942 0.036282
3 1.75 79 31.404304 0.036951
4 2.25 62 34.668548 0.051686
5 2.75 55 37.752727 0.054727
6 3.25 58 42.037586 0.061131
7 3.75 48 42.942083 0.083536
8 4.25 54 36.877222 0.064478
9 4.75 37 32.570270 0.077746
10 5.25 30 29.624333 0.090227
11 5.75 26 25.619615 0.061708
12 6.25 22 23.029545 0.086271
13 6.75 22 20.134091 0.096373
14 7.25 15 16.284000 0.171321
15 7.75 26 13.641538 0.073068
16 8.25 26 10.448462 0.062973
17 8.75 22 2.629545 0.184473
18 9.25 13 0.003077 0.116929
19 9.75 12 -0.306667 0.123214
20 10.25 11 -0.225455 0.131009
21 10.75 11 0.975455 0.128190
22 11.25 12 0.156667 0.126753
23 11.75 1 -0.690000 0.000000
24 12.25 0 0.000000 0.000000
25 12.75 0 0.000000 0.000000
26 13.25 0 0.000000 0.000000
27 13.75 0 0.000000 0.000000
28 14.25 0 0.000000 0.000000
29 14.75 0 0.000000 0.000000
30 15.25 0 0.000000 0.000000
31 15.75 0 0.000000 0.000000
32 16.25 0 0.000000 0.000000
33 16.75 0 0.000000 0.000000
34 17.25 0 0.000000 0.000000
35 17.75 0 0.000000 0.000000
36 18.25 0 0.000000 0.000000
37 18.75 0 0.000000 0.000000
38 19.25 0 0.000000 0.000000
39 19.75 0 0.000000 0.000000

0 0.25 363 24.258430 0.005917
1 0.75 126 25.030476 0.019251
2 1.25 65 28.030154 0.038228
3 1.75 77 31.667532 0.032317
4 2.25 60 35.112833 0.054475
5 2.75 56 38.073929 0.053259
6 3.25 61 41.354590 0.057413
7 3.75 48 43.800208 0.066328
8 4.25 52 36.734808 0.074287
9 4.75 36 32.070000 0.067340
10 5.25 32 29.238437 0.082397
11 5.75 24 25.360000 0.098598
12 6.25 23 23.333478 0.097858
13 6.75 23 19.686522 0.081911
14 7.25 16 17.728125 0.155814
15 7.75 22 13.775909 0.091855
16 8.25 24 10.978750 0.090662
17 8.75 24 5.022917 0.179529
18 9.25 14 -0.176429 0.058333
19 9.75 12 -0.455833 0.094333
20 10.25 11 0.101818 0.123360
21 10.75 11 -0.246364 0.185890
22 11.25 12 0.235833 0.150001
23 11.75 3 0.620000 0.665891
24 12.25 0 0.000000 0.000000
25 12.75 0 0.000000 0.000000
26 13.25 0 0.000000 0.000000
27 13.75 0 0.000000 0.000000
28 14.25 0 0.000000 0.000000
29 14.75 0 0.000000 0.000000
30 15.25 0 0.000000 0.000000
31 15.75 0 0.000000 0.000000
32 16.25 0 0.000000 0.000000
33 16.75 0 0.000000 0.000000
34 17.25 0 0.000000 0.000000
35 17.75 0 0.000000 0.000000
36 18.25 0 0.000000 0.000000
37 18.75 0 0.000000 0.000000
38 19.25 0 0.000000 0.000000
39 19.75 0 0.000000 0.000000

0 0.25 371 24.453208 0.006071
1 0.75 130 25.089231 0.019058
2 1.25 66 28.175758 0.031411
3 1.75 75 31.124533 0.035873
4 2.25 56 35.051607 0.048014
5 2.75 54 38.392963 0.056846
6 3.25 58 41.756034 0.053511
7 3.75 49 43.297347 0.077983
8 4.25 53 36.639245 0.065232
9 4.75 36 32.364444 0.078227
10 5.25 34 28.673235 0.080727
11 5.75 22 25.611364 0.087381
12 6.25 24 22.512083 0.087662
13 6.75 22 20.665455 0.092298
14 7.25 16 16.928750 0.126654
15 7.75 23 13.906522 0.066673
16 8.25 26 11.515769 0.080816
17 8.75 23 8.022609 0.097477
18 9.25 16 -0.171875 0.095145
19 9.75 11 0.057273 0.190064
20 10.25 13 0.454615 0.140671
21 10.75 11 -0.716364 0.158008
22 11.25 11 -0.883636 0.111820
23 11.75 5 1.708000 0.467053
24 12.25 0 0.000000 0.000000
25 12.75 0 0.000000 0.000000
26 13.25 0 0.000000 0.000000
27 13.75 0 0.000000 0.000000
28 14.25 0 0.000000 0.000000
29 14.75 0 0.000000 0.000000
30 15.25 0 0.000000 0.000000
31 15.75 0 0.000000 0.000000
32 16.25 0 0.000000 0.000000
33 16.75 0 0.000000 0.000000
34 17.25 0 0.000000 0.000000
35 17.75 0 0.000000 0.000000
36 18.25 0 0.000000 0.000000
37 18.75 0 0.000000 0.000000
38 19.25 0 0.000000 0.000000
39 19.75 0 0.000000 0.000000

0 0.25 365 24.461973 0.006227
1 0.75 131 25.131374 0.017096
2 1.25 68 27.704118 0.038144
3 1.75 73 31.887534 0.039492
4 2.25 57 35.102807 0.060237
5 2.75 54 37.555926 0.057850
6 3.25 58 42.550862 0.053277
7 3.75 50 44.188200 0.073928
8 4.25 53 38.172075 0.074711
9 4.75 40 31.500250 0.061195
10 5.25 33 28.979394 0.067737
11 5.75 22 25.554545 0.101938
12 6.25 26 23.706538 0.082359
13 6.75 24 20.295833 0.108372
14 7.25 14 17.917143 0.184997
15 7.75 23 14.282609 0.109081
16 8.25 24 11.419167 0.088225
17 8.75 24 8.506667 0.115192
18 9.25 20 0.765500 0.053512
19 9.75 11 0.510909 0.147172
20 10.25 13 -0.354615 0.091981
21 10.75 11 0.136364 0.132291
22 11.25 10 -0.513000 0.104021
23 11.75 9 0.315556 0.193056
24 12.25 0 0.000000 0.000000
25 12.75 0 0.000000 0.000000
26 13.25 0 0.000000 0.000000
27 13.75 0 0.000000 0.000000
28 14.25 0 0.000000 0.000000
29 14.75 0 0.000000 0.000000
30 15.25 0 0.000000 0.000000
31 15.75 0 0.000000 0.000000
32 16.25 0 0.000000 0.000000
33 16.75 0 0.000000 0.000000
34 17.25 0 0.000000 0.000000
35 17.75 0 0.000000 0.000000
36 18.25 0 0.000000 0.000000
37 18.75 0 0.000000 0.000000
38 19.25 0 0.000000 0.000000
39 19.75 0 0.000000 0.000000

0 0.25 358 24.931620 0.006222
1 0.75 128 25.528516 0.019639
2 1.25 70 27.802429 0.034421
3 1.75 74 32.489865 0.041339
4 2.25 56 34.910357 0.047282
5 2.75 54 38.628333 0.064272
6 3.25 55 41.574000 0.071343
7 3.75 53 45.223774 0.058878
8 4.25 52 38.254231 0.070484
9 4.75 41 32.620000 0.066784
10 5.25 37 29.134595 0.074044
11 5.75 20 25.460000 0.113316
12 6.25 25 22.816400 0.085217
13 6.75 25 20.272000 0.105841
14 7.25 14 17.920714 0.137710
15 7.75 23 13.906522 0.082095
16 8.25 22 11.053636 0.086818
17 8.75 25 8.382400 0.079607
18 9.25 21 -0.190000 0.065106
19 9.75 11 0.440000 0.146152
20 10.25 14 -0.395000 0.132554
21 10.75 12 0.540000 0.119528
22 11.25 11 -0.233636 0.133719
23 11.75 9 -0.660000 0.131867
24 12.25 2 0.385000 0.010607
25 12.75 0 0.000000 0.000000
26 13.25 0 0.000000 0.000000
27 13.75 0 0.000000 0.000000
28 14.25 0 0.000000 0.000000
29 14.75 0 0.000000 0.000000
30 15.25 0 0.000000 0.000000
31 15.75 0 0.000000 0.000000
32 16.25 0 0.000000 0.000000
33 16.75 0 0.000000 0.000000
34 17.25 0 0.000000 0.000000
35 17.75 0 0.000000 0.000000
36 18.25 0 0.000000 0.000000
37 18.75 0 0.000000 0.000000
38 19.25 0 0.000000 0.000000
39 19.75 0 0.000000 0.000000

0 0.25 352 24.725398 0.006629
1 0.75 127 25.280394 0.017381
2 1.25 71 28.325352 0.037620
3 1.75 70 32.351429 0.038046
4 2.25 55 35.672182 0.057290
5 2.75 55 39.074364 0.052882
6 3.25 52 41.209615 0.063774
7 3.75 54 44.040741 0.074086
8 4.25 50 37.874000 0.085580
9 4.75 41 32.388049 0.074482
10 5.25 37 29.169730 0.074439
11 5.75 23 26.846522 0.096794
12 6.25 23 22.687826 0.092999
13 6.75 27 20.524444 0.070280
14 7.25 15 17.406667 0.106156
15 7.75 19 14.372105 0.086027
16 8.25 23 10.469565 0.100095
17 8.75 25 7.924000 0.094382
18 9.25 23 -0.543478 0.073688
19 9.75 14 -0.509286 0.105840
20 10.25 15 0.232000 0.088391
21 10.75 12 0.444167 0.133480
22 11.25 11 0.528182 0.100056
23 11.75 11 -0.050909 0.126829
24 12.25 4 -0.295000 0.205147
25 12.75 0 0.000000 0.000000
26 13.25 0 0.000000 0.000000
27 13.75 0 0.000000 0.000000
28 14.25 0 0.000000 0.000000
29 14.75 0 0.000000 0.000000
30 15.25 0 0.000000 0.000000
31 15.75 0 0.000000 0.000000
32 16.25 0 0.000000 0.000000
33 16.75 0 0.000000 0.000000
34 17.25 0 0.000000 0.000000
35 17.75 0 0.000000 0.000000
36 18.25 0 0.000000 0.000000
37 18.75 0 0.000000 0.000000
38 19.25 0 0.000000 0.000000
39 19.75 0 0.000000 0.000000

0 0.25 352 25.403466 0.006369
1 0.75 130 25.767615 0.018703
2 1.25 71 28.360141 0.040918
3 1.75 67 32.773134 0.046986
4 2.25 54 36.368889 0.053559
5 2.75 55 38.752727 0.055618
6 3.25 51 42.513529 0.064156
7 3.75 53 44.154528 0.069660
8 4.25 49 38.180816 0.068475
9 4.75 41 33.099268 0.099059
10 5.25 39 29.276410 0.072745
11 5.75 26 26.128462 0.071956
12 6.25 20 22.695000 0.091813
13 6.75 26 20.432692 0.094343
14 7.25 19 17.983684 0.106029
15 7.75 16 14.812500 0.144464
16 8.25 21 11.866190 0.125516
17 8.75 26 8.083077 0.085303
18 9.25 23 0.127391 0.070514
19 9.75 17 -0.265882 0.094708
20 10.25 14 0.030000 0.115171
21 10.75 13 0.126923 0.139909
22 11.25 11 -0.215455 0.130889
23 11.75 12 -0.397500 0.093707
24 12.25 7 -0.962857 0.101562
25 12.75 2 0.585000 0.067175
26 13.25 0 0.000000 0.000000
27 13.75 0 0.000000 0.000000
28 14.25 0 0.000000 0.000000
29 14.75 0 0.000000 0.000000
30 15.25 0 0.000000 0.000000
31 15.75 0 0.000000 0.000000
32 16.25 0 0.000000 0.000000
33 16.75 0 0.000000 0.000000
34 17.25 0 0.000000 0.000000
35 17.75 0 0.000000 0.000000
36 18.25 0 0.000000 0.000000
37 18.75 0 0.000000 0.000000
38 19.25 0 0.000000 0.000000
39 19.75 0 0.000000 0.000000

0 0.25 341 25.587390 0.006702
1 0.75 129 26.014341 0.018781
2 1.25 69 28.868261 0.041356
3 1.75 62 32.989032 0.044942
4 2.25 55 35.523636 0.050797
5 2.75 55 39.544000 0.051984
6 3.25 45 43.260889 0.081681
7 3.75 53 44.259057 0.074958
8 4.25 49 38.424082 0.078211
9 4.75 43 32.797209 0.077601
10 5.25 38 29.656842 0.064270
11 5.75 28 26.746429 0.091688
12 6.25 17 22.851176 0.121928
13 6.75 29 20.354138 0.064721
14 7.25 18 17.098333 0.078463
15 7.75 16 13.711250 0.118405
16 8.25 17 11.032353 0.078900
17 8.75 24 8.004583 0.105698
18 9.25 24 -0.090000 0.064388
19 9.75 21 0.156190 0.073392
20 10.25 13 0.660769 0.100938
21 10.75 13 0.543846 0.095896
22 11.25 12 -0.323333 0.112363
23 11.75 14 0.020714 0.123605
24 12.25 7 0.664286 0.208765
25 12.75 5 0.326000 0.309020
26 13.25 0 0.000000 0.000000
27 13.75 0 0.000000 0.000000
28 14.25 0 0.000000 0.000000
29 14.75 0 0.000000 0.000000
30 15.25 0 0.000000 0.000000
31 15.75 0 0.000000 0.000000
32 16.25 0 0.000000 0.000000
33 16.75 0 0.000000 0.000000
34 17.25 0 0.000000 0.000000
35 17.75 0 0.000000 0.000000
36 18.25 0 0.000000 0.000000
37 18.75 0 0.000000 0.000000
38 19.25 0 0.000000 0.000000
39 19.75 0 0.000000 0.000000

0 0.25 341 25.605601 0.006468
1 0.75 132 25.960758 0.018922
2 1.25 75 28.865600 0.033720
3 1.75 58 32.503966 0.052436
4 2.25 56 35.598214 0.058246
5 2.75 61 40.126230 0.051149
6 3.25 43 43.490698 0.073730
7 3.75 51 45.021765 0.069074
8 4.25 47 39.184681 0.080238
9 4.75 45 33.209778 0.054600
10 5.25 35 29.265429 0.074127
11 5.75 31 26.130645 0.089212
12 6.25 18 23.161111 0.138560
13 6.75 23 20.044348 0.112650
14 7.25 24 17.629583 0.074821
15 7.75 15 14.908667 0.110772
16 8.25 15 11.480000 0.102178
17 8.75 21 8.230000 0.119461
18 9.25 24 -0.206250 0.074160
19 9.75 23 0.014783 0.064010
20 10.25 16 -0.146250 0.073801
21 10.75 13 0.244615 0.109373
22 11.25 13 -1.038462 0.117849
23 11.75 14 0.958571 0.113115
24 12.25 10 -0.304000 0.127116
25 12.75 9 -0.277778 0.209705
26 13.25 1 0.540000 0.000000
27 13.75 0 0.000000 0.000000
28 14.25 0 0.000000 0.000000
29 14.75 0 0.000000 0.000000
30 15.25 0 0.000000 0.000000
31 15.75 0 0.000000 0.000000
32 16.25 0 0.000000 0.000000
33 16.75 0 0.000000 0.000000
34 17.25 0 0.000000 0.000000
35 17.75 0 0.000000 0.000000
36 18.25 0 0.000000 0.000000
37 18.75 0 0.000000 0.000000
38 19.25 0 0.000000 0.000000
39 19.75 0 0.000000 0.000000

0 0.25 339 25.709912 0.006854
1 0.75 133 26.481504 0.018526
2 1.25 81 29.328889 0.032713
3 1.75 53 32.774717 0.055880
4 2.25 58 36.625862 0.056726
5 2.75 58 39.658621 0.052922
6 3.25 42 43.320476 0.082902
7 3.75 52 44.657885 0.064506
8 4.25 46 38.405870 0.098993
9 4.75 46 33.162609 0.073844
10 5.25 34 29.950882 0.065686
11 5.75 36 25.973333 0.072657
12 6.25 20 23.083000 0.115980
13 6.75 21 20.623810 0.097172
14 7.25 26 17.096538 0.072131
15 7.75 17 14.485294 0.131888
16 8.25 15 11.422667 0.086386
17 8.75 18 8.108333 0.167517
18 9.25 23 0.498696 0.058257
19 9.75 23 0.380870 0.045397
20 10.25 22 0.091364 0.066298
21 10.75 12 -0.187500 0.153923
22 11.25 14 0.077143 0.088470
23 11.75 14 0.088571 0.110986
24 12.25 10 0.131000 0.143846
25 12.75 10 -0.020000 0.119672
26 13.25 5 -0.570000 0.296172
27 13.75 0 0.000000 0.000000
28 14.25 0 0.000000 0.000000
29 14.75 0 0.000000 0.000000
30 15.25 0 0.000000 0.000000
31 15.75 0 0.000000 0.000000
32 16.25 0 0.000000 0.000000
33 16.75 0 0.000000 0.000000
34 17.25 0 0.000000 0.000000
35 17.75 0 0.000000 0.000000
36 18.25 0 0.000000 0.000000
37 18.75 0 0.000000 0.000000
38 19.25 0 0.000000 0.000000
39 19.75 0 0.000000 0.000000

0 0.25 334 25.836527 0.006725
1 0.75 131 26.299008 0.019122
2 1.25 89 28.820787 0.029652
3 1.75 49 33.649592 0.057964
4 2.25 59 35.755424 0.057169
5 2.75 53 40.002264 0.058534
6 3.25 43 43.206047 0.078896
7 3.75 51 45.620196 0.073423
8 4.25 41 39.453415 0.100531
9 4.75 48 33.200000 0.066330
10 5.25 35 29.753429 0.075455
11 5.75 38 25.630526 0.061768
12 6.25 24 23.356667 0.095738
13 6.75 20 20.494000 0.112661
14 7.25 23 17.696957 0.085033
15 7.75 22 14.564091 0.076197
16 8.25 14 10.907857 0.153021
17 8.75 15 7.334667 0.175512
18 9.25 19 -0.517895 0.071009
19 9.75 23 0.211304 0.081220
20 10.25 22 -0.233636 0.055214
21 10.75 14 0.003571 0.137373
22 11.25 13 0.138462 0.114743
23 11.75 14 -0.253571 0.120702
24 12.25 11 0.005455 0.157372
25 12.75 13 -0.209231 0.075993
26 13.25 7 -0.455714 0.208592
27 13.75 3 -0.560000 0.112596
28 14.25 0 0.000000 0.000000
29 14.75 0 0.000000 0.000000
30 15.25 0 0.000000 0.000000
31 15.75 0 0.000000 0.000000
32 16.25 0 0.000000 0.000000
33 16.75 0 0.000000 0.000000
34 17.25 0 0.000000 0.000000
35 17.75 0 0.000000 0.000000
36 18.25 0 0.000000 0.000000
37 18.75 0 0.000000 0.000000
38 19.25 0 0.000000 0.000000
39 19.75 0 0.000000 0.000000

0 0.25 323 26.136099 0.006861
1 0.75 126 26.637778 0.020828
2 1.25 91 30.045714 0.028969
3 1.75 41 33.785366 0.075914
4 2.25 58 35.857759 0.046608
5 2.75 50 40.184000 0.062188
6 3.25 42 43.570000 0.080112
7 3.75 48 44.685417 0.068694
8 4.25 42 39.048095 0.084510
9 4.75 45 34.056222 0.065079
10 5.25 38 29.437895 0.064775
11 5.75 37 25.952432 0.064011
12 6.25 27 22.755556 0.080468
13 6.75 18 20.923889 0.087915
14 7.25 21 17.953810 0.135880
15 7.75 25 14.436400 0.077786
16 8.25 12 11.371667 0.120832
17 8.75 15 7.772000 0.235207
18 9.25 15 -0.041333 0.093966
19 9.75 22 0.446364 0.066647
20 10.25 23 -0.106957 0.050291
21 10.75 18 0.436667 0.085853
22 11.25 13 -0.599231 0.125780
23 11.75 14 0.222857 0.121326
24 12.25 10 -0.094000 0.172969
25 12.75 14 0.102857 0.141371
26 13.25 11 0.340000 0.167946
27 13.75 8 0.138750 0.168738
28 14.25 0 0.000000 0.000000
29 14.75 0 0.000000 0.000000
30 15.25 0 0.000000 0.000000
31 15.75 0 0.000000 0.000000
32 16.25 0 0.000000 0.000000
33 16.75 0 0.000000 0.000000
34 17.25 0 0.000000 0.000000
35 17.75 0 0.000000 0.000000
36 18.25 0 0.000000 0.000000
37 18.75 0 0.000000 0.000000
38 19.25 0 0.000000 0.000000
39 19.75 0 0.000000 0.000000

0 0.25 316 28.772310 0.008748
1 0.75 124 28.916452 0.018306
2 1.25 95 31.369684 0.032111
3 1.75 39 34.324359 0.074404
4 2.25 62 37.120000 0.049086
5 2.75 43 41.097674 0.068871
6 3.25 48 43.778958 0.057176
7 3.75 43 44.200233 0.094962
8 4.25 40 39.954250 0.094633
9 4.75 43 33.969302 0.075984
10 5.25 45 29.214667 0.056562
11 5.75 31 25.949032 0.090592
12 6.25 32 23.416562 0.074698
13 6.75 17 20.431765 0.207925
14 7.25 20 17.527500 0.106282
15 7.75 23 14.037391 0.071070
16 8.25 17 9.881765 0.127687
17 8.75 15 4.684000 0.318431
18 9.25 14 -0.544286 0.101901
19 9.75 19 -0.038421 0.073716
20 10.25 23 -0.370435 0.057666
21 10.75 21 0.136190 0.076466
22 11.25 16 0.176250 0.101307
23 11.75 13 0.722308 0.129542
24 12.25 12 0.030833 0.091269
25 12.75 14 0.001429 0.122947
26 13.25 12 -0.295833 0.130874
27 13.75 9 -0.285556 0.188426
28 14.25 5 -1.552000 0.342150
29 14.75 0 0.000000 0.000000
30 15.25 0 0.000000 0.000000
31 15.75 0 0.000000 0.000000
32 16.25 0 0.000000 0.000000
33 16.75 0 0.000000 0.000000
34 17.25 0 0.000000 0.000000
35 17.75 0 0.000000 0.000000
36 18.25 0 0.000000 0.000000
37 18.75 0 0.000000 0.000000
38 19.25 0 0.000000 0.000000
39 19.75 0 0.000000 0.000000

0 0.25 317 32.504890 0.009198
1 0.75 126 32.954603 0.024032
2 1.25 99 34.693131 0.030134
3 1.75 40 37.232750 0.059712
4 2.25 62 39.494677 0.051244
5 2.75 44 42.897955 0.073776
6 3.25 53 44.792075 0.071821
7 3.75 39 44.693590 0.098665
8 4.25 43 40.004186 0.063028
9 4.75 41 33.195122 0.084444
10 5.25 50 29.071000 0.054501
11 5.75 29 25.706552 0.080040
12 6.25 32 22.855937 0.060691
13 6.75 22 19.670909 0.098143
14 7.25 22 16.365000 0.083958
15 7.75 21 14.274762 0.107497
16 8.25 22 9.893182 0.090409
17 8.75 14 4.260000 0.284928
18 9.25 14 0.341429 0.084977
19 9.75 15 0.027333 0.060383
20 10.25 20 -0.094500 0.086293
21 10.75 21 -0.305714 0.064410
22 11.25 19 -0.303158 0.076528
23 11.75 12 0.401667 0.075317
24 12.25 11 -0.191818 0.152848
25 12.75 15 -0.715333 0.089697
26 13.25 13 -0.580000 0.116300
27 13.75 11 0.020909 0.132264
28 14.25 9 0.144444 0.131486
29 14.75 3 -2.083333 0.589183
30 15.25 0 0.000000 0.000000
31 15.75 0 0.000000 0.000000
32 16.25 0 0.000000 0.000000
33 16.75 0 0.000000 0.000000
34 17.25 0 0.000000 0.000000
35 17.75 0 0.000000 0.000000
36 18.25 0 0.000000 0.000000
37 18.75 0 0.000000 0.000000
38 19.25 0 0.000000 0.000000
39 19.75 0 0.000000 0.000000

0 0.25 307 36.506156 0.009943
1 0.75 119 36.605966 0.023376
2 1.25 95 37.743263 0.033169
3 1.75 39 39.839487 0.077438
4 2.25 60 40.599000 0.056332
5 2.75 42 43.544048 0.069946
6 3.25 53 45.925660 0.070561
7 3.75 36 45.595000 0.123737
8 4.25 45 39.126889 0.072841
9 4.75 33 33.897273 0.092837
10 5.25 48 28.600417 0.057953
11 5.75 34 25.327647 0.054947
12 6.25 30 22.279667 0.082631
13 6.75 28 19.142143 0.073274
14 7.25 22 16.206364 0.095531
15 7.75 21 12.020000 0.082749
16 8.25 21 8.878095 0.079626
17 8.75 15 1.092000 0.191243
18 9.25 14 0.412857 0.138555
19 9.75 15 -0.006000 0.115292
20 10.25 15 -0.204667 0.065079
21 10.75 20 -0.243000 0.054736
22 11.25 22 -0.015000 0.060308
23 11.75 15 0.324667 0.122615
24 12.25 12 -0.713333 0.140818
25 12.75 14 0.027143 0.148087
26 13.25 14 -0.114286 0.089831
27 13.75 10 1.094000 0.206030
28 14.25 12 -0.385000 0.158018
29 14.75 8 -0.491250 0.150244
30 15.25 1 0.620000 0.000000
31 15.75 0 0.000000 0.000000
32 16.25 0 0.000000 0.000000
33 16.75 0 0.000000 0.000000
34 17.25 0 0.000000 0.000000
35 17.75 0 0.000000 0.000000
36 18.25 0 0.000000 0.000000
37 18.75 0 0.000000 0.000000
38 19.25 0 0.000000 0.000000
39 19.75 0 0.000000 0.000000

0 0.25 309 39.947023 0.010459
1 0.75 120 40.346583 0.030685
2 1.25 96 40.843021 0.032917
3 1.75 43 42.986744 0.088058
4 2.25 56 43.508750 0.045931
5 2.75 43 45.142791 0.074077
6 3.25 54 47.604074 0.061060
7 3.75 35 44.742000 0.098639
8 4.25 44 38.680227 0.088841
9 4.75 31 33.493548 0.117290
10 5.25 45 28.788000 0.059153
11 5.75 40 25.425750 0.063502
12 6.25 25 22.362000 0.106197
13 6.75 33 18.974242 0.059477
14 7.25 20 14.964500 0.088466
15 7.75 21 11.909048 0.107514
16 8.25 20 6.408500 0.201669
17 8.75 16 -0.013125 0.119670
18 9.25 12 -0.475000 0.101635
19 9.75 13 0.324615 0.093810
20 10.25 16 -0.426875 0.078056
21 10.75 17 -0.297647 0.112480
22 11.25 24 -0.228333 0.071357
23 11.75 18 -0.218333 0.080250
24 12.25 14 0.349286 0.117188
25 12.75 14 0.180714 0.128147
26 13.25 13 0.195385 0.095165
27 13.75 12 0.187500 0.107369
28 14.25 12 0.031667 0.083093
29 14.75 11 -0.131818 0.154592
30 15.25 6 0.131667 0.168771
31 15.75 0 0.000000 0.000000
32 16.25 0 0.000000 0.000000
33 16.75 0 0.000000 0.000000
34 17.25 0 0.000000 0.000000
35 17.75 0 0.000000 0.000000
36 18.25 0 0.000000 0.000000
37 18.75 0 0.000000 0.000000
38 19.25 0 0.000000 0.000000
39 19.75 0 0.000000 0.000000

0 0.25 295 44.098644 0.011544
1 0.75 116 43.107500 0.030670
2 1.25 96 43.495625 0.034709
3 1.75 46 45.257609 0.079239
4 2.25 55 45.388000 0.055730
5 2.75 45 45.709111 0.086237
6 3.25 50 47.129000 0.071091
7 3.75 37 46.528649 0.107083
8 4.25 38 39.982105 0.113047
9 4.75 36 32.878056 0.089740
10 5.25 40 28.463000 0.068215
11 5.75 44 24.906591 0.051096
12 6.25 23 21.816522 0.107304
13 6.75 32 18.408125 0.055337
14 7.25 22 14.468182 0.088087
15 7.75 20 9.490000 0.093654
16 8.25 21 3.175714 0.203390
17 8.75 16 -0.063750 0.090419
18 9.25 14 -0.602857 0.119067
19 9.75 12 0.775000 0.106863
20 10.25 14 0.454286 0.065712
21 10.75 18 -0.136111 0.075136
22 11.25 15 0.584667 0.054836
23 11.75 19 -0.118421 0.104202
24 12.25 17 -0.321765 0.077460
25 12.75 13 0.512308 0.108627
26 13.25 14 -0.140000 0.134865
27 13.75 12 0.201667 0.133450
28 14.25 13 0.633077 0.146174
29 14.75 12 0.435000 0.049893
30 15.25 9 -0.395556 0.140280
31 15.75 6 -0.316667 0.187462
32 16.25 0 0.000000 0.000000
33 16.75 0 0.000000 0.000000
34 17.25 0 0.000000 0.000000
35 17.75 0 0.000000 0.000000
36 18.25 0 0.000000 0.000000
37 18.75 0 0.000000 0.000000
38 19.25 0 0.000000 0.000000
39 19.75 0 0.000000 0.000000

0 0.25 293 48.076485 0.013317
1 0.75 114 47.824386 0.031053
2 1.25 98 47.152449 0.036207
3 1.75 45 48.342000 0.081470
4 2.25 53 46.956415 0.058394
5 2.75 44 47.922500 0.067000
6 3.25 46 48.923478 0.074358
7 3.75 40 45.986750 0.086937
8 4.25 35 38.480857 0.085435
9 4.75 41 31.978049 0.072164
10 5.25 32 28.698437 0.076553
11 5.75 46 24.754130 0.058878
12 6.25 32 21.392500 0.075537
13 6.75 28 17.697857 0.086465
14 7.25 26 14.033462 0.063859
15 7.75 19 10.132632 0.100997
16 8.25 22 0.495000 0.097137
17 8.75 15 -0.128667 0.087270
18 9.25 17 -0.536471 0.081782
19 9.75 12 0.072500 0.067173
20 10.25 13 -0.184615 0.095730
21 10.75 16 0.549375 0.112559
22 11.25 15 0.155333 0.114297
23 11.75 18 0.186111 0.078861
24 12.25 19 0.165789 0.045818
25 12.75 15 0.116000 0.081026
26 13.25 13 0.249231 0.126631
27 13.75 11 0.346364 0.101338
28 14.25 13 0.164615 0.079401
29 14.75 13 -0.466154 0.078503
30 15.25 10 0.358000 0.249973
31 15.75 11 -0.623636 0.111610
32 16.25 3 -0.346667 0.789045
33 16.75 0 0.000000 0.000000
34 17.25 0 0.000000 0.000000
35 17.75 0 0.000000 0.000000
36 18.25 0 0.000000 0.000000
37 18.75 0 0.000000 0.000000
38 19.25 0 0.000000 0.000000
39 19.75 0 0.000000 0.000000

0 0.25 281 46.555907 0.012486
1 0.75 119 46.724958 0.027857
2 1.25 93 48.290860 0.041353
3 1.75 56 46.935179 0.062905
4 2.25 43 48.744651 0.071808
5 2.75 46 48.505870 0.075151
6 3.25 46 47.392826 0.071746
7 3.75 42 45.347143 0.106313
8 4.25 33 38.043636 0.113225
9 4.75 39 31.596923 0.082666
10 5.25 29 27.734483 0.074784
11 5.75 44 24.085909 0.051756
12 6.25 38 19.893158 0.067447
13 6.75 25 16.755600 0.102894
14 7.25 29 12.135517 0.069680
15 7.75 20 6.271500 0.264713
16 8.25 21 0.196667 0.068327
17 8.75 18 0.754444 0.077528
18 9.25 16 -0.540000 0.076674
19 9.75 10 -0.117000 0.106599
20 10.25 13 -0.590769 0.096933
21 10.75 15 0.203333 0.080858
22 11.25 15 -0.501333 0.094232
23 11.75 14 -0.261429 0.123087
24 12.25 18 -0.302778 0.069019
25 12.75 19 -0.217895 0.081681
26 13.25 14 -0.072143 0.099613
27 13.75 11 -0.449091 0.164693
28 14.25 13 -0.186923 0.108479
29 14.75 13 0.239231 0.148599
30 15.25 10 -0.258000 0.190568
31 15.75 13 -0.098462 0.107324
32 16.25 8 0.058750 0.124911
33 16.75 4 0.772500 0.259289
34 17.25 0 0.000000 0.000000
35 17.75 0 0.000000 0.000000
36 18.25 0 0.000000 0.000000
37 18.75 0 0.000000 0.000000
38 19.25 0 0.000000 0.000000
39 19.75 0 0.000000 0.000000

0 0.25 267 43.343034 0.012669
1 0.75 121 43.055207 0.029772
2 1.25 90 44.261222 0.039224
3 1.75 64 44.567813 0.046483
4 2.25 35 46.152286 0.091386
5 2.75 47 45.614894 0.078887
6 3.25 42 45.555952 0.084813
7 3.75 45 44.940667 0.080437
8 4.25 32 37.474375 0.115278
9 4.75 36 31.663889 0.071136
10 5.25 29 27.795862 0.094467
11 5.75 35 23.029429 0.050339
12 6.25 40 20.017750 0.075539
13 6.75 27 16.097037 0.101183
14 7.25 23 10.871304 0.090407
15 7.75 22 5.565909 0.204033
16 8.25 19 0.588421 0.086092
17 8.75 17 0.672941 0.070745
18 9.25 19 -0.030000 0.051920
19 9.75 11 -0.315455 0.135309
20 10.25 9 -0.573333 0.212445
21 10.75 14 -0.898571 0.113243
22 11.25 13 0.093846 0.080326
23 11.75 15 -0.212667 0.105616
24 12.25 14 -0.327143 0.092029
25 12.75 19 0.561579 0.088893
26 13.25 17 0.124118 0.097471
27 13.75 10 -0.715000 0.211205
28 14.25 12 0.183333 0.109343
29 14.75 14 -0.097857 0.110279
30 15.25 12 -0.347500 0.125860
31 15.75 12 0.390833 0.089567
32 16.25 11 0.019091 0.111946
33 16.75 8 -0.002500 0.143014
34 17.25 2 -0.570000 0.077782
35 17.75 0 0.000000 0.000000
36 18.25 0 0.000000 0.000000
37 18.75 0 0.000000 0.000000
38 19.25 0 0.000000 0.000000
39 19.75 0 0.000000 0.000000

0 0.25 256 39.416758 0.012619
1 0.75 125 39.912800 0.023623
2 1.25 83 41.223614 0.039161
3 1.75 72 40.526389 0.036369
4 2.25 24 42.251667 0.119581
5 2.75 51 43.348431 0.068387
6 3.25 36 44.156389 0.111561
7 3.75 45 43.663778 0.095603
8 4.25 30 36.706333 0.109683
9 4.75 33 31.797879 0.080157
10 5.25 35 27.232000 0.092113
11 5.75 30 22.175333 0.083401
12 6.25 42 18.855476 0.050378
13 6.75 32 14.459063 0.064069
14 7.25 22 10.507273 0.106736
15 7.75 29 1.895517 0.128534
16 8.25 17 -0.414118 0.102739
17 8.75 19 0.043158 0.076085
18 9.25 19 0.196316 0.085222
19 9.75 15 0.286667 0.080449
20 10.25 8 -0.865000 0.136728
21 10.75 12 -0.210000 0.126561
22 11.25 12 0.270833 0.112245
23 11.75 16 0.148125 0.129036
24 12.25 15 0.621333 0.113493
25 12.75 14 1.005000 0.091493
26 13.25 18 0.047222 0.062476
27 13.75 14 -0.307143 0.089215
28 14.25 10 0.448000 0.132145
29 14.75 13 -0.143077 0.095967
30 15.25 11 0.408182 0.067862
31 15.75 13 0.086923 0.117367
32 16.25 12 -0.980833 0.113996
33 16.75 12 0.000000 0.169287
34 17.25 8 -0.096250 0.193794
35 17.75 1 0.180000 0.000000
36 18.25 0 0.000000 0.000000
37 18.75 0 0.000000 0.000000
38 19.25 0 0.000000 0.000000
39 19.75 0 0.000000 0.000000

0 0.25 253 35.624111 0.011930
1 0.75 138 36.085072 0.021399
2 1.25 79 38.172785 0.036249
3 1.75 78 37.378462 0.038681
4 2.25 15 40.902667 0.177296
5 2.75 57 40.238070 0.066802
6 3.25 34 42.276471 0.090410
7 3.75 45 42.647333 0.108311
8 4.25 30 35.475333 0.116055
9 4.75 34 31.522059 0.074032
10 5.25 37 26.972432 0.074339
11 5.75 26 22.251538 0.090964
12 6.25 41 17.522195 0.046025
13 6.75 38 13.369211 0.067211
14 7.25 23 9.159565 0.096099
15 7.75 26 0.115000 0.055240
16 8.25 19 0.590000 0.064590
17 8.75 18 -0.191667 0.072122
18 9.25 21 -0.095714 0.076863
19 9.75 17 0.251176 0.094891
20 10.25 11 -0.478182 0.103163
21 10.75 8 -0.503750 0.257581
22 11.25 12 0.315000 0.182708
23 11.75 16 -0.269375 0.082914
24 12.25 15 0.182667 0.083739
25 12.75 15 0.193333 0.116438
26 13.25 15 -0.216000 0.071915
27 13.75 18 -0.342778 0.079463
28 14.25 11 0.097273 0.139547
29 14.75 12 0.573333 0.156743
30 15.25 12 0.495000 0.130422
31 15.75 14 -0.002857 0.077056
32 16.25 12 -0.664167 0.179104
33 16.75 13 0.863846 0.097453
34 17.25 11 0.156364 0.124931
35 17.75 6 -0.495000 0.188714
36 18.25 1 0.060000 0.000000
37 18.75 0 0.000000 0.000000
38 19.25 0 0.000000 0.000000
39 19.75 0 0.000000 0.000000

0 0.25 248 31.794758 0.011657
1 0.75 146 32.786849 0.016796
2 1.25 79 35.142911 0.034614
3 1.75 78 34.729872 0.037259
4 2.25 10 35.523000 0.283648
5 2.75 58 38.731034 0.053877
6 3.25 32 42.413750 0.130323
7 3.75 46 42.193478 0.076163
8 4.25 32 36.535937 0.102152
9 4.75 35 31.339143 0.084706
10 5.25 34 26.465588 0.080026
11 5.75 27 21.176667 0.089903
12 6.25 34 15.811765 0.063242
13 6.75 43 11.579535 0.053423
14 7.25 27 5.791852 0.154583
15 7.75 24 -0.029167 0.068530
16 8.25 21 0.194286 0.069827
17 8.75 16 -0.255000 0.092594
18 9.25 21 -0.105714 0.071617
19 9.75 19 0.673684 0.079837
20 10.25 15 -0.530000 0.079292
21 10.75 5 -0.620000 0.109882
22 11.25 7 -0.735714 0.180039
23 11.75 14 0.311429 0.094124
24 12.25 14 -0.336429 0.118023
25 12.75 15 -0.051333 0.102681
26 13.25 16 -0.222500 0.085577
27 13.75 15 0.281333 0.093872
28 14.25 13 0.297692 0.148073
29 14.75 9 -0.416667 0.146253
30 15.25 11 0.281818 0.177922
31 15.75 13 -0.763077 0.115829
32 16.25 13 -0.222308 0.079563
33 16.75 15 -0.141333 0.128601
34 17.25 12 1.189167 0.180065
35 17.75 9 -0.006667 0.188020
36 18.25 6 0.025000 0.160460
37 18.75 2 -0.295000 0.844993
38 19.25 0 0.000000 0.000000
39 19.75 0 0.000000 0.000000

0 0.25 243 28.084774 0.011237
1 0.75 153 29.295294 0.015801
2 1.25 78 31.903077 0.031431
3 1.75 67 31.887015 0.042637
4 2.25 12 33.408333 0.293569
5 2.75 55 35.738909 0.058218
6 3.25 31 39.380968 0.153632
7 3.75 43 40.442093 0.089776
8 4.25 35 35.368286 0.081109
9 4.75 31 29.657419 0.094423
10 5.25 33 25.671212 0.084280
11 5.75 28 20.693214 0.093625
12 6.25 27 14.594074 0.090164
13 6.75 39 10.301538 0.053392
14 7.25 34 2.474118 0.125199
15 7.75 24 0.147917 0.047716
16 8.25 21 0.418095 0.081822
17 8.75 17 0.280000 0.108557
18 9.25 18 0.011111 0.056936
19 9.75 19 0.182105 0.042637
20 10.25 18 -0.125000 0.051582
21 10.75 12 0.334167 0.107032
22 11.25 2 -0.685000 0.392444
23 11.75 12 0.241667 0.089758
24 12.25 13 -0.035385 0.106562
25 12.75 14 -0.305000 0.108151
26 13.25 15 0.251333 0.102928
27 13.75 15 0.265333 0.113885
28 14.25 15 0.338000 0.101727
29 14.75 12 -0.057500 0.109721
30 15.25 9 0.361111 0.138744
31 15.75 11 -0.377273 0.136922
32 16.25 12 -0.038333 0.088810
33 16.75 14 -0.107857 0.102184
34 17.25 13 -0.216154 0.122232
35 17.75 11 -0.375455 0.094778
36 18.25 11 0.163636 0.112617
37 18.75 7 0.761429 0.246512
38 19.25 0 0.000000 0.000000
39 19.75 0 0.000000 0.000000

0 0.25 236 27.130551 0.010353
1 0.75 159 27.886730 0.015370
2 1.25 76 29.905526 0.030648
3 1.75 63 31.619048 0.043375
4 2.25 19 32.766842 0.119327
5 2.75 49 34.774490 0.051595
6 3.25 35 38.490571 0.099766
7 3.75 37 40.428378 0.100702
8 4.25 41 35.607073 0.069458
9 4.75 27 29.617037 0.086844
10 5.25 34 24.613235 0.064068
11 5.75 31 19.710323 0.073562
12 6.25 24 14.354167 0.079054
13 6.75 34 9.954412 0.068846
14 7.25 40 -0.405500 0.037625
15 7.75 25 0.058400 0.063015
16 8.25 22 0.369545 0.057212
17 8.75 18 0.208333 0.075619
18 9.25 16 -0.222500 0.113382
19 9.75 18 -0.169444 0.081623
20 10.25 21 -0.380952 0.069815
21 10.75 16 -0.381875 0.112557
22 11.25 6 0.416667 0.177735
23 11.75 5 -0.010000 0.275507
24 12.25 11 -0.043636 0.126118
25 12.75 14 -0.497857 0.129281
26 13.25 15 -0.028667 0.133056
27 13.75 15 -0.030667 0.076210
28 14.25 16 -0.079375 0.088597
29 14.75 12 -0.480833 0.117418
30 15.25 11 0.048182 0.074032
31 15.75 10 -0.266000 0.180700
32 16.25 11 -0.381818 0.130658
33 16.75 14 -0.098571 0.159463
34 17.25 13 -0.187692 0.095314
35 17.75 11 -0.498182 0.202651
36 18.25 13 0.260769 0.140670
37 18.75 11 -0.484545 0.133030
38 19.25 6 1.205000 0.135227
39 19.75 0 0.000000 0.000000

0 0.25 238 27.029160 0.009480
1 0.75 157 27.661019 0.016363
2 1.25 68 29.723529 0.038294
3 1.75 62 30.759677 0.048440
4 2.25 30 32.100667 0.086024
5 2.75 37 34.356486 0.093976
6 3.25 44 38.883409 0.081873
7 3.75 32 40.428125 0.113811
8 4.25 43 34.582326 0.074980
9 4.75 23 28.805652 0.130478
10 5.25 34 24.803235 0.066646
11 5.75 34 19.334412 0.070910
12 6.25 24 14.219167 0.089308
13 6.75 28 10.163929 0.081037
14 7.25 41 -0.312195 0.036036
15 7.75 27 -0.172222 0.053794
16 8.25 24 -0.247917 0.067024
17 8.75 19 -0.295789 0.064450
18 9.25 14 -0.536429 0.125541
19 9.75 17 0.298235 0.116503
20 10.25 21 -0.452857 0.057608
21 10.75 19 -0.074737 0.067651
22 11.25 13 1.225385 0.085980
23 11.75 2 1.705000 0.144957
24 12.25 7 0.794286 0.204676
25 12.75 10 -0.437000 0.132234
26 13.25 15 0.082000 0.099644
27 13.75 14 0.007857 0.106056
28 14.25 18 0.185556 0.069744
29 14.75 12 0.273333 0.059899
30 15.25 12 -0.776667 0.123663
31 15.75 8 -0.028750 0.249166
32 16.25 9 0.642222 0.149676
33 16.75 13 0.840769 0.097010
34 17.25 12 -0.269167 0.157854
35 17.75 12 -0.561667 0.144605
36 18.25 14 0.057857 0.116320
37 18.75 13 0.277692 0.116117
38 19.25 8 0.231250 0.193858
39 19.75 7 0.304286 0.203692

0 0.25 241 27.429710 0.009661
1 0.75 152 27.819737 0.016270
2 1.25 62 29.549032 0.038364
3 1.75 62 31.514516 0.046585
4 2.25 41 32.257561 0.057100
5 2.75 26 34.150000 0.078957
6 3.25 52 39.515577 0.089961
7 3.75 24 39.903333 0.105848
8 4.25 47 34.137660 0.072530
9 4.75 20 28.279000 0.133519
10 5.25 31 25.016452 0.095850
11 5.75 31 20.138387 0.076907
12 6.25 24 15.020417 0.126732
13 6.75 27 9.214444 0.079630
14 7.25 39 -0.026410 0.039127
15 7.75 33 -0.011818 0.047705
16 8.25 23 0.019565 0.062502
17 8.75 22 -0.041364 0.068376
18 9.25 14 0.117857 0.137821
19 9.75 15 0.240667 0.073324
20 10.25 20 0.418000 0.047299
21 10.75 21 -0.055714 0.079700
22 11.25 16 0.260625 0.093060
23 11.75 6 1.523333 0.236610
24 12.25 1 0.080000 0.000000
25 12.75 8 0.186250 0.150351
26 13.25 13 0.163846 0.103798
27 13.75 14 -0.362857 0.098124
28 14.25 17 0.214706 0.110792
29 14.75 15 0.365333 0.087590
30 15.25 14 -0.074286 0.132097
31 15.75 10 0.693000 0.181037
32 16.25 7 0.048571 0.154544
33 16.75 11 1.082727 0.166271
34 17.25 12 -0.251667 0.113677
35 17.75 11 0.084545 0.122691
36 18.25 15 0.130000 0.085686
37 18.75 14 -0.145000 0.082713
38 19.25 11 -0.808182 0.186641
39 19.75 11 0.230909 0.124422

0 0.25 235 27.131021 0.009907
1 0.75 143 27.683706 0.016604
2 1.25 61 29.284262 0.040882
3 1.75 63 31.128571 0.040945
4 2.25 48 32.064583 0.049319
5 2.75 18 35.758889 0.173650
6 3.25 54 40.286296 0.059207
7 3.75 21 39.914286 0.224594
8 4.25 46 35.559565 0.074258
9 4.75 23 30.950870 0.106864
10 5.25 27 24.402963 0.098530
11 5.75 33 19.626667 0.074246
12 6.25 22 15.424545 0.144431
13 6.75 23 9.698261 0.095823
14 7.25 33 -0.179697 0.057542
15 7.75 40 -0.216250 0.046935
16 8.25 23 -0.290870 0.063423
17 8.75 21 0.059048 0.073199
18 9.25 17 0.495294 0.079253
19 9.75 12 -0.181667 0.131954
20 10.25 18 0.503333 0.069703
21 10.75 20 0.771000 0.052585
22 11.25 19 0.177895 0.085037
23 11.75 14 -0.067143 0.070089
24 12.25 2 -0.905000 0.166170
25 12.75 3 -0.770000 0.167365
26 13.25 9 0.510000 0.135214
27 13.75 12 0.473333 0.129707
28 14.25 17 0.765294 0.084471
29 14.75 15 -0.236000 0.119164
30 15.25 15 -0.188667 0.118691
31 15.75 12 0.033333 0.104147
32 16.25 10 0.663000 0.234423
33 16.75 8 0.363750 0.244376
34 17.25 10 1.419000 0.108727
35 17.75 10 -0.516000 0.110409
36 18.25 14 0.020000 0.108209
37 18.75 14 -0.164286 0.106879
38 19.25 11 -0.305455 0.104232
39 19.75 12 0.369167 0.172663

0 0.25 236 26.988390 0.010709
1 0.75 130 27.658000 0.018439
2 1.25 61 29.439344 0.046959
3 1.75 63 30.571429 0.040885
4 2.25 59 32.358814 0.047839
5 2.75 8 35.752500 0.229041
6 3.25 56 39.635179 0.066779
7 3.75 19 41.530000 0.151334
8 4.25 43 35.170698 0.060752
9 4.75 34 30.087059 0.096767
10 5.25 19 24.813158 0.099642
11 5.75 35 19.917714 0.070358
12 6.25 28 15.293571 0.088008
13 6.75 19 8.947368 0.096632
14 7.25 30 0.127667 0.039885
15 7.75 33 0.064545 0.042535
16 8.25 28 -0.417143 0.064082
17 8.75 22 0.932727 0.069688
18 9.25 21 -0.317143 0.072623
19 9.75 9 0.007778 0.178241
20 10.25 16 0.613750 0.081079
21 10.75 20 0.180500 0.061213
22 11.25 18 0.047778 0.077650
23 11.75 17 -0.482353 0.077642
24 12.25 10 -0.507000 0.149454
25 12.75 0 0.000000 0.000000
26 13.25 4 0.170000 0.257253
27 13.75 11 -0.124545 0.148388
28 14.25 17 -0.310000 0.117614
29 14.75 14 -0.285000 0.078018
30 15.25 15 0.053333 0.110996
31 15.75 14 -0.072857 0.098397
32 16.25 12 0.395000 0.143507
33 16.75 6 -0.340000 0.158721
34 17.25 8 0.121250 0.236926
35 17.75 8 -0.001250 0.249477
36 18.25 14 -0.212857 0.088838
37 18.75 14 0.001429 0.107540
38 19.25 11 0.403636 0.148271
39 19.75 14 -0.239286 0.121287

0 0.25 240 26.787750 0.010078
1 0.75 123 28.141626 0.021193
2 1.25 64 29.793750 0.039674
3 1.75 65 30.836462 0.042233
4 2.25 71 31.898028 0.036250
5 2.75 3 34.780000 1.208346
6 3.25 54 40.287407 0.057924
7 3.75 24 42.198750 0.124355
8 4.25 37 34.690541 0.073790
9 4.75 41 30.208293 0.067709
10 5.25 12 24.514167 0.219955
11 5.75 34 19.730000 0.076037
12 6.25 32 14.485000 0.064442
13 6.75 16 9.213125 0.140588
14 7.25 30 0.281667 0.051599
15 7.75 31 -0.274194 0.046505
16 8.25 34 0.031176 0.041776
17 8.75 22 0.070000 0.080507
18 9.25 23 -0.076957 0.067731
19 9.75 15 -0.383333 0.086528
20 10.25 9 -0.840000 0.236733
21 10.75 19 0.462632 0.072599
22 11.25 19 -0.073684 0.081144
23 11.75 19 0.000526 0.106187
24 12.25 16 -0.296250 0.111471
25 12.75 2 -1.690000 0.148492
26 13.25 0 0.000000 0.000000
27 13.75 5 -0.686000 0.368165
28 14.25 14 -0.066429 0.102295
29 14.75 13 0.633077 0.140822
30 15.25 15 -0.565333 0.123773
31 15.75 14 0.284286 0.064506
32 16.25 15 -0.520667 0.113830
33 16.75 11 -0.010000 0.142501
34 17.25 4 1.175000 0.511593
35 17.75 6 -0.618333 0.230513
36 18.25 12 -0.149167 0.134383
37 18.75 12 0.063333 0.127815
38 19.25 10 0.553000 0.195020
39 19.75 14 -0.560714 0.098115

0 0.25 238 26.991092 0.009915
1 0.75 110 27.992455 0.022757
2 1.25 61 29.094098 0.037430
3 1.75 66 30.737727 0.037886
4 2.25 78 32.323333 0.028744
5 2.75 0 0.000000 0.000000
6 3.25 43 40.810000 0.096249
7 3.75 34 41.044118 0.117503
8 4.25 29 33.998966 0.091860
9 4.75 44 29.312045 0.057248
10 5.25 12 25.314167 0.264144
11 5.75 30 19.080667 0.086239
12 6.25 34 14.938824 0.064956
13 6.75 14 9.830000 0.206465
14 7.25 24 -0.140417 0.078662
15 7.75 27 0.156296 0.058669
16 8.25 34 0.307941 0.042344
17 8.75 24 0.219167 0.063600
18 9.25 24 -0.247917 0.072538
19 9.75 19 0.346842 0.077638
20 10.25 8 -0.215000 0.185096
21 10.75 17 -0.038235 0.093842
22 11.25 17 0.422353 0.100408
23 11.75 18 0.081667 0.096236
24 12.25 19 -0.366842 0.092785
25 12.75 11 0.063636 0.086014
26 13.25 0 0.000000 0.000000
27 13.75 0 0.000000 0.000000
28 14.25 10 -0.658000 0.108553
29 14.75 12 1.405833 0.110968
30 15.25 13 0.738462 0.091741
31 15.75 14 -0.386429 0.093310
32 16.25 16 0.026875 0.089622
33 16.75 14 -0.177143 0.125923
34 17.25 8 -0.490000 0.187747
35 17.75 1 -1.200000 0.000000
36 18.25 9 -0.756667 0.151891
37 18.75 11 -0.212727 0.142307
38 19.25 10 0.271000 0.114014
39 19.75 13 0.073846 0.106976

0 0.25 239 26.816151 0.009999
1 0.75 101 27.701287 0.026996
2 1.25 65 29.093077 0.040559
3 1.75 73 30.974521 0.034802
4 2.25 78 32.745769 0.038315
5 2.75 3 36.180000 0.365209
6 3.25 33 41.815152 0.128573
7 3.75 46 40.860870 0.070631
8 4.25 17 34.660588 0.131209
9 4.75 47 29.863830 0.064383
10 5.25 17 25.690000 0.125407
11 5.75 21 19.648095 0.114273
12 6.25 36 14.608056 0.076016
13 6.75 24 10.202083 0.089666
14 7.25 21 0.190000 0.069972
15 7.75 29 0.196897 0.049616
16 8.25 30 -0.074000 0.044124
17 8.75 28 0.234286 0.055188
18 9.25 25 -0.417600 0.053336
19 9.75 21 -0.358095 0.078371
20 10.25 12 -0.577500 0.137339
21 10.75 10 0.246000 0.117459
22 11.25 16 0.453125 0.067006
23 11.75 19 -0.074211 0.097146
24 12.25 20 -0.310000 0.083170
25 12.75 15 -0.044000 0.067656
26 13.25 5 -0.224000 0.358323
27 13.75 0 0.000000 0.000000
28 14.25 2 -0.480000 0.961665
29 14.75 10 -0.544000 0.122457
30 15.25 13 0.377692 0.129977
31 15.75 14 0.487143 0.107360
32 16.25 15 0.101333 0.089048
33 16.75 17 -0.219412 0.093121
34 17.25 11 -0.585455 0.112300
35 17.75 8 0.493750 0.087874
36 18.25 2 0.850000 1.187939
37 18.75 8 0.615000 0.170264
38 19.25 8 -0.925000 0.128874
39 19.75 12 -0.408333 0.131089

