28.92 33.56 36.83 44.35 31.93 16.94 2.36 nan nan nan nan nan nan nan nan nan nan 
23.70 29.42 35.97 44.85 29.64 16.98 5.44 31.25 nan nan nan nan nan nan nan nan nan 
24.89 28.56 33.51 43.24 28.85 17.83 7.70 3.92 nan nan nan nan nan nan nan nan nan 
38.14 31.11 25.03 36.03 35.35 25.88 6.71 -1.34 nan nan nan nan nan nan nan nan nan 
22.60 31.44 34.15 39.55 29.26 20.33 13.34 5.05 29.48 nan nan nan nan nan nan nan nan 
30.37 27.43 38.39 43.48 22.62 24.68 9.08 -3.65 -0.94 nan nan nan nan nan nan nan nan 
29.08 33.51 27.29 34.09 33.61 22.77 5.82 2.99 3.93 22.91 nan nan nan nan nan nan nan 
31.78 33.71 37.62 48.37 29.44 24.99 20.99 12.22 8.18 -0.67 nan nan nan nan nan nan nan 
25.77 32.80 43.62 38.63 37.01 27.93 19.49 12.10 5.99 7.81 24.59 nan nan nan nan nan nan 
27.27 28.82 42.31 35.47 39.55 22.67 26.60 15.05 3.59 1.62 21.97 nan nan nan nan nan nan 
24.64 33.85 40.33 44.59 39.19 28.68 23.98 11.56 8.95 1.12 5.27 nan nan nan nan nan nan 
18.27 29.25 45.43 37.33 34.88 27.90 26.18 16.49 8.18 -2.74 1.44 22.94 nan nan nan nan nan 
27.86 31.65 35.94 35.21 27.05 28.30 18.14 16.98 10.11 -2.48 -4.32 -5.21 nan nan nan nan nan 
28.94 31.33 36.19 40.04 27.87 30.40 23.59 12.98 10.75 -1.34 -0.38 -5.00 26.35 nan nan nan nan 
23.04 31.16 42.02 39.64 40.22 22.58 23.05 18.76 8.67 0.86 -6.68 2.87 -1.25 nan nan nan nan 
26.73 33.03 37.97 41.53 29.54 28.02 22.09 16.20 7.00 -3.31 2.77 -1.12 -1.45 22.32 nan nan nan 
18.57 34.42 30.05 43.25 34.15 26.68 20.97 14.28 10.20 -0.52 0.51 -1.09 0.99 0.00 nan nan nan 
32.22 28.70 30.76 35.40 29.42 21.66 5.20 4.25 -2.21 1.75 5.96 4.31 -0.87 -0.89 nan nan nan 
22.57 27.11 29.13 33.71 33.76 15.64 10.42 -1.45 -1.37 1.16 0.98 -0.24 -2.96 3.88 0.00 nan nan 
0.00 0.00 0.00 0.00 0.00 0.00 0.00 0.00 0.00 0.00 0.00 0.00 0.00 0.00 0.00 nan nan 
0.00 0.00 0.00 0.00 0.00 0.00 0.00 0.00 0.00 0.00 0.00 0.00 0.00 0.00 0.00 0.00 nan 
0.00 0.00 0.00 0.00 0.00 0.00 0.00 0.00 0.00 0.00 0.00 0.00 0.00 0.00 0.00 0.00 nan 
0.00 0.00 0.00 0.00 0.00 0.00 0.00 0.00 0.00 0.00 0.00 0.00 0.00 0.00 0.00 nan nan 
0.00 0.00 0.00 0.00 0.00 0.00 0.00 0.00 0.00 0.00 0.00 0.00 0.00 nan nan nan nan 
0.00 0.00 0.00 0.00 0.00 0.00 0.00 0.00 0.00 nan nan nan nan nan nan nan nan 
0.00 0.00 nan nan nan nan nan nan nan nan nan nan nan nan nan nan nan 
