31.61 0.00 0.00 0.00 27.87 nan nan nan nan nan nan nan nan nan nan 
31.61 0.00 0.00 0.00 0.00 nan nan nan nan nan nan nan nan nan nan 
31.61 0.00 0.00 0.00 0.00 nan nan nan nan nan nan nan nan nan nan 
31.61 0.00 0.00 0.00 0.00 27.87 nan nan nan nan nan nan nan nan nan 
26.86 36.66 0.00 0.00 0.00 0.00 nan nan nan nan nan nan nan nan nan 
26.86 36.66 0.00 0.00 0.00 0.00 nan nan nan nan nan nan nan nan nan 
26.86 36.66 0.00 0.00 0.00 0.00 27.46 nan nan nan nan nan nan nan nan 
26.19 33.44 35.79 43.05 31.19 18.91 9.11 nan nan nan nan nan nan nan nan 
27.73 31.11 32.93 43.40 27.83 18.58 10.58 nan nan nan nan nan nan nan nan 
26.29 27.61 31.74 49.69 34.04 23.60 5.78 30.01 nan nan nan nan nan nan nan 
28.27 31.09 33.49 39.53 33.10 22.26 7.85 0.76 nan nan nan nan nan nan nan 
23.45 33.30 30.86 39.46 28.37 25.79 13.82 -0.12 28.46 nan nan nan nan nan nan 
27.03 32.85 33.24 47.25 31.38 18.18 8.71 -3.29 23.13 nan nan nan nan nan nan 
23.86 32.44 35.41 43.17 35.21 20.88 13.97 -0.89 -1.32 nan nan nan nan nan nan 
27.91 32.66 33.07 41.73 30.13 18.05 11.21 0.37 0.62 40.60 nan nan nan nan nan 
49.81 42.62 48.28 43.25 34.44 25.80 17.59 8.68 -1.33 44.34 nan nan nan nan nan 
42.61 45.71 48.77 41.60 31.00 25.67 16.76 5.87 -0.76 -0.17 nan nan nan nan nan 
40.38 44.57 42.33 47.95 36.71 26.73 16.45 7.59 -1.94 0.84 45.94 nan nan nan nan 
42.93 43.27 37.86 41.86 29.38 25.15 17.41 10.91 0.03 2.75 37.80 nan nan nan nan 
40.89 36.95 44.07 46.44 30.84 25.52 13.82 -1.64 -0.12 -2.60 -1.37 nan nan nan nan 
40.49 39.06 38.83 41.17 32.53 24.86 15.87 5.44 -0.94 0.53 -1.01 34.65 nan nan nan 
37.65 42.22 36.27 34.39 32.85 19.57 16.84 9.25 0.49 0.39 0.28 41.39 nan nan nan 
44.55 38.28 41.10 39.09 35.15 18.06 17.02 -0.28 -3.93 2.10 0.04 0.95 nan nan nan 
38.86 35.76 33.75 31.29 29.91 21.95 14.97 7.13 -0.37 -0.80 0.79 -0.07 13.81 nan nan 
30.86 36.67 34.39 31.10 26.92 20.93 14.64 7.86 0.37 -0.68 -1.79 0.10 0.00 nan nan 
20.57 19.29 17.36 30.46 29.42 21.58 16.25 -0.23 0.93 1.67 -1.91 -1.17 0.82 nan nan 
0.00 0.00 0.00 0.00 0.00 0.00 0.00 0.00 0.00 0.00 0.00 0.00 0.00 0.00 nan 
0.00 0.00 0.00 0.00 0.00 0.00 0.00 0.00 0.00 0.00 0.00 0.00 0.00 0.00 nan 
0.00 0.00 0.00 0.00 0.00 0.00 0.00 0.00 0.00 0.00 0.00 0.00 0.00 0.00 nan 
0.00 0.00 0.00 0.00 0.00 0.00 0.00 0.00 0.00 0.00 0.00 0.00 0.00 0.00 0.00 
0.00 0.00 0.00 0.00 0.00 0.00 0.00 0.00 0.00 0.00 0.00 0.00 0.00 0.00 0.00 
0.00 0.00 0.00 0.00 0.00 0.00 0.00 0.00 0.00 0.00 0.00 0.00 nan nan nan 
0.00 0.00 0.00 0.00 0.00 0.00 0.00 0.00 nan nan nan nan nan nan nan 
nan nan nan nan nan nan nan nan nan nan nan nan nan nan nan 
