29.07 29.50 28.95 0.00 0.00 0.00 28.83 nan nan nan nan nan nan nan 
29.13 30.97 32.69 49.64 32.37 21.05 9.19 nan nan nan nan nan nan nan 
28.41 30.04 34.47 43.64 27.30 20.73 13.51 27.98 nan nan nan nan nan nan 
25.40 31.03 35.67 42.12 27.10 19.05 11.44 30.53 nan nan nan nan nan nan 
30.41 32.22 32.86 45.78 36.65 23.94 12.60 -1.36 nan nan nan nan nan nan 
24.06 28.61 31.41 47.33 33.61 19.88 8.51 0.80 nan nan nan nan nan nan 
21.55 30.61 30.95 37.81 27.14 19.92 12.18 -0.16 26.63 nan nan nan nan nan 
25.04 33.80 34.91 39.41 23.46 24.28 8.59 -2.46 28.94 nan nan nan nan nan 
32.62 31.98 38.05 42.18 29.87 23.43 8.49 -2.09 -0.46 nan nan nan nan nan 
28.19 30.63 35.15 46.75 28.95 17.43 10.57 -0.74 0.55 24.96 nan nan nan nan 
33.23 36.46 33.07 43.26 25.69 21.83 10.01 0.96 -0.71 25.10 nan nan nan nan 
25.83 35.43 29.85 38.36 31.92 20.75 7.79 0.06 -0.82 0.26 nan nan nan nan 
20.06 33.11 35.68 34.55 30.77 20.73 11.94 -0.13 -1.84 0.64 27.77 nan nan nan 
31.44 29.29 29.25 36.43 29.98 19.62 13.58 1.98 1.06 0.91 27.19 nan nan nan 
28.00 27.42 30.21 43.07 29.44 27.14 8.89 -3.50 1.24 0.13 -2.10 nan nan nan 
25.11 28.00 30.52 41.90 28.50 20.22 8.22 0.29 -0.88 -0.46 -3.03 29.09 nan nan 
27.05 29.98 37.04 36.93 31.68 21.94 10.97 2.93 1.34 2.72 -0.59 21.87 nan nan 
29.39 28.40 30.46 44.24 34.29 19.82 12.08 -1.76 0.73 2.11 3.58 31.75 nan nan 
27.42 31.84 31.84 40.89 26.60 23.38 9.22 0.61 0.44 0.17 -0.38 -0.14 nan nan 
28.79 26.53 31.07 38.78 30.17 22.88 8.36 -0.17 2.30 0.00 0.63 -1.73 0.00 nan 
0.00 0.00 0.00 0.00 0.00 0.00 0.00 0.00 0.00 0.00 0.00 0.00 0.00 nan 
0.00 0.00 0.00 0.00 0.00 0.00 0.00 0.00 0.00 0.00 0.00 0.00 0.00 nan 
0.00 0.00 0.00 0.00 0.00 0.00 0.00 0.00 0.00 0.00 0.00 0.00 0.00 0.00 
0.00 0.00 0.00 0.00 0.00 0.00 0.00 0.00 0.00 0.00 0.00 0.00 0.00 0.00 
0.00 0.00 0.00 0.00 0.00 0.00 0.00 0.00 0.00 0.00 0.00 0.00 0.00 nan 
0.00 0.00 0.00 0.00 0.00 0.00 0.00 0.00 0.00 nan nan nan nan nan 
nan nan nan nan nan nan nan nan nan nan nan nan nan nan 
