31.04 0.00 0.00 0.00 nan nan nan nan nan nan nan nan nan nan nan nan 
25.06 0.00 0.00 0.00 nan nan nan nan nan nan nan nan nan nan nan nan 
25.06 0.00 0.00 0.00 0.00 nan nan nan nan nan nan nan nan nan nan nan 
27.51 0.00 0.00 0.00 0.00 nan nan nan nan nan nan nan nan nan nan nan 
27.51 0.00 0.00 0.00 0.00 18.84 nan nan nan nan nan nan nan nan nan nan 
27.51 0.00 0.00 0.00 0.00 0.00 nan nan nan nan nan nan nan nan nan nan 
27.51 0.00 0.00 0.00 0.00 0.00 nan nan nan nan nan nan nan nan nan nan 
27.51 0.00 0.00 0.00 0.00 0.00 29.84 nan nan nan nan nan nan nan nan nan 
19.52 31.19 33.59 47.27 32.13 19.05 8.97 nan nan nan nan nan nan nan nan nan 
27.59 29.66 32.27 39.38 29.15 24.86 -0.01 29.72 nan nan nan nan nan nan nan nan 
34.68 34.58 35.13 42.69 26.30 16.87 9.32 -2.41 nan nan nan nan nan nan nan nan 
20.72 32.07 28.99 37.99 31.45 18.07 16.21 2.03 nan nan nan nan nan nan nan nan 
30.37 38.28 32.60 44.24 33.30 27.03 11.45 -0.51 25.50 nan nan nan nan nan nan nan 
23.02 28.99 36.13 39.95 33.46 22.47 8.38 0.55 3.50 nan nan nan nan nan nan nan 
25.96 33.45 36.03 43.20 27.36 20.80 14.78 0.36 0.55 25.95 nan nan nan nan nan nan 
32.22 30.33 32.21 40.78 33.33 22.13 14.19 3.48 -1.32 4.99 nan nan nan nan nan nan 
26.93 26.61 35.59 38.23 31.95 27.13 14.16 -0.21 -1.88 4.24 nan nan nan nan nan nan 
27.86 25.58 30.10 40.21 33.36 20.49 14.20 2.31 0.25 4.88 26.96 nan nan nan nan nan 
23.11 29.31 32.32 42.92 30.85 26.73 18.56 1.29 2.04 -1.22 -2.53 nan nan nan nan nan 
27.67 36.06 34.41 38.44 27.38 16.63 15.79 -3.29 -0.45 5.86 -1.80 26.17 nan nan nan nan 
37.19 40.05 35.79 42.66 27.66 25.84 12.35 -0.30 -1.89 -0.07 0.51 19.22 nan nan nan nan 
24.43 31.90 30.96 44.40 28.67 20.41 8.36 -1.31 0.85 -4.06 0.59 -2.95 29.02 nan nan nan 
25.51 27.92 28.07 46.58 29.12 20.98 14.46 2.00 -3.59 1.77 -0.28 -1.36 25.07 nan nan nan 
21.33 29.92 28.30 46.72 27.11 25.79 5.84 -1.49 -3.72 7.58 1.05 0.20 2.81 nan nan nan 
32.06 33.35 27.08 39.13 24.54 24.11 5.43 -1.87 1.73 -3.95 1.81 1.75 -4.12 0.00 nan nan 
26.26 25.61 25.47 34.04 33.06 20.71 13.59 1.03 1.50 -6.13 1.65 2.72 3.12 0.00 nan nan 
0.00 0.00 0.00 0.00 0.00 0.00 0.00 0.00 0.00 0.00 0.00 0.00 0.00 0.00 0.00 nan 
0.00 0.00 0.00 0.00 0.00 0.00 0.00 0.00 0.00 0.00 0.00 0.00 0.00 0.00 0.00 nan 
0.00 0.00 0.00 0.00 0.00 0.00 0.00 0.00 0.00 0.00 0.00 0.00 0.00 0.00 0.00 nan 
0.00 0.00 0.00 0.00 0.00 0.00 0.00 0.00 0.00 0.00 0.00 0.00 0.00 0.00 0.00 0.00 
0.00 0.00 0.00 0.00 0.00 0.00 0.00 0.00 0.00 0.00 0.00 0.00 0.00 nan nan nan 
0.00 0.00 0.00 0.00 0.00 0.00 0.00 0.00 0.00 0.00 nan nan nan nan nan nan 
0.00 0.00 0.00 0.00 nan nan nan nan nan nan nan nan nan nan nan nan 
