27.25 32.58 0.00 0.00 0.00 27.99 nan nan nan nan nan nan nan nan 
27.25 31.72 0.00 0.00 0.00 0.00 nan nan nan nan nan nan nan nan 
27.25 31.72 0.00 0.00 0.00 0.00 nan nan nan nan nan nan nan nan 
27.25 31.72 0.00 0.00 0.00 0.00 27.99 nan nan nan nan nan nan nan 
27.25 31.72 0.00 0.00 0.00 0.00 0.00 nan nan nan nan nan nan nan 
22.59 31.72 0.00 0.00 0.00 0.00 0.00 nan nan nan nan nan nan nan 
24.74 30.04 31.77 40.75 33.69 23.05 11.60 30.08 nan nan nan nan nan nan 
27.00 29.07 34.63 44.16 27.13 19.03 9.02 22.21 nan nan nan nan nan nan 
30.22 39.88 34.03 39.20 30.16 19.70 8.64 -1.21 nan nan nan nan nan nan 
32.43 29.83 38.64 42.03 26.35 22.46 8.12 -1.04 nan nan nan nan nan nan 
29.28 31.67 34.13 40.25 31.29 21.33 10.36 2.61 24.19 nan nan nan nan nan 
27.48 32.46 29.65 48.55 30.16 18.04 10.10 1.42 28.57 nan nan nan nan nan 
26.37 35.08 31.32 42.43 29.86 20.19 9.69 -1.76 2.00 nan nan nan nan nan 
24.13 26.70 33.61 44.99 36.37 21.11 9.58 2.28 -2.50 29.22 nan nan nan nan 
24.43 32.07 34.51 40.70 31.96 21.45 13.78 0.63 0.66 25.28 nan nan nan nan 
29.00 35.04 31.07 36.50 35.03 16.78 14.06 0.25 1.02 -1.30 nan nan nan nan 
24.86 27.89 36.62 39.27 31.82 24.72 9.29 -3.37 1.18 0.61 29.18 nan nan nan 
31.43 28.14 34.43 38.70 27.84 24.43 7.89 0.12 0.34 0.86 29.68 nan nan nan 
24.84 29.26 31.38 45.25 30.04 20.17 9.27 -1.51 0.25 -1.71 26.36 nan nan nan 
26.89 35.15 34.68 37.76 35.19 21.34 12.11 0.44 -2.97 -0.05 0.72 nan nan nan 
25.08 32.68 37.59 43.14 30.03 25.21 11.50 0.06 -1.28 2.12 1.30 24.36 nan nan 
26.19 32.09 28.94 35.54 27.19 22.63 9.19 0.08 0.35 -0.46 0.64 26.62 nan nan 
27.25 28.74 33.88 44.44 31.83 23.39 13.79 1.50 1.03 2.16 -1.01 29.20 nan nan 
25.92 33.45 32.29 31.49 33.62 19.02 15.57 1.19 -1.48 0.55 1.94 1.34 0.00 nan 
32.28 29.14 33.88 34.55 26.16 18.85 12.85 -2.23 -0.95 -0.32 1.09 -0.80 0.00 nan 
0.00 0.00 0.00 0.00 0.00 0.00 0.00 0.00 0.00 0.00 0.00 0.00 0.00 nan 
0.00 0.00 0.00 0.00 0.00 0.00 0.00 0.00 0.00 0.00 0.00 0.00 0.00 nan 
0.00 0.00 0.00 0.00 0.00 0.00 0.00 0.00 0.00 0.00 0.00 0.00 0.00 0.00 
0.00 0.00 0.00 0.00 0.00 0.00 0.00 0.00 0.00 0.00 0.00 0.00 0.00 0.00 
0.00 0.00 0.00 0.00 0.00 0.00 0.00 0.00 0.00 0.00 0.00 0.00 0.00 0.00 
0.00 0.00 0.00 0.00 0.00 0.00 0.00 0.00 0.00 0.00 0.00 0.00 nan nan 
0.00 0.00 0.00 0.00 0.00 0.00 0.00 nan nan nan nan nan nan nan 
nan nan nan nan nan nan nan nan nan nan nan nan nan nan 
