28.42 29.37 37.47 43.97 30.38 25.09 7.74 nan nan nan nan nan nan nan nan nan 
26.54 24.11 36.93 43.90 30.05 17.16 8.21 24.95 nan nan nan nan nan nan nan nan 
23.79 29.31 34.24 44.30 31.22 15.71 9.69 26.69 nan nan nan nan nan nan nan nan 
33.19 37.72 31.16 47.73 24.28 23.13 7.62 6.67 nan nan nan nan nan nan nan nan 
27.81 35.48 30.65 50.84 33.05 17.18 9.93 0.74 27.21 nan nan nan nan nan nan nan 
24.57 25.27 29.25 47.55 36.01 20.96 11.04 -6.70 -2.65 nan nan nan nan nan nan nan 
30.68 38.73 31.56 38.15 27.85 21.18 9.25 0.54 1.27 nan nan nan nan nan nan nan 
25.16 26.85 26.99 49.53 31.03 19.21 12.55 3.81 2.31 44.97 nan nan nan nan nan nan 
42.68 35.82 49.79 49.34 38.46 23.12 22.37 12.13 -0.37 -2.92 nan nan nan nan nan nan 
41.93 51.74 43.82 46.16 29.32 29.75 21.21 16.17 -0.59 4.92 45.25 nan nan nan nan nan 
48.48 35.04 45.89 41.64 22.72 27.11 19.27 10.64 0.65 1.28 37.55 nan nan nan nan nan 
44.08 43.24 42.46 41.17 34.86 24.62 9.91 14.50 5.11 5.14 1.77 nan nan nan nan nan 
45.55 37.30 35.84 41.02 33.52 24.88 22.86 13.89 5.74 0.19 -0.76 33.91 nan nan nan nan 
42.65 36.44 40.70 30.61 26.95 29.66 16.23 16.65 1.06 1.66 0.37 33.79 nan nan nan nan 
40.58 41.90 41.16 37.95 29.69 21.82 16.47 8.01 3.48 0.06 6.60 4.20 nan nan nan nan 
36.58 30.61 36.03 37.29 28.92 25.37 17.28 8.27 -3.24 -0.09 -2.31 0.50 17.56 nan nan nan 
39.52 42.51 36.08 37.59 33.86 22.13 22.74 8.75 4.70 -2.66 4.63 -0.58 24.70 nan nan nan 
34.48 36.48 37.08 30.25 24.94 28.98 13.42 11.94 1.44 -1.59 -1.36 -1.56 -1.61 nan nan nan 
19.02 21.02 19.20 20.61 28.82 26.96 3.30 -2.80 5.12 6.42 1.18 3.32 0.68 0.00 nan nan 
0.00 0.00 0.00 0.00 0.00 0.00 0.00 0.00 0.00 0.00 0.00 0.00 0.00 0.00 nan nan 
0.00 0.00 0.00 0.00 0.00 0.00 0.00 0.00 0.00 0.00 0.00 0.00 0.00 0.00 0.00 nan 
0.00 0.00 0.00 0.00 0.00 0.00 0.00 0.00 0.00 0.00 0.00 0.00 0.00 0.00 0.00 nan 
0.00 0.00 0.00 0.00 0.00 0.00 0.00 0.00 0.00 0.00 0.00 0.00 0.00 0.00 0.00 nan 
0.00 0.00 0.00 0.00 0.00 0.00 0.00 0.00 0.00 0.00 0.00 0.00 0.00 nan nan nan 
0.00 0.00 0.00 0.00 0.00 0.00 0.00 0.00 0.00 0.00 nan nan nan nan nan nan 
0.00 0.00 0.00 0.00 nan nan nan nan nan nan nan nan nan nan nan nan 
