0.00 0.00 0.00 32.01 nan nan nan nan nan nan nan nan nan nan nan nan 
0.00 0.00 0.00 0.00 nan nan nan nan nan nan nan nan nan nan nan nan 
31.68 0.00 0.00 0.00 nan nan nan nan nan nan nan nan nan nan nan nan 
31.68 0.00 0.00 0.00 0.00 nan nan nan nan nan nan nan nan nan nan nan 
25.91 0.00 0.00 0.00 0.00 nan nan nan nan nan nan nan nan nan nan nan 
25.91 0.00 0.00 0.00 0.00 32.01 nan nan nan nan nan nan nan nan nan nan 
25.91 0.00 0.00 0.00 0.00 0.00 nan nan nan nan nan nan nan nan nan nan 
25.91 0.00 0.00 0.00 0.00 0.00 nan nan nan nan nan nan nan nan nan nan 
25.91 0.00 0.00 0.00 0.00 0.00 25.24 nan nan nan nan nan nan nan nan nan 
25.83 33.83 33.18 41.83 33.54 21.06 6.29 nan nan nan nan nan nan nan nan nan 
25.74 28.47 31.41 37.64 31.58 19.08 8.74 29.88 nan nan nan nan nan nan nan nan 
24.95 29.99 30.76 38.86 31.67 21.61 11.78 0.08 nan nan nan nan nan nan nan nan 
30.69 32.25 34.30 38.73 33.58 16.93 9.04 -0.90 nan nan nan nan nan nan nan nan 
22.56 33.56 33.72 44.73 30.96 23.38 8.53 -2.01 22.17 nan nan nan nan nan nan nan 
31.19 32.99 30.41 37.34 34.28 25.08 8.56 -0.97 0.21 nan nan nan nan nan nan nan 
30.40 31.95 34.88 42.12 29.88 18.63 8.29 -1.31 -0.26 25.75 nan nan nan nan nan nan 
30.17 32.79 44.60 47.61 34.51 30.57 23.42 17.14 8.57 0.38 nan nan nan nan nan nan 
29.92 35.74 41.63 42.48 33.21 24.08 18.37 13.78 6.22 1.20 nan nan nan nan nan nan 
29.50 30.83 43.68 46.08 33.08 29.64 25.39 15.69 7.47 -2.22 32.03 nan nan nan nan nan 
28.55 35.79 38.23 43.23 27.20 26.80 16.10 12.13 -0.47 0.33 1.45 nan nan nan nan nan 
27.00 32.33 40.44 39.22 35.62 26.76 24.28 14.73 7.16 -2.33 1.01 30.62 nan nan nan nan 
28.61 34.16 36.83 33.57 28.10 27.74 18.08 11.59 0.68 2.55 -1.60 30.29 nan nan nan nan 
29.66 36.67 40.12 38.83 31.66 25.66 22.63 18.21 4.74 0.53 0.00 -3.46 25.25 nan nan nan 
29.79 33.93 37.68 38.56 37.04 25.78 23.85 17.67 1.61 -2.21 1.97 0.39 23.14 nan nan nan 
30.34 29.15 34.45 53.11 30.65 29.88 19.66 11.92 8.16 -0.07 -0.10 0.75 1.65 nan nan nan 
31.97 32.13 32.97 35.66 31.05 26.30 16.49 17.61 3.79 -1.34 -1.81 -1.47 0.46 0.00 nan nan 
24.68 26.62 28.23 34.67 24.46 18.85 14.91 -0.82 -0.58 1.91 0.37 -1.08 1.34 0.00 nan nan 
0.00 0.00 0.00 0.00 0.00 0.00 0.00 0.00 0.00 0.00 0.00 0.00 0.00 0.00 0.00 nan 
0.00 0.00 0.00 0.00 0.00 0.00 0.00 0.00 0.00 0.00 0.00 0.00 0.00 0.00 0.00 nan 
0.00 0.00 0.00 0.00 0.00 0.00 0.00 0.00 0.00 0.00 0.00 0.00 0.00 0.00 0.00 nan 
0.00 0.00 0.00 0.00 0.00 0.00 0.00 0.00 0.00 0.00 0.00 0.00 0.00 0.00 0.00 0.00 
0.00 0.00 0.00 0.00 0.00 0.00 0.00 0.00 0.00 0.00 0.00 0.00 0.00 0.00 nan nan 
0.00 0.00 0.00 0.00 0.00 0.00 0.00 0.00 0.00 0.00 0.00 nan nan nan nan nan 
0.00 0.00 0.00 0.00 0.00 0.00 0.00 nan nan nan nan nan nan nan nan nan 
