29.78 0.00 0.00 0.00 30.94 nan nan nan nan nan nan nan nan nan nan nan 
29.78 0.00 0.00 0.00 0.00 nan nan nan nan nan nan nan nan nan nan nan 
29.78 0.00 0.00 0.00 0.00 nan nan nan nan nan nan nan nan nan nan nan 
29.78 0.00 0.00 0.00 0.00 30.94 nan nan nan nan nan nan nan nan nan nan 
28.66 0.00 0.00 0.00 0.00 0.00 nan nan nan nan nan nan nan nan nan nan 
28.66 0.00 0.00 0.00 0.00 0.00 nan nan nan nan nan nan nan nan nan nan 
28.66 0.00 0.00 0.00 0.00 0.00 30.94 nan nan nan nan nan nan nan nan nan 
28.66 0.00 0.00 0.00 0.00 0.00 0.00 nan nan nan nan nan nan nan nan nan 
29.50 28.91 32.33 36.09 28.26 20.38 14.46 nan nan nan nan nan nan nan nan nan 
30.45 32.32 34.11 43.70 30.91 22.13 9.55 25.37 nan nan nan nan nan nan nan nan 
28.13 29.19 30.78 39.20 28.01 19.97 10.00 2.24 nan nan nan nan nan nan nan nan 
28.81 28.71 35.89 46.40 27.40 20.60 14.49 -1.62 24.04 nan nan nan nan nan nan nan 
25.11 28.37 34.84 44.19 28.17 20.41 7.79 0.33 28.76 nan nan nan nan nan nan nan 
26.36 28.56 33.14 37.21 31.27 17.24 15.00 0.61 0.96 nan nan nan nan nan nan nan 
26.23 27.41 36.39 39.37 29.93 21.36 8.60 -1.28 1.33 40.47 nan nan nan nan nan nan 
29.44 28.70 32.57 44.60 28.85 19.49 10.03 0.12 1.33 40.86 nan nan nan nan nan nan 
44.01 43.34 42.79 39.25 26.54 25.25 16.25 2.67 -0.13 -0.25 nan nan nan nan nan nan 
43.86 39.80 46.48 43.74 33.54 27.08 12.03 8.43 -0.94 -0.03 36.70 nan nan nan nan nan 
39.75 38.00 37.26 40.25 26.85 19.90 14.80 1.00 -0.64 0.44 41.06 nan nan nan nan nan 
39.04 40.79 37.01 38.52 35.34 23.94 11.30 -0.14 0.75 -0.93 0.87 nan nan nan nan nan 
42.02 37.35 37.25 40.94 32.29 25.79 15.14 9.10 -2.99 -0.17 -1.07 38.76 nan nan nan nan 
41.95 40.21 46.76 37.49 36.39 25.13 20.91 0.31 -0.97 0.79 0.30 39.99 nan nan nan nan 
38.23 40.46 37.30 37.38 36.43 15.73 14.49 0.74 -1.18 1.85 -2.12 0.94 nan nan nan nan 
37.74 39.54 36.44 36.61 24.39 25.25 14.66 9.55 3.63 -0.81 0.32 -2.32 34.46 nan nan nan 
37.55 35.89 38.60 39.10 23.49 23.14 12.83 1.70 0.83 0.68 0.66 -0.30 24.55 nan nan nan 
38.40 44.58 35.65 39.25 30.82 19.94 18.05 0.63 -0.04 1.68 1.09 0.92 2.70 nan nan nan 
21.14 23.95 24.53 37.07 26.37 20.51 12.03 1.22 1.34 -0.23 2.56 1.42 -1.60 0.00 nan nan 
0.00 0.00 0.00 0.00 0.00 0.00 0.00 0.00 0.00 0.00 0.00 0.00 0.00 0.00 nan nan 
0.00 0.00 0.00 0.00 0.00 0.00 0.00 0.00 0.00 0.00 0.00 0.00 0.00 0.00 nan nan 
0.00 0.00 0.00 0.00 0.00 0.00 0.00 0.00 0.00 0.00 0.00 0.00 0.00 0.00 0.00 nan 
0.00 0.00 0.00 0.00 0.00 0.00 0.00 0.00 0.00 0.00 0.00 0.00 0.00 0.00 0.00 nan 
0.00 0.00 0.00 0.00 0.00 0.00 0.00 0.00 0.00 0.00 0.00 0.00 0.00 0.00 0.00 nan 
0.00 0.00 0.00 0.00 0.00 0.00 0.00 0.00 0.00 0.00 0.00 nan nan nan nan nan 
0.00 0.00 0.00 0.00 0.00 0.00 nan nan nan nan nan nan nan nan nan nan 
