24.33 0.00 0.00 0.00 0.00 26.76 nan nan nan nan nan nan nan nan 
24.33 0.00 0.00 0.00 0.00 26.76 nan nan nan nan nan nan nan nan 
24.33 0.00 0.00 0.00 0.00 0.00 nan nan nan nan nan nan nan nan 
24.33 0.00 0.00 0.00 0.00 0.00 nan nan nan nan nan nan nan nan 
24.33 0.00 0.00 0.00 0.00 0.00 26.76 nan nan nan nan nan nan nan 
24.33 0.00 0.00 0.00 0.00 0.00 0.00 nan nan nan nan nan nan nan 
26.31 34.32 32.85 39.27 33.18 21.61 12.32 nan nan nan nan nan nan nan 
29.69 26.73 32.45 44.23 35.91 22.74 13.62 29.23 nan nan nan nan nan nan 
29.54 30.92 31.79 42.70 26.47 23.34 13.34 24.37 nan nan nan nan nan nan 
27.13 31.59 37.40 42.99 33.10 19.00 13.19 -1.11 nan nan nan nan nan nan 
25.75 29.12 30.35 39.91 24.94 23.63 9.03 2.88 nan nan nan nan nan nan 
24.85 28.28 35.39 44.73 35.95 18.70 8.98 0.92 27.12 nan nan nan nan nan 
29.98 28.47 31.07 43.65 35.84 19.38 10.73 -1.49 31.16 nan nan nan nan nan 
29.84 35.34 35.48 39.90 32.78 25.41 12.18 -0.70 2.53 nan nan nan nan nan 
25.40 31.48 32.38 46.67 36.67 20.04 6.80 -0.83 0.81 25.90 nan nan nan nan 
27.85 30.62 31.65 34.14 28.26 17.75 9.03 0.87 0.51 27.28 nan nan nan nan 
27.76 29.03 39.23 35.51 31.54 14.22 8.27 -0.31 -1.58 -1.95 nan nan nan nan 
26.74 32.42 33.23 43.08 31.33 21.11 8.69 -1.88 -0.11 0.33 27.15 nan nan nan 
24.70 28.83 33.86 42.94 22.71 22.00 6.19 -1.81 0.21 3.26 29.69 nan nan nan 
24.89 28.45 37.81 42.49 32.50 19.38 12.82 0.96 -0.81 2.45 29.98 nan nan nan 
24.62 25.14 36.53 35.14 35.18 18.85 9.46 -1.06 0.48 -1.56 2.34 nan nan nan 
28.92 28.62 30.17 33.16 31.86 20.67 10.13 0.99 0.76 2.62 0.45 29.30 nan nan 
29.90 31.50 31.16 36.76 26.83 23.40 8.20 -0.32 0.42 1.29 0.97 24.18 nan nan 
24.33 31.40 33.88 36.11 25.88 19.66 10.13 -0.37 -1.34 -1.76 -3.22 27.47 nan nan 
27.89 28.64 30.08 44.05 28.16 22.46 13.11 1.17 1.48 0.43 0.44 -0.11 0.00 nan 
0.00 0.00 0.00 0.00 0.00 0.00 0.00 0.00 0.00 0.00 0.00 0.00 0.00 nan 
0.00 0.00 0.00 0.00 0.00 0.00 0.00 0.00 0.00 0.00 0.00 0.00 0.00 nan 
0.00 0.00 0.00 0.00 0.00 0.00 0.00 0.00 0.00 0.00 0.00 0.00 0.00 nan 
0.00 0.00 0.00 0.00 0.00 0.00 0.00 0.00 0.00 0.00 0.00 0.00 0.00 0.00 
0.00 0.00 0.00 0.00 0.00 0.00 0.00 0.00 0.00 0.00 0.00 0.00 0.00 0.00 
0.00 0.00 0.00 0.00 0.00 0.00 0.00 0.00 0.00 0.00 0.00 0.00 0.00 nan 
0.00 0.00 0.00 0.00 0.00 0.00 0.00 0.00 0.00 nan nan nan nan nan 
nan nan nan nan nan nan nan nan nan nan nan nan nan nan 
