0.00 0.00 0.00 0.00 nan nan nan nan nan nan nan nan nan nan nan nan 
0.00 0.00 0.00 0.00 nan nan nan nan nan nan nan nan nan nan nan nan 
0.00 0.00 0.00 0.00 0.00 nan nan nan nan nan nan nan nan nan nan nan 
28.83 0.00 0.00 0.00 0.00 nan nan nan nan nan nan nan nan nan nan nan 
28.83 0.00 0.00 0.00 0.00 29.45 nan nan nan nan nan nan nan nan nan nan 
28.83 0.00 0.00 0.00 0.00 0.00 nan nan nan nan nan nan nan nan nan nan 
28.83 0.00 0.00 0.00 0.00 0.00 nan nan nan nan nan nan nan nan nan nan 
28.83 0.00 0.00 0.00 0.00 0.00 32.76 nan nan nan nan nan nan nan nan nan 
23.45 28.80 29.40 36.67 31.71 15.48 9.50 nan nan nan nan nan nan nan nan nan 
20.52 32.61 37.79 42.74 35.96 24.38 5.23 26.27 nan nan nan nan nan nan nan nan 
32.23 31.42 27.98 40.08 27.52 19.62 7.66 -0.65 nan nan nan nan nan nan nan nan 
30.05 32.51 27.08 36.01 33.52 15.46 13.87 2.32 nan nan nan nan nan nan nan nan 
27.63 35.38 33.69 41.33 36.90 15.34 4.05 -0.45 34.72 nan nan nan nan nan nan nan 
26.99 28.89 34.08 41.29 25.89 20.10 11.18 -0.22 0.14 nan nan nan nan nan nan nan 
22.18 32.52 29.09 44.08 28.01 18.36 12.31 -0.17 -0.07 34.90 nan nan nan nan nan nan 
31.44 32.19 44.16 44.70 35.81 27.17 17.64 17.60 10.55 3.58 nan nan nan nan nan nan 
40.71 38.27 43.42 50.61 28.77 29.06 20.19 16.78 -0.11 -2.12 nan nan nan nan nan nan 
35.58 39.28 29.63 46.90 40.14 32.74 19.45 9.95 8.14 4.88 35.74 nan nan nan nan nan 
30.48 36.18 43.58 35.62 30.07 25.72 24.02 13.91 0.61 -4.68 3.52 nan nan nan nan nan 
30.84 42.20 37.00 49.25 34.47 19.88 19.71 9.25 3.45 1.58 -0.04 31.62 nan nan nan nan 
32.57 40.64 45.36 45.27 31.34 25.16 23.81 16.38 -1.48 -0.10 -2.51 32.69 nan nan nan nan 
32.37 32.11 44.79 38.79 40.73 35.83 17.15 18.85 7.01 -2.03 1.18 1.05 32.53 nan nan nan 
26.75 37.99 38.05 41.50 31.65 27.63 22.05 13.76 -3.26 -3.22 -1.30 0.81 37.89 nan nan nan 
28.26 37.29 42.60 39.24 33.07 30.09 21.04 8.41 9.28 3.41 1.57 0.19 4.06 nan nan nan 
31.79 38.88 43.38 34.20 32.69 26.02 18.69 9.89 1.35 0.52 -4.12 0.48 -0.71 0.00 nan nan 
31.23 27.75 22.34 28.41 31.27 17.20 6.13 4.95 -0.18 2.96 -1.19 -2.16 -0.00 0.00 nan nan 
30.65 26.94 26.28 32.31 31.06 21.97 13.37 0.54 -0.99 8.40 3.25 -1.32 -1.17 2.18 0.00 nan 
0.00 0.00 0.00 0.00 0.00 0.00 0.00 0.00 0.00 0.00 0.00 0.00 0.00 0.00 0.00 nan 
0.00 0.00 0.00 0.00 0.00 0.00 0.00 0.00 0.00 0.00 0.00 0.00 0.00 0.00 0.00 nan 
0.00 0.00 0.00 0.00 0.00 0.00 0.00 0.00 0.00 0.00 0.00 0.00 0.00 0.00 0.00 0.00 
0.00 0.00 0.00 0.00 0.00 0.00 0.00 0.00 0.00 0.00 0.00 0.00 0.00 0.00 0.00 0.00 
0.00 0.00 0.00 0.00 0.00 0.00 0.00 0.00 0.00 0.00 0.00 0.00 0.00 nan nan nan 
0.00 0.00 0.00 0.00 0.00 0.00 0.00 0.00 0.00 0.00 nan nan nan nan nan nan 
0.00 0.00 0.00 0.00 nan nan nan nan nan nan nan nan nan nan nan nan 
