26.50 30.49 36.49 43.44 29.83 24.04 8.16 nan nan nan nan nan nan nan nan nan 
26.68 26.88 35.11 44.20 31.14 17.07 8.58 26.69 nan nan nan nan nan nan nan nan 
24.03 30.56 33.19 42.37 30.64 18.15 10.23 27.89 nan nan nan nan nan nan nan nan 
32.40 32.86 29.58 46.21 26.44 23.81 7.57 3.34 nan nan nan nan nan nan nan nan 
27.13 33.76 31.28 48.05 30.59 18.86 9.37 0.37 27.84 nan nan nan nan nan nan nan 
25.83 28.40 32.27 48.04 35.19 21.73 10.90 -3.35 -1.33 nan nan nan nan nan nan nan 
30.17 35.54 32.79 39.53 28.08 20.98 9.07 0.27 0.63 nan nan nan nan nan nan nan 
24.66 28.20 29.22 49.48 30.78 20.49 12.22 1.90 1.16 45.37 nan nan nan nan nan nan 
42.80 36.73 50.57 48.41 37.96 24.09 21.47 10.80 -0.18 -1.46 nan nan nan nan nan nan 
42.26 48.26 43.15 45.08 29.08 27.17 19.51 14.48 -0.30 2.46 43.07 nan nan nan nan nan 
46.22 38.94 44.10 42.10 25.31 27.02 18.45 9.71 0.33 0.64 37.73 nan nan nan nan nan 
41.30 43.12 41.25 40.41 32.84 23.93 13.36 13.37 2.56 2.57 0.88 nan nan nan nan nan 
43.72 36.55 36.21 38.54 32.75 23.68 21.51 12.21 2.87 0.10 -0.38 34.07 nan nan nan nan 
41.84 38.28 39.48 32.03 29.35 27.98 16.89 12.67 0.53 0.83 0.18 35.74 nan nan nan nan 
37.60 41.03 39.23 37.75 32.17 22.70 16.48 10.44 1.74 0.03 3.30 2.10 nan nan nan nan 
37.05 33.45 36.21 34.92 29.02 26.08 19.08 9.30 -1.62 -0.05 -1.15 0.25 18.13 nan nan nan 
40.41 42.59 34.96 34.83 31.53 20.80 22.00 9.09 2.35 -1.33 2.31 -0.29 22.66 nan nan nan 
35.11 35.43 37.08 30.47 25.92 27.93 15.36 12.01 0.72 -0.80 -0.68 -0.78 -0.80 nan nan nan 
19.59 19.54 20.27 20.65 26.50 25.55 5.53 -1.40 2.56 3.21 0.59 1.66 0.34 0.00 nan nan 
0.00 0.00 0.00 0.00 0.00 0.00 0.00 0.00 0.00 0.00 0.00 0.00 0.00 0.00 nan nan 
0.00 0.00 0.00 0.00 0.00 0.00 0.00 0.00 0.00 0.00 0.00 0.00 0.00 0.00 0.00 nan 
0.00 0.00 0.00 0.00 0.00 0.00 0.00 0.00 0.00 0.00 0.00 0.00 0.00 0.00 0.00 nan 
0.00 0.00 0.00 0.00 0.00 0.00 0.00 0.00 0.00 0.00 0.00 0.00 0.00 0.00 0.00 nan 
0.00 0.00 0.00 0.00 0.00 0.00 0.00 0.00 0.00 0.00 0.00 0.00 0.00 nan nan nan 
0.00 0.00 0.00 0.00 0.00 0.00 0.00 0.00 0.00 0.00 nan nan nan nan nan nan 
0.00 0.00 0.00 0.00 nan nan nan nan nan nan nan nan nan nan nan nan 
