28.47 27.50 0.00 0.00 0.00 0.00 0.00 nan nan nan nan nan nan nan nan nan 
30.52 33.43 38.32 39.55 35.17 18.37 10.95 26.15 nan nan nan nan nan nan nan nan 
29.08 29.47 32.73 43.34 32.84 23.84 11.27 24.38 nan nan nan nan nan nan nan nan 
29.05 29.32 34.39 48.64 32.07 18.81 9.06 0.82 nan nan nan nan nan nan nan nan 
27.55 28.27 34.02 46.54 32.36 19.06 8.14 0.91 25.97 nan nan nan nan nan nan nan 
28.26 28.98 37.89 42.38 28.10 24.17 10.73 0.99 -1.19 nan nan nan nan nan nan nan 
24.66 29.25 32.98 43.16 32.42 20.96 8.58 -0.80 -0.26 nan nan nan nan nan nan nan 
29.81 28.80 28.46 47.09 31.36 19.96 12.25 0.70 0.52 48.60 nan nan nan nan nan nan 
49.95 40.92 44.08 45.42 34.21 26.60 18.86 12.20 0.89 -2.89 nan nan nan nan nan nan 
38.63 48.00 42.89 42.79 30.08 24.05 16.70 8.99 3.21 0.80 37.39 nan nan nan nan nan 
42.65 49.45 46.07 50.70 29.19 24.01 15.70 12.27 -1.31 1.51 40.90 nan nan nan nan nan 
41.60 41.89 48.92 49.99 32.33 23.65 14.07 9.96 0.81 2.28 -2.08 nan nan nan nan nan 
41.75 40.37 41.94 37.59 33.71 18.36 16.83 10.43 0.31 2.23 1.58 33.57 nan nan nan nan 
44.64 32.73 38.82 38.95 26.27 24.63 17.77 8.00 1.04 -3.49 0.53 33.44 nan nan nan nan 
40.34 36.51 39.04 37.37 34.83 27.13 16.88 12.06 1.98 0.84 0.79 0.47 nan nan nan nan 
31.73 37.98 36.43 38.87 36.87 23.13 19.73 9.14 -1.70 1.08 -1.14 -1.53 30.81 nan nan nan 
35.33 32.60 31.10 32.27 34.74 19.50 19.15 7.65 -1.30 -0.72 -2.26 0.86 3.91 nan nan nan 
30.44 26.69 23.90 26.27 27.56 28.00 16.54 11.30 0.67 -0.08 0.14 1.02 1.83 nan nan nan 
10.83 6.60 14.02 24.90 25.76 22.23 8.30 0.58 0.03 0.22 0.79 0.80 0.75 0.00 nan nan 
9.38 7.51 15.02 18.68 26.30 21.64 13.01 2.41 -1.36 0.00 -0.23 -2.01 0.00 0.00 nan nan 
0.00 0.00 0.00 0.00 0.00 0.00 0.00 0.00 0.00 0.00 0.00 0.00 0.00 0.00 0.00 nan 
0.00 0.00 0.00 0.00 0.00 0.00 0.00 0.00 0.00 0.00 0.00 0.00 0.00 0.00 0.00 nan 
0.00 0.00 0.00 0.00 0.00 0.00 0.00 0.00 0.00 0.00 0.00 0.00 0.00 0.00 0.00 nan 
0.00 0.00 0.00 0.00 0.00 0.00 0.00 0.00 0.00 0.00 0.00 0.00 0.00 0.00 0.00 0.00 
0.00 0.00 0.00 0.00 0.00 0.00 0.00 0.00 0.00 0.00 0.00 0.00 0.00 nan nan nan 
0.00 0.00 0.00 0.00 0.00 0.00 0.00 0.00 0.00 nan nan nan nan nan nan nan 
