27.09 31.08 34.07 33.07 31.61 16.33 5.87 nan nan nan nan nan nan nan nan nan 
29.92 29.19 33.78 41.77 29.78 21.79 8.43 26.52 nan nan nan nan nan nan nan nan 
26.44 29.06 33.47 44.96 28.51 16.90 7.43 -0.64 nan nan nan nan nan nan nan nan 
30.18 30.33 33.26 46.07 34.14 24.88 9.28 -0.25 nan nan nan nan nan nan nan nan 
20.94 31.46 37.19 41.08 34.55 18.92 10.76 -1.11 25.92 nan nan nan nan nan nan nan 
24.25 32.18 38.28 41.20 30.60 17.03 6.94 -0.68 1.60 nan nan nan nan nan nan nan 
27.38 34.68 36.34 50.68 34.27 30.20 17.87 14.15 9.48 24.19 nan nan nan nan nan nan 
26.49 33.06 36.15 39.46 27.20 23.98 18.89 16.49 5.95 0.55 nan nan nan nan nan nan 
27.93 36.24 33.99 38.85 36.02 25.78 17.88 16.80 8.22 0.10 26.91 nan nan nan nan nan 
30.68 35.45 37.79 39.90 30.03 28.06 19.64 13.56 6.54 0.22 25.44 nan nan nan nan nan 
24.56 29.44 35.77 44.17 38.16 28.15 19.03 18.49 10.62 2.60 1.71 nan nan nan nan nan 
20.73 32.37 39.74 49.44 33.46 31.38 22.22 15.62 6.75 -0.01 -1.22 22.74 nan nan nan nan 
18.11 29.15 43.61 41.16 36.72 27.11 22.26 16.93 10.28 0.79 -0.03 0.54 nan nan nan nan 
25.22 36.87 32.08 37.07 27.43 32.12 22.23 14.11 9.62 -0.01 -0.81 -1.77 22.89 nan nan nan 
24.10 31.67 36.12 40.65 32.17 25.69 21.23 14.52 6.54 -1.66 1.06 0.42 0.99 nan nan nan 
26.08 36.19 34.76 44.95 32.62 26.33 22.01 13.86 7.38 0.05 2.29 -0.58 0.51 0.00 nan nan 
25.69 32.51 32.79 31.20 26.14 24.07 7.89 -2.44 -2.52 -0.78 -2.25 1.33 -0.30 0.00 nan nan 
25.97 30.52 32.58 36.52 28.27 22.17 5.08 -1.59 2.20 0.39 -0.67 1.40 3.99 -0.54 nan nan 
0.00 0.00 0.00 0.00 0.00 0.00 0.00 0.00 0.00 0.00 0.00 0.00 0.00 0.00 0.00 nan 
0.00 0.00 0.00 0.00 0.00 0.00 0.00 0.00 0.00 0.00 0.00 0.00 0.00 0.00 0.00 nan 
0.00 0.00 0.00 0.00 0.00 0.00 0.00 0.00 0.00 0.00 0.00 0.00 0.00 0.00 0.00 0.00 
0.00 0.00 0.00 0.00 0.00 0.00 0.00 0.00 0.00 0.00 0.00 0.00 0.00 0.00 0.00 0.00 
0.00 0.00 0.00 0.00 0.00 0.00 0.00 0.00 0.00 0.00 0.00 0.00 0.00 0.00 nan nan 
0.00 0.00 0.00 0.00 0.00 0.00 0.00 0.00 0.00 0.00 0.00 nan nan nan nan nan 
0.00 0.00 0.00 0.00 0.00 0.00 0.00 nan nan nan nan nan nan nan nan nan 
nan nan nan nan nan nan nan nan nan nan nan nan nan nan nan nan 
