31.07 0.00 0.00 0.00 nan nan nan nan nan nan nan nan nan nan nan nan 
36.47 0.00 0.00 0.00 nan nan nan nan nan nan nan nan nan nan nan nan 
36.47 0.00 0.00 0.00 0.00 nan nan nan nan nan nan nan nan nan nan nan 
28.74 27.93 0.00 0.00 0.00 nan nan nan nan nan nan nan nan nan nan nan 
28.74 27.93 0.00 0.00 0.00 29.14 nan nan nan nan nan nan nan nan nan nan 
28.74 28.04 0.00 0.00 0.00 0.00 nan nan nan nan nan nan nan nan nan nan 
28.74 28.04 0.00 0.00 0.00 0.00 nan nan nan nan nan nan nan nan nan nan 
28.74 28.04 0.00 0.00 0.00 0.00 25.41 nan nan nan nan nan nan nan nan nan 
23.30 31.07 36.20 45.68 29.54 24.00 3.52 nan nan nan nan nan nan nan nan nan 
27.71 30.90 31.18 43.20 28.72 18.58 8.85 31.59 nan nan nan nan nan nan nan nan 
26.90 35.91 29.18 38.27 31.00 20.39 10.23 4.74 nan nan nan nan nan nan nan nan 
20.65 23.85 30.12 43.79 24.47 16.15 4.33 -1.84 nan nan nan nan nan nan nan nan 
32.07 27.69 29.33 36.58 26.35 21.72 14.40 0.68 25.08 nan nan nan nan nan nan nan 
29.05 35.26 39.87 45.97 32.07 22.26 10.91 -0.46 -4.49 nan nan nan nan nan nan nan 
35.56 29.33 37.96 50.37 37.63 16.40 8.93 0.56 -2.56 24.43 nan nan nan nan nan nan 
25.78 36.51 32.27 35.28 26.55 13.69 15.34 0.70 5.67 -1.01 nan nan nan nan nan nan 
27.61 23.04 31.51 40.18 29.30 19.96 11.39 -0.87 4.14 -1.10 nan nan nan nan nan nan 
24.67 34.73 33.59 43.26 37.14 24.59 7.68 0.97 -3.28 -1.39 24.95 nan nan nan nan nan 
29.95 29.13 30.61 37.63 34.41 17.29 11.93 -3.58 -1.09 3.76 2.29 nan nan nan nan nan 
25.88 29.76 37.02 37.17 33.73 22.29 7.79 -4.75 3.14 -2.03 -0.67 25.60 nan nan nan nan 
24.54 27.95 32.29 35.95 33.88 26.75 9.81 4.45 4.58 -2.48 -2.96 22.67 nan nan nan nan 
21.19 28.23 31.65 30.78 31.89 24.81 10.29 2.84 1.02 3.03 7.14 4.21 24.40 nan nan nan 
26.88 38.07 31.32 43.93 26.23 22.18 14.51 -1.84 -5.88 3.83 -1.16 -0.75 28.45 nan nan nan 
28.99 29.16 28.34 41.58 28.28 19.15 12.39 -6.35 -1.81 -1.64 1.47 0.38 1.94 nan nan nan 
24.79 38.06 32.68 34.92 34.57 13.57 6.37 -0.50 2.29 -1.03 4.23 -0.15 -2.09 0.00 nan nan 
24.28 28.37 28.92 36.06 30.14 18.46 13.22 3.84 -2.43 3.76 2.70 5.25 2.80 0.00 nan nan 
31.55 27.30 31.85 39.28 35.67 14.47 9.03 -0.23 -0.17 0.00 0.00 0.00 4.32 0.00 0.00 nan 
0.00 0.00 0.00 0.00 0.00 0.00 0.00 0.00 0.00 0.00 0.00 0.00 0.00 0.00 0.00 nan 
0.00 0.00 0.00 0.00 0.00 0.00 0.00 0.00 0.00 0.00 0.00 0.00 0.00 0.00 0.00 nan 
0.00 0.00 0.00 0.00 0.00 0.00 0.00 0.00 0.00 0.00 0.00 0.00 0.00 0.00 0.00 0.00 
0.00 0.00 0.00 0.00 0.00 0.00 0.00 0.00 0.00 0.00 0.00 0.00 0.00 0.00 0.00 nan 
0.00 0.00 0.00 0.00 0.00 0.00 0.00 0.00 0.00 0.00 0.00 0.00 nan nan nan nan 
0.00 0.00 0.00 0.00 0.00 0.00 0.00 0.00 nan nan nan nan nan nan nan nan 
nan nan nan nan nan nan nan nan nan nan nan nan nan nan nan nan 
