27.08 31.06 34.03 33.07 31.61 16.33 5.87 nan nan nan nan nan nan nan nan nan 
29.89 29.15 33.69 41.57 29.78 21.79 8.43 26.47 nan nan nan nan nan nan nan nan 
26.40 28.99 33.33 44.76 28.51 16.90 7.43 -0.64 nan nan nan nan nan nan nan nan 
30.12 30.24 33.10 45.58 34.14 24.88 9.28 -0.25 nan nan nan nan nan nan nan nan 
20.87 31.34 36.97 40.59 34.55 18.92 10.76 -1.11 25.83 nan nan nan nan nan nan nan 
24.16 32.06 38.01 40.64 30.60 17.03 6.94 -0.68 1.60 nan nan nan nan nan nan nan 
27.28 34.53 36.08 50.12 34.07 30.20 17.87 14.15 9.48 24.08 nan nan nan nan nan nan 
26.38 32.87 35.74 38.32 27.00 23.98 18.89 16.49 5.95 0.55 nan nan nan nan nan nan 
27.80 36.01 33.44 37.24 35.53 25.78 17.88 16.80 8.22 0.10 26.77 nan nan nan nan nan 
30.57 35.17 37.09 38.29 29.54 28.06 19.64 13.56 6.54 0.22 25.29 nan nan nan nan nan 
24.44 29.21 35.22 42.33 37.60 27.95 19.03 18.49 10.62 2.60 1.71 nan nan nan nan nan 
20.60 32.11 39.07 46.96 32.90 31.18 22.22 15.62 6.75 -0.01 -1.22 22.57 nan nan nan nan 
17.97 28.85 42.78 38.59 36.16 26.91 22.26 16.93 10.28 0.79 -0.03 0.54 nan nan nan nan 
25.07 36.52 31.10 34.50 26.87 31.63 22.23 14.11 9.62 -0.01 -0.81 -1.77 22.69 nan nan nan 
23.94 31.28 35.02 38.48 30.56 25.20 21.23 14.52 6.54 -1.66 1.06 0.42 0.99 nan nan nan 
25.91 35.75 33.46 42.28 31.01 25.84 21.81 13.86 7.38 0.05 2.29 -0.58 0.51 0.00 nan nan 
25.50 32.03 31.94 27.92 24.53 23.51 7.69 -2.44 -2.52 -0.78 -2.25 1.33 -0.30 0.00 nan nan 
25.77 30.00 31.69 33.24 25.70 21.61 4.88 -1.59 2.20 0.39 -0.67 1.40 3.99 -0.54 nan nan 
0.00 0.00 0.00 0.00 0.00 0.00 0.00 0.00 0.00 0.00 0.00 0.00 0.00 0.00 0.00 nan 
0.00 0.00 0.00 0.00 0.00 0.00 0.00 0.00 0.00 0.00 0.00 0.00 0.00 0.00 0.00 nan 
0.00 0.00 0.00 0.00 0.00 0.00 0.00 0.00 0.00 0.00 0.00 0.00 0.00 0.00 0.00 0.00 
0.00 0.00 0.00 0.00 0.00 0.00 0.00 0.00 0.00 0.00 0.00 0.00 0.00 0.00 0.00 0.00 
0.00 0.00 0.00 0.00 0.00 0.00 0.00 0.00 0.00 0.00 0.00 0.00 0.00 0.00 nan nan 
0.00 0.00 0.00 0.00 0.00 0.00 0.00 0.00 0.00 0.00 0.00 nan nan nan nan nan 
0.00 0.00 0.00 0.00 0.00 0.00 0.00 nan nan nan nan nan nan nan nan nan 
nan nan nan nan nan nan nan nan nan nan nan nan nan nan nan nan 
