26.49 30.48 36.46 43.44 29.83 24.04 8.16 nan nan nan nan nan nan nan nan nan 
26.66 26.84 35.04 44.20 31.14 17.07 8.58 26.65 nan nan nan nan nan nan nan nan 
23.99 30.50 33.07 42.10 30.64 18.15 10.23 27.83 nan nan nan nan nan nan nan nan 
32.35 32.77 29.43 45.94 26.44 23.81 7.57 3.34 nan nan nan nan nan nan nan nan 
27.06 33.64 31.07 47.57 30.59 18.86 9.37 0.37 27.76 nan nan nan nan nan nan nan 
25.75 28.25 32.02 47.56 35.19 21.73 10.90 -3.35 -1.33 nan nan nan nan nan nan nan 
30.08 35.36 32.49 39.05 28.08 20.98 9.07 0.27 0.63 nan nan nan nan nan nan nan 
24.56 28.04 28.95 48.68 30.51 20.49 12.22 1.90 1.16 44.43 nan nan nan nan nan nan 
42.10 36.24 49.11 46.71 37.69 24.09 21.47 10.80 -0.18 -1.46 nan nan nan nan nan nan 
41.13 47.28 40.71 43.38 28.81 27.17 19.51 14.48 -0.30 2.46 41.24 nan nan nan nan nan 
44.65 37.41 41.04 40.40 25.04 27.02 18.45 9.71 0.33 0.64 35.54 nan nan nan nan nan 
39.33 41.10 37.47 36.47 32.36 23.93 13.36 13.37 2.56 2.57 0.88 nan nan nan nan nan 
41.24 33.99 31.66 33.67 32.27 23.68 21.51 12.21 2.87 0.10 -0.38 30.82 nan nan nan nan 
38.96 35.17 35.15 26.76 28.87 27.71 16.89 12.67 0.53 0.83 0.18 31.91 nan nan nan nan 
34.31 37.40 34.22 32.48 30.47 22.43 16.48 10.44 1.74 0.03 3.30 2.10 nan nan nan nan 
33.35 29.28 30.57 29.65 27.32 25.81 19.08 9.30 -1.62 -0.05 -1.15 0.25 13.37 nan nan nan 
36.33 37.52 28.53 29.56 29.83 20.53 22.00 9.09 2.35 -1.33 2.31 -0.29 17.88 nan nan nan 
30.69 29.81 29.89 20.69 24.22 27.45 15.36 12.01 0.72 -0.80 -0.68 -0.78 -0.80 nan nan nan 
15.16 13.75 13.02 10.54 24.80 25.07 5.53 -1.40 2.56 3.21 0.59 1.66 0.34 0.00 nan nan 
0.00 0.00 0.00 0.00 0.00 0.00 0.00 0.00 0.00 0.00 0.00 0.00 0.00 0.00 nan nan 
0.00 0.00 0.00 0.00 0.00 0.00 0.00 0.00 0.00 0.00 0.00 0.00 0.00 0.00 0.00 nan 
0.00 0.00 0.00 0.00 0.00 0.00 0.00 0.00 0.00 0.00 0.00 0.00 0.00 0.00 0.00 nan 
0.00 0.00 0.00 0.00 0.00 0.00 0.00 0.00 0.00 0.00 0.00 0.00 0.00 0.00 0.00 nan 
0.00 0.00 0.00 0.00 0.00 0.00 0.00 0.00 0.00 0.00 0.00 0.00 0.00 nan nan nan 
0.00 0.00 0.00 0.00 0.00 0.00 0.00 0.00 0.00 0.00 nan nan nan nan nan nan 
0.00 0.00 0.00 0.00 nan nan nan nan nan nan nan nan nan nan nan nan 
