1975.80 4103.04 5931.41 nan nan nan nan nan nan nan nan nan nan nan nan nan nan 
1696.22 3568.17 5416.89 nan nan nan nan nan nan nan nan nan nan nan nan nan nan 
1696.22 3299.06 4895.75 6185.99 nan nan nan nan nan nan nan nan nan nan nan nan nan 
1428.32 3028.94 4368.64 5675.01 nan nan nan nan nan nan nan nan nan nan nan nan nan 
1428.32 2757.89 4103.04 5157.11 41.77 nan nan nan nan nan nan nan nan nan nan nan nan 
1145.08 2485.99 3568.17 4895.75 5931.41 nan nan nan nan nan nan nan nan nan nan nan nan 
1145.08 2213.34 3299.06 4368.64 5416.89 41.77 nan nan nan nan nan nan nan nan nan nan nan 
866.94 1975.80 3028.94 4103.04 5157.11 6185.99 nan nan nan nan nan nan nan nan nan nan nan 
866.94 1975.80 3028.94 3836.19 4895.75 5783.01 44.70 nan nan nan nan nan nan nan nan nan nan 
878.45 1725.45 2864.73 3751.29 4925.08 5850.57 6820.49 nan nan nan nan nan nan nan nan nan nan 
934.76 1835.79 2743.35 3972.27 4926.70 5894.20 6880.83 nan nan nan nan nan nan nan nan nan nan 
986.41 1942.27 2899.81 3885.95 4865.76 5879.23 6943.76 7675.76 nan nan nan nan nan nan nan nan nan 
709.46 1718.69 2729.16 3767.76 4795.42 5854.41 6939.22 7738.97 nan nan nan nan nan nan nan nan nan 
743.70 1795.52 2870.11 3931.28 4691.25 5778.94 6902.49 7729.41 55.15 nan nan nan nan nan nan nan nan 
783.05 1885.39 2646.72 3765.16 4892.12 5696.74 6873.04 7701.17 8941.40 nan nan nan nan nan nan nan nan 
818.19 1974.41 2771.58 3942.69 4738.80 5955.54 6770.45 7661.48 8913.59 57.56 nan nan nan nan nan nan nan 
856.40 1671.36 2886.64 3716.05 4947.73 5788.81 6667.37 7956.25 8888.63 9800.01 nan nan nan nan nan nan nan 
896.34 1740.65 2593.81 3874.20 4739.48 5617.45 6945.87 7864.16 8797.43 9774.70 64.52 nan nan nan nan nan nan 
934.44 1807.71 2697.12 3602.14 4914.74 5842.46 6761.39 7712.16 8675.66 9674.21 10704.81 nan nan nan nan nan nan 
973.81 1884.83 2803.93 3738.92 4658.27 5594.98 6568.25 7549.23 8549.87 9547.96 10604.05 77.61 nan nan nan nan nan 
539.09 1964.01 2907.97 3867.16 4833.49 5807.47 6792.85 7800.69 8827.78 9857.99 10943.29 11568.79 nan nan nan nan nan 
562.88 1543.68 2526.74 3523.63 4522.28 5533.70 6546.45 7591.88 8652.16 9717.40 10797.02 11925.19 86.98 nan nan nan nan 
579.07 1595.69 2619.73 3651.32 4679.63 5724.28 6771.61 7826.55 8914.32 9506.08 10649.97 11773.36 12435.39 nan nan nan nan 
599.89 1653.46 2718.38 3772.81 4836.67 5893.69 6475.21 7567.62 8689.20 9816.80 10439.02 11628.81 12832.54 92.00 nan nan nan 
626.28 1714.97 2796.72 3893.37 4996.65 5546.53 6657.01 7799.32 8931.08 9558.92 10767.29 11954.42 12645.72 68.44 nan nan nan 
644.12 1763.93 2893.86 3459.17 4580.76 5721.85 6865.37 7463.52 8654.11 9856.95 10505.35 11724.96 12424.48 13694.20 73.76 nan nan 
665.81 1821.27 2980.59 3567.10 4720.91 5898.37 6507.21 7691.26 8915.89 9548.26 10788.32 11492.46 12748.79 13477.08 77.56 nan nan 
661.40 1847.26 2446.79 3642.94 4841.51 5465.29 6689.31 7918.79 8559.66 9825.64 10506.19 11788.56 12518.30 13816.10 14564.65 nan nan 
682.91 1903.65 2520.59 3751.50 4374.21 5625.74 6884.11 7536.55 8805.52 9493.70 10802.45 11506.42 12829.55 13583.27 14919.67 87.70 nan 
704.54 1960.15 2594.52 3860.19 4500.22 5786.30 6431.94 7727.35 8422.52 9730.27 10440.76 11788.11 12513.38 13909.31 14686.49 15472.09 nan 
726.29 1371.75 2668.56 3968.98 4626.36 5930.91 6609.81 7939.45 8628.75 9346.81 10720.54 11454.60 12843.01 13590.76 14380.42 15827.31 nan 
748.15 1411.06 2742.72 3414.55 4752.61 5429.30 6787.81 7488.70 8858.00 9593.02 10308.93 11721.54 12477.07 nan nan nan nan 
770.14 1450.48 2817.00 3506.23 4878.97 5572.96 6965.91 7683.96 8406.48 9814.71 nan nan nan nan nan nan nan 
792.24 1490.03 2891.39 3598.02 4307.00 nan nan nan nan nan nan nan nan nan nan nan nan 
