27.92 33.19 0.00 0.00 0.00 0.00 nan nan nan nan nan nan nan 
27.92 33.19 0.00 0.00 0.00 0.00 nan nan nan nan nan nan nan 
27.92 33.19 0.00 0.00 0.00 0.00 27.85 nan nan nan nan nan nan 
27.92 33.19 0.00 0.00 0.00 0.00 27.85 nan nan nan nan nan nan 
27.92 33.19 0.00 0.00 0.00 0.00 27.85 nan nan nan nan nan nan 
27.92 33.19 36.11 38.77 34.36 17.89 14.34 nan nan nan nan nan nan 
27.80 32.21 30.81 43.66 33.72 22.04 9.32 nan nan nan nan nan nan 
28.86 29.36 39.25 45.62 36.31 21.58 9.59 27.60 nan nan nan nan nan 
32.29 33.00 34.39 40.06 30.53 17.66 12.06 27.54 nan nan nan nan nan 
27.85 32.25 34.01 41.94 32.74 19.06 8.23 24.19 nan nan nan nan nan 
33.45 26.59 35.84 35.87 34.28 28.24 9.68 -1.71 nan nan nan nan nan 
27.22 30.51 37.73 43.15 26.83 18.46 6.57 2.70 29.71 nan nan nan nan 
28.28 30.15 37.97 38.42 34.24 23.75 12.78 0.73 25.84 nan nan nan nan 
29.23 29.49 29.50 39.48 38.32 22.19 12.74 -0.02 25.09 nan nan nan nan 
30.14 29.27 29.13 36.18 31.79 24.23 10.58 1.60 -3.90 nan nan nan nan 
27.22 26.75 29.40 38.71 27.50 25.01 9.79 0.06 0.98 26.54 nan nan nan 
30.19 29.16 34.19 38.69 28.70 24.22 15.55 -0.11 0.16 26.18 nan nan nan 
25.77 29.66 29.70 36.76 26.74 19.40 13.09 0.02 -2.50 27.08 nan nan nan 
25.61 32.83 33.47 40.14 27.08 20.62 11.42 1.39 0.06 27.45 nan nan nan 
30.08 29.53 30.20 33.78 36.54 16.62 11.41 0.74 0.33 -2.88 27.97 nan nan 
26.79 33.70 32.59 35.90 30.11 26.59 5.45 0.94 -2.97 1.95 24.01 nan nan 
28.45 32.80 32.33 35.56 29.29 21.37 16.49 -0.11 0.59 -1.79 25.74 nan nan 
26.53 29.03 30.87 38.00 28.48 23.49 12.04 -1.78 2.02 -0.19 23.81 nan nan 
33.61 30.47 28.19 35.13 25.49 22.63 11.57 -0.16 0.21 0.45 -3.17 nan nan 
24.22 28.04 33.23 32.70 24.93 25.25 11.08 2.49 0.52 0.63 -0.93 0.00 nan 
0.00 0.00 0.00 0.00 0.00 0.00 0.00 0.00 0.00 0.00 0.00 0.00 nan 
0.00 0.00 0.00 0.00 0.00 0.00 0.00 0.00 0.00 0.00 0.00 0.00 nan 
0.00 0.00 0.00 0.00 0.00 0.00 0.00 0.00 0.00 0.00 0.00 0.00 nan 
0.00 0.00 0.00 0.00 0.00 0.00 0.00 0.00 0.00 0.00 0.00 0.00 0.00 
0.00 0.00 0.00 0.00 0.00 0.00 0.00 0.00 0.00 0.00 0.00 0.00 0.00 
0.00 0.00 0.00 0.00 0.00 0.00 0.00 0.00 0.00 0.00 0.00 0.00 0.00 
0.00 0.00 0.00 0.00 0.00 0.00 0.00 nan nan nan nan nan nan 
