0.00 0.00 0.00 0.00 nan nan nan nan nan nan nan nan nan nan nan nan 
0.00 0.00 0.00 0.00 nan nan nan nan nan nan nan nan nan nan nan nan 
0.00 0.00 0.00 0.00 0.00 nan nan nan nan nan nan nan nan nan nan nan 
29.71 0.00 0.00 0.00 0.00 nan nan nan nan nan nan nan nan nan nan nan 
29.71 0.00 0.00 0.00 0.00 28.31 nan nan nan nan nan nan nan nan nan nan 
29.71 0.00 0.00 0.00 0.00 0.00 nan nan nan nan nan nan nan nan nan nan 
29.71 0.00 0.00 0.00 0.00 0.00 nan nan nan nan nan nan nan nan nan nan 
29.71 0.00 0.00 0.00 0.00 0.00 30.25 nan nan nan nan nan nan nan nan nan 
24.35 29.34 29.21 37.15 31.69 17.49 8.57 nan nan nan nan nan nan nan nan nan 
23.65 31.25 36.21 42.54 34.83 23.57 6.63 27.48 nan nan nan nan nan nan nan nan 
30.92 30.99 29.83 39.80 29.62 21.22 7.88 -0.33 nan nan nan nan nan nan nan nan 
29.60 31.78 30.02 36.55 33.02 17.61 11.92 1.16 nan nan nan nan nan nan nan nan 
27.11 33.48 33.48 41.26 35.01 17.81 7.02 -0.23 32.03 nan nan nan nan nan nan nan 
28.51 29.83 31.32 39.57 28.60 21.14 9.18 -0.11 0.07 nan nan nan nan nan nan nan 
24.50 30.41 29.16 44.97 28.53 18.47 11.00 -0.09 -0.04 34.12 nan nan nan nan nan nan 
32.95 34.75 44.78 43.52 33.47 26.48 18.24 16.57 9.03 1.79 nan nan nan nan nan nan 
38.00 38.26 42.36 46.26 30.91 27.13 19.42 15.85 -0.05 -1.06 nan nan nan nan nan nan 
35.36 38.55 32.33 42.60 38.69 30.16 20.42 10.98 7.20 2.44 34.34 nan nan nan nan nan 
30.54 34.78 41.45 37.38 32.05 24.92 22.31 13.99 0.30 -2.34 1.76 nan nan nan nan nan 
31.38 39.42 35.56 42.92 35.06 20.61 20.54 11.00 1.73 0.79 -0.02 30.69 nan nan nan nan 
32.63 38.81 42.69 42.06 29.97 24.44 21.51 15.12 -0.74 -0.05 -1.25 31.56 nan nan nan nan 
32.33 31.07 41.86 35.21 39.09 31.26 17.95 16.67 7.09 -1.02 0.59 0.53 31.32 nan nan nan 
28.37 36.63 37.31 37.96 30.32 26.29 20.99 13.35 -1.63 -1.61 -0.65 0.40 34.19 nan nan nan 
27.67 35.57 39.39 35.58 32.22 27.24 21.56 9.60 8.82 1.71 0.79 0.10 2.03 nan nan nan 
31.66 37.55 40.95 29.76 29.17 26.62 18.92 12.41 0.68 0.26 -2.06 0.24 -0.36 0.00 nan nan 
29.30 26.07 23.00 25.76 27.94 18.39 8.15 2.47 -0.09 1.48 -0.59 -1.08 0.00 0.00 nan nan 
29.11 26.79 26.15 27.39 28.12 20.73 12.29 0.27 -0.49 4.20 1.62 -0.66 -0.58 1.09 0.00 nan 
0.00 0.00 0.00 0.00 0.00 0.00 0.00 0.00 0.00 0.00 0.00 0.00 0.00 0.00 0.00 nan 
0.00 0.00 0.00 0.00 0.00 0.00 0.00 0.00 0.00 0.00 0.00 0.00 0.00 0.00 0.00 nan 
0.00 0.00 0.00 0.00 0.00 0.00 0.00 0.00 0.00 0.00 0.00 0.00 0.00 0.00 0.00 0.00 
0.00 0.00 0.00 0.00 0.00 0.00 0.00 0.00 0.00 0.00 0.00 0.00 0.00 0.00 0.00 0.00 
0.00 0.00 0.00 0.00 0.00 0.00 0.00 0.00 0.00 0.00 0.00 0.00 0.00 nan nan nan 
0.00 0.00 0.00 0.00 0.00 0.00 0.00 0.00 0.00 0.00 nan nan nan nan nan nan 
0.00 0.00 0.00 0.00 nan nan nan nan nan nan nan nan nan nan nan nan 
