27.81 0.00 0.00 0.00 0.00 28.85 nan nan nan nan nan nan nan nan 
27.81 0.00 0.00 0.00 0.00 28.85 nan nan nan nan nan nan nan nan 
27.81 32.53 0.00 0.00 0.00 0.00 nan nan nan nan nan nan nan nan 
27.81 32.53 0.00 0.00 0.00 0.00 nan nan nan nan nan nan nan nan 
27.81 32.53 0.00 0.00 0.00 0.00 28.85 nan nan nan nan nan nan nan 
27.81 32.53 0.00 0.00 0.00 0.00 0.00 nan nan nan nan nan nan nan 
27.87 32.53 0.00 0.00 0.00 0.00 0.00 nan nan nan nan nan nan nan 
27.28 28.16 28.05 45.22 33.60 27.12 12.77 28.91 nan nan nan nan nan nan 
30.55 27.44 29.84 43.86 36.68 21.46 11.23 29.05 nan nan nan nan nan nan 
29.91 33.45 33.05 43.42 29.85 19.06 11.33 -1.21 nan nan nan nan nan nan 
29.00 33.03 33.63 43.54 31.35 22.84 11.23 0.09 nan nan nan nan nan nan 
30.14 28.88 34.64 41.19 36.49 21.99 8.96 -0.08 25.53 nan nan nan nan nan 
25.86 33.15 33.81 45.93 33.47 21.12 14.25 4.35 29.77 nan nan nan nan nan 
28.29 30.85 31.75 40.83 27.23 22.08 9.48 0.75 0.23 nan nan nan nan nan 
27.55 30.61 33.55 39.14 35.20 21.43 8.94 -0.67 1.36 25.60 nan nan nan nan 
25.08 26.19 36.76 38.86 30.75 19.06 12.89 -0.59 0.20 23.03 nan nan nan nan 
25.87 22.70 31.83 36.00 29.27 15.07 8.11 -1.00 -1.06 0.04 nan nan nan nan 
28.07 28.79 32.64 33.77 28.44 24.27 8.87 -0.39 -1.66 -0.47 24.06 nan nan nan 
24.88 30.17 32.91 45.23 34.67 21.46 6.71 1.22 0.42 -0.93 31.03 nan nan nan 
28.26 27.75 34.68 40.76 29.71 19.31 12.72 0.72 -0.94 -1.25 24.54 nan nan nan 
25.03 29.90 36.30 40.04 30.37 20.18 11.63 2.14 0.01 2.64 1.71 nan nan nan 
21.87 30.60 35.22 33.70 29.13 23.67 10.63 0.72 1.23 -2.32 1.85 29.16 nan nan 
27.45 28.16 30.25 36.37 30.60 19.86 8.72 -0.56 -0.70 1.47 -0.30 26.98 nan nan 
29.23 33.16 34.80 28.16 26.14 20.89 12.83 -0.46 3.77 1.28 -1.33 25.36 nan nan 
28.49 29.45 30.70 35.14 24.12 21.20 11.65 -1.53 -1.91 -0.96 0.27 -1.66 0.00 nan 
26.94 27.87 34.79 31.99 29.82 19.36 10.16 1.37 -1.93 1.67 -0.13 1.27 0.00 nan 
0.00 0.00 0.00 0.00 0.00 0.00 0.00 0.00 0.00 0.00 0.00 0.00 0.00 nan 
0.00 0.00 0.00 0.00 0.00 0.00 0.00 0.00 0.00 0.00 0.00 0.00 0.00 nan 
0.00 0.00 0.00 0.00 0.00 0.00 0.00 0.00 0.00 0.00 0.00 0.00 0.00 0.00 
0.00 0.00 0.00 0.00 0.00 0.00 0.00 0.00 0.00 0.00 0.00 0.00 0.00 0.00 
0.00 0.00 0.00 0.00 0.00 0.00 0.00 0.00 0.00 0.00 0.00 0.00 0.00 0.00 
0.00 0.00 0.00 0.00 0.00 0.00 0.00 0.00 0.00 0.00 0.00 0.00 0.00 nan 
0.00 0.00 0.00 0.00 0.00 0.00 0.00 0.00 nan nan nan nan nan nan 
