0.24 0.25 26.60 nan nan nan nan nan nan nan nan nan nan nan nan nan 
0.24 0.25 0.25 nan nan nan nan nan nan nan nan nan nan nan nan nan 
33.11 0.26 0.24 nan nan nan nan nan nan nan nan nan nan nan nan nan 
33.11 0.24 0.24 0.24 nan nan nan nan nan nan nan nan nan nan nan nan 
34.62 0.25 0.25 0.25 nan nan nan nan nan nan nan nan nan nan nan nan 
34.62 0.24 0.25 0.24 26.60 nan nan nan nan nan nan nan nan nan nan nan 
27.92 0.24 0.26 0.24 0.24 nan nan nan nan nan nan nan nan nan nan nan 
27.92 0.24 0.26 0.26 0.25 nan nan nan nan nan nan nan nan nan nan nan 
27.92 0.24 0.24 0.25 0.23 26.60 nan nan nan nan nan nan nan nan nan nan 
27.92 0.24 0.25 0.25 0.24 0.24 nan nan nan nan nan nan nan nan nan nan 
27.92 0.24 0.25 0.25 0.24 0.25 nan nan nan nan nan nan nan nan nan nan 
27.14 33.11 0.24 0.26 0.26 0.00 22.58 nan nan nan nan nan nan nan nan nan 
27.16 30.69 32.46 37.87 31.81 20.93 7.53 nan nan nan nan nan nan nan nan nan 
31.97 29.67 35.27 41.11 27.69 19.97 9.76 28.16 nan nan nan nan nan nan nan nan 
28.19 27.20 39.85 41.48 29.02 20.23 11.15 1.73 nan nan nan nan nan nan nan nan 
26.88 31.13 37.48 43.04 29.03 20.68 8.99 1.04 nan nan nan nan nan nan nan nan 
27.40 33.55 30.90 34.61 31.45 23.03 9.51 0.03 28.85 nan nan nan nan nan nan nan 
25.28 29.52 32.51 35.94 31.44 21.31 8.96 0.43 -1.87 nan nan nan nan nan nan nan 
23.94 33.09 32.78 36.87 30.42 21.98 11.60 -2.52 -0.31 27.74 nan nan nan nan nan nan 
22.96 30.62 33.71 33.63 24.74 22.48 8.37 -0.01 1.10 25.00 nan nan nan nan nan nan 
26.01 26.03 27.88 39.10 31.98 23.70 9.95 -0.87 -0.73 0.39 nan nan nan nan nan nan 
26.48 27.92 31.86 42.55 30.85 22.34 131.57 121.25 118.41 121.31 153.51 nan nan nan nan nan 
144.10 147.94 153.90 157.87 145.62 140.51 133.45 123.97 123.32 127.79 126.67 nan nan nan nan nan 
146.89 151.70 156.74 163.84 147.12 142.94 136.64 125.54 128.15 126.80 128.20 nan nan nan nan nan 
152.33 153.81 156.95 166.41 157.01 143.39 136.00 129.29 128.39 130.58 133.90 156.63 nan nan nan nan 
156.72 160.03 156.79 169.94 159.81 147.50 142.87 133.92 131.26 137.07 134.58 137.63 nan nan nan nan 
158.37 169.33 166.56 172.58 165.45 159.60 149.20 136.73 138.03 136.41 141.09 141.28 166.30 nan nan nan 
164.01 165.41 170.47 182.08 174.99 160.06 146.02 138.27 142.95 138.68 143.61 145.22 169.58 nan nan nan 
167.03 172.46 174.85 177.77 169.11 158.30 153.16 145.45 144.46 144.65 149.58 147.42 148.46 nan nan nan 
167.01 168.43 175.61 179.72 176.42 164.72 158.36 145.66 147.46 146.99 149.98 148.02 150.51 153.15 nan nan 
147.61 147.61 147.61 148.39 148.39 149.19 149.98 149.98 150.77 152.36 153.15 153.95 155.55 156.35 nan nan 
150.77 150.77 151.56 151.56 152.36 152.36 153.15 153.95 154.75 155.55 156.35 157.96 158.76 159.57 161.18 nan 
154.75 154.75 154.75 155.55 155.55 156.35 157.15 157.96 158.76 158.76 160.37 161.18 161.99 163.61 164.42 nan 
157.96 157.96 158.76 158.76 159.57 159.57 160.37 161.18 161.99 162.80 163.61 164.42 166.05 166.87 167.69 nan 
161.99 161.99 161.99 161.99 162.80 163.61 163.61 164.42 165.24 166.05 166.87 168.50 169.32 170.14 nan nan 
165.24 165.24 166.05 166.05 166.05 166.87 167.69 168.50 169.32 170.14 170.97 nan nan nan nan nan 
169.32 169.32 169.32 169.32 170.14 170.97 nan nan nan nan nan nan nan nan nan nan 
