28.47 27.50 0.00 0.00 0.00 0.00 0.00 nan nan nan nan nan nan nan nan nan 
30.51 33.41 38.28 39.55 35.17 18.37 10.95 26.12 nan nan nan nan nan nan nan nan 
29.05 29.42 32.63 43.11 32.84 23.84 11.27 24.34 nan nan nan nan nan nan nan nan 
29.01 29.25 34.27 48.41 32.07 18.81 9.06 0.82 nan nan nan nan nan nan nan nan 
27.49 28.17 33.86 46.08 32.36 19.06 8.14 0.91 25.90 nan nan nan nan nan nan nan 
28.18 28.85 37.68 41.92 28.10 24.17 10.73 0.99 -1.19 nan nan nan nan nan nan nan 
24.58 29.09 32.70 42.70 32.42 20.96 8.58 -0.80 -0.26 nan nan nan nan nan nan nan 
29.72 28.64 28.22 46.28 31.13 19.96 12.25 0.70 0.52 47.60 nan nan nan nan nan nan 
49.75 40.72 43.76 44.55 33.98 26.60 18.86 12.20 0.89 -2.89 nan nan nan nan nan nan 
37.55 47.01 41.47 41.92 29.85 24.05 16.70 8.99 3.21 0.80 33.60 nan nan nan nan nan 
40.68 47.35 43.13 49.83 28.96 24.01 15.70 12.27 -1.31 1.51 36.07 nan nan nan nan nan 
38.58 38.71 44.83 47.12 31.87 23.65 14.07 9.96 0.81 2.28 -2.08 nan nan nan nan nan 
37.81 35.71 36.96 33.29 33.25 18.36 16.83 10.43 0.31 2.23 1.58 26.42 nan nan nan nan 
40.07 27.11 33.74 34.46 25.81 24.40 17.77 8.00 1.04 -3.49 0.53 25.33 nan nan nan nan 
34.62 29.73 32.48 32.88 33.96 26.90 16.88 12.06 1.98 0.84 0.79 0.47 nan nan nan nan 
25.21 29.25 28.99 34.38 36.00 22.90 19.73 9.14 -1.70 1.08 -1.14 -1.53 19.85 nan nan nan 
27.65 23.53 22.79 27.78 33.87 19.27 19.15 7.65 -1.30 -0.72 -2.26 0.86 -7.76 nan nan nan 
21.64 16.63 14.81 15.57 26.69 27.54 16.54 11.30 0.67 -0.08 0.14 1.02 1.83 nan nan nan 
1.23 -4.07 4.13 13.15 24.89 21.77 8.30 0.58 0.03 0.22 0.79 0.80 0.75 0.00 nan nan 
-0.23 -3.19 5.07 6.93 21.81 21.18 12.78 2.41 -1.36 0.00 -0.23 -2.01 0.00 0.00 nan nan 
0.00 0.00 0.00 0.00 0.00 0.00 0.00 0.00 0.00 0.00 0.00 0.00 0.00 0.00 0.00 nan 
0.00 0.00 0.00 0.00 0.00 0.00 0.00 0.00 0.00 0.00 0.00 0.00 0.00 0.00 0.00 nan 
0.00 0.00 0.00 0.00 0.00 0.00 0.00 0.00 0.00 0.00 0.00 0.00 0.00 0.00 0.00 nan 
0.00 0.00 0.00 0.00 0.00 0.00 0.00 0.00 0.00 0.00 0.00 0.00 0.00 0.00 0.00 0.00 
0.00 0.00 0.00 0.00 0.00 0.00 0.00 0.00 0.00 0.00 0.00 0.00 0.00 nan nan nan 
0.00 0.00 0.00 0.00 0.00 0.00 0.00 0.00 0.00 nan nan nan nan nan nan nan 
