29.78 0.00 0.00 0.00 30.94 nan nan nan nan nan nan nan nan nan nan nan 
29.78 0.00 0.00 0.00 0.00 nan nan nan nan nan nan nan nan nan nan nan 
29.78 0.00 0.00 0.00 0.00 nan nan nan nan nan nan nan nan nan nan nan 
29.78 0.00 0.00 0.00 0.00 30.94 nan nan nan nan nan nan nan nan nan nan 
28.66 0.00 0.00 0.00 0.00 0.00 nan nan nan nan nan nan nan nan nan nan 
28.66 0.00 0.00 0.00 0.00 0.00 nan nan nan nan nan nan nan nan nan nan 
28.66 0.00 0.00 0.00 0.00 0.00 30.94 nan nan nan nan nan nan nan nan nan 
28.66 0.00 0.00 0.00 0.00 0.00 0.00 nan nan nan nan nan nan nan nan nan 
29.49 28.90 32.31 36.09 28.26 20.38 14.46 nan nan nan nan nan nan nan nan nan 
30.43 32.27 34.04 43.70 30.91 22.13 9.55 25.33 nan nan nan nan nan nan nan nan 
28.09 29.12 30.65 38.70 28.01 19.97 10.00 2.24 nan nan nan nan nan nan nan nan 
28.76 28.61 35.71 45.90 27.40 20.60 14.49 -1.62 23.97 nan nan nan nan nan nan nan 
25.05 28.25 34.60 43.69 28.17 20.41 7.79 0.33 28.68 nan nan nan nan nan nan nan 
26.29 28.45 32.92 36.65 31.27 17.24 15.00 0.61 0.96 nan nan nan nan nan nan nan 
26.15 27.27 36.12 38.79 29.93 21.36 8.60 -1.28 1.33 40.34 nan nan nan nan nan nan 
29.35 28.54 32.25 44.02 28.85 19.49 10.03 0.12 1.33 40.40 nan nan nan nan nan nan 
43.79 43.06 42.35 38.67 26.54 25.25 16.25 2.67 -0.13 -0.25 nan nan nan nan nan nan 
43.32 39.19 45.60 42.60 33.04 27.08 12.03 8.43 -0.94 -0.03 35.61 nan nan nan nan nan 
38.98 37.09 36.07 38.38 26.35 19.90 14.80 1.00 -0.64 0.44 39.72 nan nan nan nan nan 
38.05 39.50 35.54 36.63 34.84 23.94 11.30 -0.14 0.75 -0.93 0.87 nan nan nan nan nan 
40.74 35.66 35.40 39.05 31.71 25.79 15.14 9.10 -2.99 -0.17 -1.07 36.82 nan nan nan nan 
40.39 38.11 44.43 35.60 35.81 25.13 20.91 0.31 -0.97 0.79 0.30 37.81 nan nan nan nan 
36.37 38.43 34.47 35.49 35.85 15.73 14.49 0.74 -1.18 1.85 -2.12 0.94 nan nan nan nan 
35.66 37.13 33.14 33.14 23.81 24.75 14.66 9.55 3.63 -0.81 0.32 -2.32 31.68 nan nan nan 
35.17 33.20 34.91 35.00 22.91 22.64 12.83 1.70 0.83 0.68 0.66 -0.30 21.70 nan nan nan 
35.83 41.51 31.68 34.97 28.93 19.44 18.05 0.63 -0.04 1.68 1.09 0.92 2.70 nan nan nan 
18.43 20.69 20.26 32.79 24.48 20.01 12.03 1.22 1.34 -0.23 2.56 1.42 -1.60 0.00 nan nan 
0.00 0.00 0.00 0.00 0.00 0.00 0.00 0.00 0.00 0.00 0.00 0.00 0.00 0.00 nan nan 
0.00 0.00 0.00 0.00 0.00 0.00 0.00 0.00 0.00 0.00 0.00 0.00 0.00 0.00 nan nan 
0.00 0.00 0.00 0.00 0.00 0.00 0.00 0.00 0.00 0.00 0.00 0.00 0.00 0.00 0.00 nan 
0.00 0.00 0.00 0.00 0.00 0.00 0.00 0.00 0.00 0.00 0.00 0.00 0.00 0.00 0.00 nan 
0.00 0.00 0.00 0.00 0.00 0.00 0.00 0.00 0.00 0.00 0.00 0.00 0.00 0.00 0.00 nan 
0.00 0.00 0.00 0.00 0.00 0.00 0.00 0.00 0.00 0.00 0.00 nan nan nan nan nan 
0.00 0.00 0.00 0.00 0.00 0.00 nan nan nan nan nan nan nan nan nan nan 
