31.61 0.00 0.00 0.00 27.87 nan nan nan nan nan nan nan nan nan nan 
31.61 0.00 0.00 0.00 0.00 nan nan nan nan nan nan nan nan nan nan 
31.61 0.00 0.00 0.00 0.00 nan nan nan nan nan nan nan nan nan nan 
31.61 0.00 0.00 0.00 0.00 27.87 nan nan nan nan nan nan nan nan nan 
26.86 36.66 0.00 0.00 0.00 0.00 nan nan nan nan nan nan nan nan nan 
26.86 36.66 0.00 0.00 0.00 0.00 nan nan nan nan nan nan nan nan nan 
26.86 36.66 0.00 0.00 0.00 0.00 27.45 nan nan nan nan nan nan nan nan 
26.19 33.43 35.77 43.05 31.19 18.91 9.11 nan nan nan nan nan nan nan nan 
27.71 31.09 32.87 43.38 27.83 18.58 10.58 nan nan nan nan nan nan nan nan 
26.26 27.56 31.63 49.67 34.04 23.60 5.78 29.96 nan nan nan nan nan nan nan 
28.22 31.01 33.33 39.07 33.10 22.26 7.85 0.76 nan nan nan nan nan nan nan 
23.38 33.19 30.65 39.00 28.37 25.79 13.82 -0.12 28.37 nan nan nan nan nan nan 
26.97 32.70 32.97 46.79 31.38 18.18 8.71 -3.29 23.03 nan nan nan nan nan nan 
23.79 32.30 35.19 42.52 35.19 20.88 13.97 -0.89 -1.32 nan nan nan nan nan nan 
27.82 32.50 32.79 41.06 30.11 18.05 11.21 0.37 0.62 39.97 nan nan nan nan nan 
49.51 42.35 47.73 42.58 34.42 25.80 17.59 8.68 -1.33 43.14 nan nan nan nan nan 
41.73 44.98 47.28 40.93 30.98 25.67 16.76 5.87 -0.76 -0.17 nan nan nan nan nan 
38.97 43.41 40.12 46.10 36.25 26.73 16.45 7.59 -1.94 0.84 43.43 nan nan nan nan 
40.98 41.52 35.06 39.43 28.92 25.15 17.41 10.91 0.03 2.75 34.84 nan nan nan nan 
38.30 34.55 40.71 43.85 30.38 25.50 13.82 -1.64 -0.12 -2.60 -1.37 nan nan nan nan 
37.42 35.78 34.70 38.58 31.86 24.84 15.87 5.44 -0.94 0.53 -1.01 30.48 nan nan nan 
34.05 38.26 31.48 31.80 32.18 19.55 16.84 9.25 0.49 0.39 0.28 36.64 nan nan nan 
40.40 33.81 35.50 36.50 34.48 18.04 17.02 -0.28 -3.93 2.10 0.04 0.95 nan nan nan 
34.13 30.78 27.60 25.27 29.24 21.49 14.97 7.13 -0.37 -0.80 0.79 -0.07 8.18 nan nan 
25.60 31.10 27.63 24.50 26.25 20.47 14.64 7.86 0.37 -0.68 -1.79 0.10 0.00 nan nan 
15.06 13.30 10.05 23.10 26.83 21.12 16.23 -0.23 0.93 1.67 -1.91 -1.17 0.82 nan nan 
0.00 0.00 0.00 0.00 0.00 0.00 0.00 0.00 0.00 0.00 0.00 0.00 0.00 0.00 nan 
0.00 0.00 0.00 0.00 0.00 0.00 0.00 0.00 0.00 0.00 0.00 0.00 0.00 0.00 nan 
0.00 0.00 0.00 0.00 0.00 0.00 0.00 0.00 0.00 0.00 0.00 0.00 0.00 0.00 nan 
0.00 0.00 0.00 0.00 0.00 0.00 0.00 0.00 0.00 0.00 0.00 0.00 0.00 0.00 0.00 
0.00 0.00 0.00 0.00 0.00 0.00 0.00 0.00 0.00 0.00 0.00 0.00 0.00 0.00 0.00 
0.00 0.00 0.00 0.00 0.00 0.00 0.00 0.00 0.00 0.00 0.00 0.00 nan nan nan 
0.00 0.00 0.00 0.00 0.00 0.00 0.00 0.00 nan nan nan nan nan nan nan 
nan nan nan nan nan nan nan nan nan nan nan nan nan nan nan 
