# Vol_scan Display Grid (processed)
# Grid size: 31 x 30
# Format: reflectivity
# Ref point: (-43000.000000, 12000.000000)
# Grid res: 1000.000000 meters
0.000 0.000 0.000 0.000 0.000 0.000 0.000 0.000 0.000 0.000 0.000 0.000 0.000 0.000 0.000 0.000 0.000 0.000 0.000 0.000 0.000 0.000 0.000 0.000 0.000 0.000 0.000 0.000 0.000 0.000 
0.000 0.000 0.000 0.000 0.000 0.000 0.000 0.000 0.000 -0.000 0.000 0.000 0.000 0.000 0.000 0.000 0.000 0.000 0.000 0.000 0.000 0.000 0.000 0.000 0.000 0.000 0.000 0.000 0.000 0.000 
0.000 0.000 0.000 0.000 0.000 0.000 0.000 0.000 0.000 -0.000 0.000 -0.000 0.000 0.000 0.000 0.000 0.000 0.000 0.000 0.000 0.000 0.000 0.000 0.000 0.000 0.000 0.000 0.000 0.000 0.000 
0.000 0.000 0.000 0.000 0.000 0.000 0.000 0.000 0.000 0.000 0.000 -0.000 0.000 0.000 -0.000 0.000 0.000 0.000 0.000 0.000 0.000 0.000 0.000 0.000 0.000 0.000 0.000 0.000 0.000 0.000 
0.000 0.000 0.000 0.000 0.000 0.000 0.000 -0.000 0.000 0.000 0.001 0.000 0.001 0.000 0.000 0.001 0.060 0.000 0.000 0.000 0.000 0.000 0.000 0.000 0.000 0.000 0.000 0.000 0.000 0.000 
0.000 0.000 0.000 0.000 0.000 0.000 0.000 0.000 0.000 0.001 25.477 24.500 26.838 26.894 24.879 22.474 18.228 0.831 5.883 0.000 0.000 0.000 0.000 0.000 0.000 0.000 0.000 0.000 0.000 0.000 
0.000 0.000 0.000 0.000 0.000 0.000 -0.000 15.126 23.922 24.944 27.742 29.700 29.332 27.290 27.052 28.268 28.148 23.020 22.067 5.125 6.262 0.000 0.000 0.000 0.000 0.000 0.000 0.000 0.000 0.000 
0.000 0.000 0.000 0.000 0.000 -0.000 6.268 21.855 28.657 28.768 27.006 27.878 28.483 27.359 27.927 28.775 28.402 26.099 26.509 27.342 12.606 6.185 0.000 0.000 0.000 0.000 0.000 0.000 0.000 0.000 
0.000 0.000 0.000 0.000 0.000 0.000 27.801 27.200 27.909 28.341 28.736 28.417 27.782 27.832 28.709 27.387 29.341 27.464 27.435 28.343 27.640 9.139 0.067 0.000 0.000 0.000 0.000 0.000 0.000 0.000 
0.000 0.000 0.000 0.000 0.000 24.381 28.860 27.296 26.359 27.905 27.205 27.460 28.765 30.064 28.287 29.763 27.331 27.773 28.086 27.558 27.580 27.185 0.053 0.000 0.000 0.000 0.000 0.000 0.000 0.000 
0.000 0.000 0.000 -0.000 0.000 26.903 28.242 27.866 27.101 27.702 27.035 27.292 29.153 28.753 27.440 27.772 28.123 27.628 28.106 26.803 28.122 29.034 14.367 0.045 0.000 0.000 0.000 0.000 0.000 0.000 
0.000 0.000 0.000 0.000 28.207 27.464 27.566 27.639 26.934 28.702 26.848 26.720 27.960 28.753 26.227 26.986 28.385 29.289 27.762 26.511 27.177 28.719 26.675 0.001 0.000 0.000 0.000 0.000 0.000 0.000 
0.000 0.000 0.000 0.000 27.197 27.542 26.725 29.926 26.993 27.621 28.904 27.934 28.117 27.858 27.191 27.507 26.777 29.741 28.369 28.480 27.385 27.681 27.616 0.000 -0.000 0.000 0.000 0.000 0.000 0.000 
0.000 0.000 -0.000 25.051 27.848 28.065 28.190 28.368 28.059 28.865 28.802 26.833 27.947 27.655 28.342 29.751 28.323 28.067 28.313 28.640 27.697 28.704 28.036 0.081 0.000 -0.000 0.000 0.000 0.000 0.000 
0.000 0.000 0.000 29.139 26.839 28.636 27.259 26.830 28.589 27.807 26.443 26.109 26.300 28.302 27.754 27.688 28.883 27.724 27.741 29.245 28.892 28.173 25.602 8.018 0.000 0.000 0.000 0.000 0.000 0.000 
0.000 -0.000 0.000 26.925 29.085 27.313 28.796 28.546 28.450 26.876 26.678 35.270 34.071 33.787 34.241 27.921 27.886 27.387 27.602 27.403 27.256 27.842 28.232 0.161 0.000 0.000 -0.000 0.000 0.000 0.000 
0.000 0.000 -0.000 28.787 28.761 26.309 28.500 27.059 29.682 27.226 35.698 34.828 38.072 34.098 35.160 34.793 37.999 28.936 27.401 27.666 27.302 29.115 28.855 0.275 0.000 0.000 0.000 0.000 0.000 0.000 
0.000 -0.000 0.000 0.000 27.060 28.381 27.123 28.084 28.682 34.994 34.945 36.224 38.476 36.706 36.605 35.926 38.241 35.962 28.953 27.767 27.993 27.998 27.786 0.002 0.000 0.000 -0.000 -0.000 0.000 0.000 
-0.000 -0.000 0.000 -0.000 26.765 27.578 27.455 28.800 28.044 37.503 34.957 37.166 37.185 35.669 36.818 35.130 35.596 36.819 27.353 26.875 27.002 27.203 26.752 0.000 0.000 0.000 0.000 0.000 -0.000 -0.000 
0.000 0.000 -0.000 0.000 26.852 27.089 26.904 29.134 27.973 38.196 37.633 36.579 35.902 36.645 37.516 36.093 38.418 36.997 28.396 26.619 27.143 28.260 28.313 0.000 0.000 0.000 0.000 0.000 0.000 0.000 
0.000 0.000 0.000 0.000 21.252 26.806 27.174 27.539 37.199 35.066 36.091 38.193 37.083 37.206 34.561 34.697 37.382 36.447 27.795 26.316 26.632 26.578 14.767 -0.000 -0.000 0.000 -0.000 0.000 0.000 0.000 
0.000 0.000 0.000 0.000 0.000 23.208 28.193 28.692 30.562 37.147 37.916 37.296 37.240 37.396 36.468 36.821 35.572 34.532 33.962 27.503 26.970 17.905 -0.000 0.000 0.000 -0.000 0.000 0.000 0.000 0.000 
0.000 0.000 0.000 0.000 0.000 0.000 26.073 27.402 30.783 39.645 36.651 37.433 35.896 36.107 35.642 37.326 35.970 36.270 26.863 28.995 24.439 0.000 -0.000 -0.000 0.000 0.000 0.000 0.000 0.000 0.000 
0.000 0.000 0.000 0.000 0.000 0.000 0.000 26.219 28.150 35.075 36.554 36.245 37.178 37.764 35.376 35.042 35.691 33.200 25.956 17.953 0.000 0.000 0.000 0.000 0.000 0.000 0.000 0.000 0.000 0.000 
0.000 0.000 0.000 0.000 0.000 0.000 0.000 0.000 21.627 23.481 31.883 36.685 34.705 38.086 35.753 36.006 31.036 23.764 22.484 0.000 0.000 0.000 0.000 0.000 0.000 0.000 0.000 0.000 0.000 0.000 
0.000 0.000 0.000 0.000 0.000 0.000 0.000 0.000 0.000 -0.000 14.843 27.028 31.946 31.206 30.305 13.464 0.000 0.000 0.000 0.000 0.000 0.000 0.000 0.000 0.000 0.000 0.000 0.000 0.000 0.000 
0.000 0.000 0.000 0.000 0.000 0.000 0.000 0.000 0.000 0.000 -0.000 0.000 0.000 0.000 -0.000 0.000 0.000 -0.000 0.000 0.000 0.000 0.000 0.000 0.000 0.000 0.000 0.000 0.000 0.000 0.000 
0.000 0.000 0.000 0.000 0.000 0.000 0.000 0.000 0.000 0.000 0.000 -0.000 -0.000 0.000 -0.000 -0.000 0.000 0.000 0.000 0.000 0.000 0.000 0.000 0.000 0.000 0.000 0.000 0.000 0.000 0.000 
0.000 0.000 0.000 0.000 0.000 0.000 0.000 0.000 0.000 0.000 0.000 0.000 0.000 0.000 0.000 0.000 0.000 0.000 0.000 0.000 0.000 0.000 0.000 0.000 0.000 0.000 0.000 0.000 0.000 0.000 
0.000 0.000 0.000 0.000 0.000 0.000 0.000 0.000 0.000 0.000 0.000 0.000 0.000 0.000 0.000 0.000 0.000 0.000 0.000 0.000 0.000 0.000 0.000 0.000 0.000 0.000 0.000 0.000 0.000 0.000 
0.000 0.000 0.000 0.000 0.000 0.000 0.000 0.000 0.000 0.000 0.000 0.000 0.000 0.000 0.000 0.000 0.000 0.000 0.000 0.000 0.000 0.000 0.000 0.000 0.000 0.000 0.000 0.000 0.000 0.000 
