# Vol_scan Display Grid (processed)
# Grid size: 30 x 29
# Format: reflectivity
# Ref point: (-34000.000000, 12000.000000)
# Grid res: 1000.000000 meters
0.000 0.000 0.000 0.000 0.000 0.000 0.000 0.000 0.000 0.000 0.000 0.000 -0.000 0.000 0.000 0.000 0.000 0.000 0.000 0.000 0.000 0.000 0.000 0.000 0.000 0.000 0.000 0.000 0.000 
0.000 0.000 0.000 0.000 0.000 0.000 0.000 0.000 0.000 0.000 0.000 -0.000 0.000 0.000 0.000 0.000 0.000 0.000 0.000 0.000 0.000 0.000 0.000 0.000 0.000 0.000 0.000 0.000 0.000 
0.000 0.000 0.000 0.000 0.000 0.000 0.000 0.000 0.000 0.000 0.000 0.000 -0.000 -0.000 0.000 -0.000 0.000 0.000 0.000 0.000 0.000 0.000 0.000 0.000 0.000 0.000 0.000 0.000 0.000 
0.000 0.000 0.000 0.000 0.000 0.000 0.000 0.000 0.000 0.000 0.000 -0.000 0.000 -0.000 0.000 0.000 0.000 0.000 0.000 0.000 0.000 0.000 0.000 0.000 0.000 0.000 0.000 0.000 0.000 
0.000 0.000 0.000 0.000 0.000 0.000 0.000 0.000 -0.000 0.000 0.000 0.000 0.000 0.000 0.000 0.000 0.000 0.000 0.031 0.000 0.000 0.000 0.000 0.000 0.000 0.000 0.000 0.000 0.000 
0.000 0.000 0.000 0.000 0.000 0.000 0.000 0.000 -0.000 0.000 5.181 2.994 7.984 7.374 5.494 0.001 0.002 0.002 0.000 0.034 0.000 0.000 0.000 0.000 0.000 0.000 0.000 0.000 0.000 
0.000 0.000 0.000 0.000 0.000 0.000 0.000 0.000 0.003 11.217 26.586 26.693 26.443 23.464 26.972 23.638 24.985 16.982 0.002 0.007 5.380 4.950 0.000 0.000 0.000 0.000 0.000 0.000 0.000 
0.000 0.000 0.000 0.000 0.000 0.000 0.000 23.320 24.802 28.130 27.845 28.355 27.636 28.206 27.709 26.837 27.008 26.866 23.626 1.300 6.793 6.180 6.420 0.000 0.000 0.000 0.000 0.000 0.000 
0.000 0.000 0.000 0.000 0.000 0.000 8.776 27.983 28.549 27.947 28.023 29.120 27.250 27.955 27.085 28.250 27.299 30.124 28.608 27.564 20.002 5.892 5.220 6.180 0.000 0.000 0.000 0.000 0.000 
0.000 0.000 0.000 0.000 0.000 25.264 27.297 28.318 27.719 29.974 28.801 28.706 28.729 28.439 26.372 26.158 29.383 27.463 27.679 28.510 28.071 29.299 6.300 5.990 0.000 0.000 0.000 0.000 0.000 
0.000 0.000 0.000 0.000 0.000 27.228 28.255 28.684 27.213 28.478 27.274 27.348 29.764 27.154 27.736 27.139 28.360 27.293 28.017 29.036 28.562 28.668 23.876 6.118 4.590 0.000 0.000 0.000 0.000 
0.000 0.000 0.000 0.000 21.837 26.977 27.277 27.801 27.277 27.310 26.911 28.857 28.589 27.098 27.875 27.979 27.739 28.289 28.286 28.231 29.586 28.448 19.766 7.009 4.850 0.000 0.000 0.000 0.000 
0.000 0.000 0.000 0.000 29.371 27.115 26.873 27.277 27.836 29.616 28.100 29.035 28.655 28.388 26.429 27.333 28.534 27.971 26.035 29.517 26.736 27.566 27.620 0.015 0.006 0.000 0.000 0.000 0.000 
0.000 0.000 0.000 -0.000 27.359 27.319 26.036 27.249 26.961 27.486 27.019 27.886 27.815 27.649 29.127 26.831 27.069 27.918 28.505 26.855 27.312 26.487 28.576 0.007 0.016 5.500 0.000 0.000 0.000 
0.000 -0.000 -0.000 0.000 28.233 28.491 28.480 28.653 28.004 28.036 29.903 27.627 27.227 26.877 27.990 28.490 28.416 28.618 27.389 28.635 28.737 27.429 26.925 5.648 0.000 0.006 0.000 0.000 0.000 
0.000 0.000 -0.000 27.918 28.535 27.272 28.260 26.350 27.710 27.100 28.674 28.761 27.611 28.978 28.085 27.962 28.743 28.161 27.732 27.167 26.926 26.394 26.938 11.393 0.000 0.001 0.000 0.000 0.000 
0.000 0.000 0.000 -0.000 30.035 28.039 26.798 27.888 28.576 27.431 28.053 27.058 27.222 27.191 27.607 28.836 28.623 26.925 27.588 28.324 28.698 26.544 28.066 28.109 0.000 0.000 0.000 -0.000 0.000 
0.000 0.000 0.000 18.691 27.631 27.392 27.930 28.083 27.657 26.962 27.073 26.969 28.043 26.664 27.618 28.555 28.693 27.856 26.982 28.083 27.301 26.152 29.054 0.044 0.000 -0.000 0.000 0.000 0.000 
0.000 0.000 0.000 -0.000 27.946 28.573 27.993 28.006 27.312 27.159 28.331 28.879 28.362 27.643 28.103 29.083 28.591 28.442 27.085 27.623 27.301 28.284 27.039 0.089 0.000 0.000 0.000 0.000 0.000 
0.000 0.000 0.000 -0.000 26.978 29.786 27.702 27.700 26.661 28.781 27.697 26.382 27.531 28.401 29.099 26.597 27.458 27.308 29.148 28.562 28.188 28.150 26.842 0.000 0.000 -0.000 0.000 -0.000 0.000 
0.000 0.000 0.000 0.000 23.047 28.351 27.357 26.186 26.922 27.534 27.267 28.232 28.594 28.774 27.559 28.296 26.661 27.992 28.444 27.149 28.628 26.186 23.505 0.000 0.000 0.000 -0.000 0.000 0.000 
0.000 0.000 0.000 0.000 0.000 25.573 28.541 27.913 27.371 28.241 27.120 28.350 27.423 27.489 27.805 29.891 28.180 29.138 28.114 28.754 27.389 27.191 0.000 0.000 0.000 0.000 -0.000 0.000 0.000 
0.000 0.000 0.000 0.000 0.000 23.479 27.846 29.094 27.313 28.608 27.135 28.469 26.498 27.780 26.980 27.033 27.095 26.658 28.363 28.028 28.879 0.001 0.000 0.000 0.000 0.000 0.000 0.000 0.000 
0.000 0.000 0.000 0.000 0.000 0.000 22.919 28.258 28.123 28.533 28.582 27.520 27.342 27.925 26.820 27.014 27.804 26.615 28.491 28.385 0.000 0.000 -0.000 0.000 0.000 0.000 0.000 0.000 0.000 
0.000 0.000 0.000 0.000 0.000 0.000 0.000 0.000 25.917 27.994 27.894 28.927 28.687 28.037 27.653 27.836 26.611 27.836 24.973 -0.000 0.000 0.000 0.000 -0.000 0.000 0.000 0.000 0.000 0.000 
0.000 0.000 0.000 0.000 0.000 0.000 0.000 -0.000 -0.000 20.814 27.013 26.283 27.068 25.630 26.475 24.538 23.574 24.438 0.000 -0.000 0.000 0.000 0.000 0.000 0.000 0.000 0.000 0.000 0.000 
0.000 0.000 0.000 0.000 0.000 0.000 0.000 0.000 -0.000 0.000 -0.000 -0.000 14.078 0.000 21.518 -0.000 0.000 0.000 0.000 0.000 0.000 0.000 0.000 0.000 0.000 0.000 0.000 0.000 0.000 
0.000 0.000 0.000 0.000 0.000 0.000 0.000 0.000 -0.000 0.000 0.000 0.000 0.000 0.000 -0.000 0.000 0.000 0.000 0.000 0.000 0.000 0.000 0.000 0.000 0.000 0.000 0.000 0.000 0.000 
0.000 0.000 0.000 0.000 0.000 0.000 0.000 0.000 0.000 -0.000 -0.000 0.000 0.000 0.000 0.000 0.000 0.000 0.000 0.000 0.000 0.000 0.000 0.000 0.000 0.000 0.000 0.000 0.000 0.000 
0.000 0.000 0.000 0.000 0.000 0.000 0.000 0.000 0.000 0.000 0.000 0.000 0.000 0.000 0.000 0.000 0.000 0.000 0.000 0.000 0.000 0.000 0.000 0.000 0.000 0.000 0.000 0.000 0.000 
