# Vol_scan Display Grid (processed)
# Grid size: 29 x 34
# Format: reflectivity
# Ref point: (-90000.000000, 10000.000000)
# Grid res: 1000.000000 meters
0.000 0.000 0.000 0.000 0.000 0.000 -0.000 0.000 0.000 0.000 0.000 0.000 0.000 0.000 0.000 0.000 0.000 0.000 0.000 0.000 0.000 0.000 0.000 0.000 0.000 0.000 0.000 0.000 0.000 0.000 0.000 0.000 0.000 0.000 
0.000 0.000 0.000 0.000 -0.000 0.000 0.000 0.000 0.000 0.000 0.000 -0.000 0.000 -0.000 3.632 0.000 0.000 0.000 0.000 0.000 0.000 0.000 0.000 0.000 0.000 0.000 0.000 0.000 0.000 0.000 0.000 0.000 0.000 0.000 
0.000 0.000 0.000 -0.000 0.000 -0.000 -0.000 0.000 0.000 0.000 0.000 0.000 0.005 0.005 0.005 0.030 6.260 6.360 6.830 0.000 0.000 0.000 0.000 0.000 0.000 0.000 0.000 0.000 0.000 0.000 0.000 0.000 0.000 0.000 
0.000 0.000 0.000 0.000 0.000 -0.000 -0.000 -0.000 0.000 0.000 0.000 26.073 25.807 24.560 27.878 27.027 30.666 28.765 39.169 6.389 0.000 0.000 0.000 0.000 0.000 0.000 0.000 0.000 0.000 0.000 0.000 0.000 0.000 0.000 
0.000 0.000 0.000 0.000 -0.000 0.000 0.000 0.000 0.000 25.597 28.648 25.731 28.953 27.646 28.668 27.931 29.078 29.523 28.827 29.890 0.006 0.000 -0.000 0.000 0.000 0.000 0.000 0.000 0.000 0.000 0.000 0.000 0.000 0.000 
0.000 0.000 -0.000 -0.000 -0.000 -0.000 -0.000 0.006 0.004 30.723 29.072 29.419 28.217 29.402 29.772 29.404 28.824 26.073 27.426 27.579 30.572 17.442 0.000 0.000 0.000 -0.000 0.000 0.000 0.000 0.000 0.000 0.000 0.000 0.000 
0.000 0.000 0.000 -0.000 0.000 0.000 -0.000 23.169 29.708 27.903 29.375 27.670 29.489 28.179 27.375 29.152 28.156 29.874 27.829 27.179 29.028 29.961 24.453 0.000 0.000 0.000 -0.000 -0.000 0.000 0.000 0.000 0.000 0.000 0.000 
0.000 0.000 0.000 0.000 0.000 0.000 0.000 28.619 28.168 29.887 28.691 29.470 28.406 26.808 30.427 28.014 28.444 28.883 28.366 28.600 27.637 26.631 23.302 13.826 0.000 0.000 0.000 0.000 -0.000 0.000 0.000 0.000 0.000 0.000 
0.000 0.000 0.000 0.000 0.000 0.027 28.190 28.190 28.898 27.015 28.896 30.218 27.291 27.630 30.167 27.925 29.935 29.288 27.813 27.982 29.341 27.328 27.410 27.787 0.000 0.000 0.000 0.000 0.000 0.000 0.000 0.000 0.000 0.000 
0.000 0.000 -0.000 -0.000 -0.000 23.170 27.783 29.672 27.717 27.503 26.875 28.738 29.372 28.883 27.122 28.756 28.233 29.464 29.615 30.322 28.552 28.381 29.710 29.158 24.863 0.000 -0.000 0.000 -0.000 0.000 0.000 0.000 0.000 0.000 
0.000 0.000 0.000 0.000 0.000 25.415 28.287 29.895 28.373 26.666 28.532 27.694 29.124 29.264 27.858 28.609 29.185 28.891 27.982 27.319 29.845 27.466 27.801 29.310 0.000 0.000 0.000 0.000 -0.000 0.000 -0.000 0.000 0.000 0.000 
0.000 0.000 0.000 0.000 29.677 27.570 28.130 28.246 27.411 28.235 28.753 28.482 27.075 28.292 29.550 27.000 29.941 26.721 27.005 27.553 28.367 28.301 27.790 29.177 0.005 0.004 0.000 -0.000 0.000 0.000 -0.000 0.000 0.000 0.000 
0.000 0.000 0.000 -0.000 28.550 27.254 26.560 27.873 27.762 27.474 29.292 28.519 28.704 29.526 29.152 28.646 30.161 28.472 29.950 27.422 29.197 29.494 27.094 28.961 28.038 0.000 0.000 -0.000 0.000 -0.000 0.000 0.000 0.000 0.000 
0.000 0.000 0.000 0.000 0.000 27.207 27.082 29.535 27.681 29.559 28.697 25.693 27.810 27.957 27.743 27.966 28.210 27.116 27.985 27.153 27.109 28.935 28.944 29.931 30.155 0.000 0.000 0.000 0.000 -0.000 0.000 0.000 0.000 0.000 
0.000 0.000 0.000 0.000 0.000 29.351 28.275 28.990 28.182 27.925 27.310 26.219 29.735 27.901 27.837 28.145 28.473 26.726 29.029 28.617 29.743 27.317 28.085 28.121 0.000 -0.000 0.000 0.000 0.000 0.000 0.000 0.000 0.000 0.000 
0.000 -0.000 0.000 0.000 0.000 27.827 29.036 28.286 28.197 26.374 29.157 28.143 27.602 28.540 27.471 28.743 28.149 28.968 28.445 28.831 28.580 28.599 29.229 28.501 27.218 -0.000 0.000 -0.000 0.000 0.000 0.000 0.000 0.000 0.000 
0.000 0.000 0.000 -0.000 0.000 26.972 30.464 27.105 29.738 27.439 27.790 28.066 27.588 27.770 26.074 26.884 27.686 29.912 27.887 28.676 30.543 28.055 29.472 27.030 26.391 0.000 -0.000 0.000 0.000 0.000 0.000 0.000 0.000 0.000 
0.000 0.000 0.000 -0.000 0.000 0.000 29.229 28.796 30.447 28.865 26.806 26.959 28.820 27.551 28.566 28.112 29.205 28.447 28.693 28.348 28.589 28.820 28.678 25.768 27.429 0.000 0.000 0.000 0.000 0.000 0.000 0.000 0.000 0.000 
0.000 0.000 0.000 0.000 0.000 0.000 27.666 27.912 26.623 26.161 27.919 27.181 29.304 25.226 27.460 28.570 29.477 27.655 28.843 28.345 27.324 28.586 27.792 24.807 0.000 0.000 0.000 0.000 -0.000 0.000 0.000 0.000 0.000 0.000 
0.000 -0.000 0.000 0.000 0.000 0.000 0.000 26.656 28.384 28.904 28.238 28.124 27.598 29.558 27.575 28.324 27.339 26.743 26.548 26.137 29.327 28.187 21.928 26.768 -0.000 -0.000 0.000 0.000 0.000 0.000 0.000 0.000 0.000 0.000 
0.000 0.000 -0.000 -0.000 0.000 0.000 -0.000 0.000 26.888 27.478 28.083 27.391 27.728 28.628 27.442 28.326 30.197 29.465 26.856 27.918 27.493 29.519 0.000 0.000 0.000 0.000 0.000 0.000 0.000 0.000 0.000 0.000 0.000 0.000 
0.000 0.000 0.000 0.000 0.000 0.000 -0.000 -0.000 0.000 25.436 29.106 28.639 26.830 29.586 31.252 27.730 28.345 28.765 28.878 27.856 23.003 0.000 0.000 0.000 0.000 0.000 0.000 0.000 0.000 0.000 0.000 0.000 0.000 0.000 
0.000 0.000 0.000 0.000 0.000 0.000 0.000 0.000 0.000 0.000 27.436 25.673 26.502 27.035 26.858 26.541 29.162 27.244 23.734 0.000 0.000 0.000 -0.000 0.000 0.000 0.000 0.000 0.000 0.000 0.000 0.000 0.000 0.000 0.000 
0.000 0.000 0.000 0.000 0.000 0.000 0.000 0.000 0.000 0.000 0.000 0.000 0.000 27.983 24.188 25.199 -0.000 21.379 0.000 0.000 0.000 0.000 -0.000 0.000 -0.000 0.000 0.000 0.000 0.000 0.000 0.000 0.000 0.000 0.000 
0.000 0.000 0.000 0.000 0.000 0.000 0.000 0.000 0.000 0.000 0.000 0.000 0.000 0.000 0.000 0.000 -0.000 0.000 0.000 0.000 0.000 0.000 0.000 0.000 0.000 -0.000 0.000 0.000 0.000 0.000 0.000 0.000 0.000 0.000 
0.000 0.000 0.000 0.000 0.000 0.000 0.000 0.000 0.000 0.000 0.000 0.000 0.000 0.000 0.000 0.000 0.000 0.000 -0.000 -0.000 0.000 0.000 0.000 0.000 0.000 0.000 0.000 0.000 0.000 0.000 0.000 0.000 0.000 0.000 
0.000 0.000 0.000 0.000 0.000 0.000 0.000 0.000 0.000 0.000 0.000 0.000 0.000 0.000 0.000 0.000 0.000 0.000 0.000 0.000 0.000 -0.000 0.000 0.000 0.000 0.000 0.000 0.000 0.000 0.000 0.000 0.000 0.000 0.000 
0.000 0.000 0.000 0.000 0.000 0.000 0.000 0.000 0.000 0.000 0.000 0.000 0.000 0.000 0.000 0.000 0.000 0.000 0.000 0.000 0.000 0.000 0.000 0.000 0.000 0.000 0.000 0.000 0.000 0.000 0.000 0.000 0.000 0.000 
0.000 0.000 0.000 0.000 0.000 0.000 0.000 0.000 0.000 0.000 0.000 0.000 0.000 0.000 0.000 0.000 0.000 0.000 0.000 0.000 0.000 0.000 0.000 0.000 0.000 0.000 0.000 0.000 0.000 0.000 0.000 0.000 0.000 0.000 
