# Vol_scan Display Grid (processed)
# Grid size: 30 x 29
# Format: reflectivity
# Ref point: (-44000.000000, 11000.000000)
# Grid res: 1000.000000 meters
0.000 0.000 0.000 0.000 0.000 0.000 0.000 0.000 0.000 0.000 0.000 0.000 0.000 0.000 0.000 0.000 0.000 0.000 0.000 0.000 0.000 0.000 0.000 0.000 0.000 0.000 0.000 0.000 0.000 
0.000 0.000 0.000 0.000 0.000 0.000 0.000 0.000 0.000 0.000 0.000 0.000 0.000 0.000 0.000 0.000 -0.000 0.000 0.000 0.000 0.000 0.000 0.000 0.000 0.000 0.000 0.000 0.000 0.000 
0.000 0.000 0.000 0.000 0.000 0.000 0.000 0.000 0.000 0.000 0.000 0.000 0.000 0.000 0.000 0.000 -0.000 0.000 0.000 -0.000 0.000 0.000 0.000 0.000 0.000 0.000 0.000 0.000 0.000 
0.000 0.000 0.000 0.000 0.000 0.000 0.000 0.000 -0.000 0.000 0.171 10.146 23.494 25.433 22.092 22.807 24.356 21.056 -0.000 0.000 0.000 0.000 0.000 0.000 0.000 0.000 0.000 0.000 0.000 
0.000 0.000 0.000 0.000 0.000 0.000 0.000 0.000 -0.000 23.311 27.977 27.015 26.746 29.317 27.560 27.474 28.320 27.356 26.545 22.200 0.000 0.000 0.000 0.000 0.000 0.000 0.000 0.000 0.000 
0.000 0.000 -0.000 0.000 0.000 0.000 0.000 0.000 26.320 28.548 28.302 25.439 28.064 26.752 27.794 27.961 28.949 29.263 27.672 28.368 24.785 0.000 0.000 0.000 0.000 0.000 0.000 0.000 0.000 
0.000 0.000 -0.000 0.000 0.000 0.000 0.000 27.256 29.471 29.277 30.920 28.385 28.855 26.002 27.253 28.856 27.040 29.099 29.034 26.929 29.627 26.603 0.000 0.000 0.000 0.000 0.000 0.000 0.000 
0.000 0.000 0.000 0.000 -0.000 0.000 22.607 27.598 27.275 28.482 27.784 28.446 28.879 26.461 28.011 26.702 28.143 30.231 27.582 27.390 26.846 28.767 27.173 0.000 0.000 0.000 0.000 0.000 0.000 
0.000 0.000 0.000 0.000 0.000 11.568 29.312 27.122 29.657 26.440 27.501 28.429 27.343 27.848 26.970 28.644 27.250 29.546 27.819 27.235 29.289 27.422 27.462 0.000 0.000 0.000 0.000 0.000 0.000 
0.000 -0.000 0.000 0.000 0.001 25.911 28.759 28.435 27.166 27.594 28.363 26.974 28.141 26.926 27.418 27.424 27.740 26.056 27.979 28.458 26.500 28.439 30.488 27.752 0.000 0.000 0.000 0.000 0.000 
-0.000 0.000 0.000 0.000 0.002 28.889 27.349 28.242 27.988 28.104 28.287 28.522 27.055 27.258 28.451 27.756 27.929 26.890 27.743 27.781 27.266 29.544 28.359 29.018 0.000 0.000 0.000 0.000 0.000 
0.000 0.000 0.000 0.000 0.002 27.190 25.187 28.143 25.896 28.953 27.110 27.817 26.736 29.554 26.715 27.906 27.392 26.582 27.830 28.845 28.999 29.409 27.046 28.214 19.323 0.000 0.000 0.000 0.000 
0.000 0.000 0.000 0.000 16.363 27.725 28.116 27.462 26.968 26.534 27.966 27.803 29.859 29.665 27.122 28.357 26.866 28.272 28.393 27.978 27.598 28.246 28.318 28.462 22.258 -0.000 -0.000 -0.000 0.000 
0.000 0.000 0.000 0.000 6.794 28.449 28.348 26.802 26.236 28.090 28.994 26.868 47.200 46.432 47.530 43.876 45.488 28.155 28.747 30.302 27.651 27.251 26.846 29.487 28.331 0.000 0.000 0.000 0.000 
0.000 0.000 0.034 0.000 3.905 27.042 28.594 28.898 26.536 26.217 27.843 39.756 49.136 46.997 49.599 46.522 47.241 49.455 27.526 28.446 26.835 28.255 28.446 28.350 21.831 0.000 0.000 0.000 0.000 
0.000 0.000 0.056 0.016 0.007 28.822 27.731 28.348 27.358 29.516 29.487 46.931 48.206 46.467 45.320 47.677 46.699 48.100 42.232 28.251 27.573 28.331 30.454 27.045 12.257 0.000 0.000 0.000 0.000 
0.000 0.000 0.000 0.025 0.008 27.280 26.041 26.822 29.018 25.470 48.757 45.363 46.705 45.399 47.756 46.262 48.347 48.969 48.804 28.957 27.853 27.612 28.904 28.055 -0.000 0.000 0.000 0.000 0.000 
0.000 0.000 0.000 7.520 0.012 26.882 27.490 26.282 29.248 29.005 46.042 45.205 48.445 43.532 43.547 47.136 48.273 47.067 48.199 49.124 26.817 28.781 28.332 23.845 -0.000 0.000 0.000 0.000 0.000 
0.000 0.000 0.000 5.900 6.081 8.762 27.336 28.469 27.042 28.819 43.840 43.519 45.236 47.871 46.933 47.815 46.712 46.998 48.296 48.778 28.501 27.936 27.989 0.000 0.000 0.000 0.000 0.000 0.000 
0.000 0.000 0.000 0.000 4.660 2.282 26.383 25.655 26.463 29.096 43.620 44.295 47.637 44.328 47.064 46.482 49.411 46.925 49.556 46.637 29.134 29.239 25.206 0.000 0.000 0.000 0.000 0.000 0.000 
0.000 0.000 0.000 0.000 4.150 6.770 6.130 10.351 22.462 28.285 41.043 39.532 42.861 40.846 49.420 44.725 45.539 46.866 49.939 29.193 27.137 24.498 -0.000 0.000 0.000 0.000 0.000 0.000 0.000 
0.000 0.000 0.000 0.000 0.000 3.740 0.034 0.038 0.993 22.672 27.161 39.068 39.481 44.206 44.977 47.431 49.457 46.576 41.343 28.347 25.844 0.000 0.000 0.000 0.000 0.000 0.000 0.000 0.000 
0.000 0.000 0.000 0.000 0.000 0.000 5.560 0.043 0.047 0.002 1.177 31.056 36.819 40.821 45.425 47.483 47.678 43.819 23.015 19.405 -0.000 0.000 0.000 0.000 0.000 0.000 0.000 0.000 0.000 
0.000 0.000 0.000 0.000 0.000 0.000 0.000 3.960 0.075 0.002 0.000 0.000 0.013 7.827 19.170 24.860 24.184 17.535 0.000 -0.000 0.000 0.000 0.000 0.000 0.000 0.000 0.000 0.000 0.000 
0.000 0.000 0.000 0.000 0.000 0.000 0.000 0.000 0.000 0.028 0.001 0.000 0.000 0.000 0.000 0.000 0.000 0.000 0.000 0.000 0.000 0.000 0.000 0.000 0.000 0.000 0.000 0.000 0.000 
0.000 0.000 0.000 0.000 0.000 0.000 0.000 0.000 0.000 0.000 0.000 0.000 0.000 0.000 0.000 0.000 0.000 0.000 -0.000 0.000 0.000 0.000 0.000 0.000 0.000 0.000 0.000 0.000 0.000 
0.000 0.000 0.000 0.000 0.000 0.000 0.000 0.000 0.000 0.000 0.000 0.000 0.000 0.000 -0.000 -0.000 0.000 -0.000 0.000 0.000 0.000 0.000 0.000 0.000 0.000 0.000 0.000 0.000 0.000 
0.000 0.000 0.000 0.000 0.000 0.000 0.000 0.000 0.000 0.000 0.000 0.000 0.000 0.000 0.000 -0.000 0.000 0.000 0.000 0.000 0.000 0.000 0.000 0.000 0.000 0.000 0.000 0.000 0.000 
0.000 0.000 0.000 0.000 0.000 0.000 0.000 0.000 0.000 0.000 0.000 0.000 0.000 0.000 -0.000 0.000 0.000 0.000 0.000 0.000 0.000 0.000 0.000 0.000 0.000 0.000 0.000 0.000 0.000 
0.000 0.000 0.000 0.000 0.000 0.000 0.000 0.000 0.000 0.000 0.000 0.000 0.000 0.000 0.000 0.000 0.000 0.000 0.000 0.000 0.000 0.000 0.000 0.000 0.000 0.000 0.000 0.000 0.000 
