# Vol_scan Display Grid (processed)
# Grid size: 31 x 31
# Format: reflectivity
# Ref point: (-95000.000000, 9000.000000)
# Grid res: 1000.000000 meters
0.000 0.000 0.000 0.000 0.000 0.000 0.000 0.000 0.000 0.000 0.000 0.000 0.000 0.000 0.000 0.000 0.000 0.000 0.000 0.000 0.000 0.000 0.000 0.000 0.000 0.000 0.000 0.000 0.000 0.000 0.000 
0.000 0.000 0.000 0.000 0.000 0.000 0.000 0.000 0.000 0.000 0.000 0.000 0.000 0.000 0.000 0.000 0.000 0.000 0.000 -0.000 0.000 0.000 0.000 0.000 0.000 0.000 0.000 0.000 0.000 0.000 0.000 
0.000 0.000 0.000 0.000 0.000 0.000 0.000 0.000 0.000 0.000 0.000 0.000 0.000 0.000 0.000 0.000 -0.000 0.000 0.000 0.000 0.000 0.000 0.000 0.000 0.000 0.000 0.000 0.000 0.000 0.000 0.000 
0.000 0.000 0.000 0.000 0.000 0.000 0.000 0.000 0.000 0.000 0.000 0.000 0.000 0.000 0.000 0.000 -0.000 0.000 0.000 0.000 -0.000 0.000 -0.000 0.000 0.000 0.000 0.000 0.000 0.000 0.000 0.000 
0.000 0.000 0.000 0.000 0.000 0.000 0.000 0.000 0.000 0.000 0.000 0.000 0.000 0.000 0.000 0.000 0.000 0.000 0.000 0.000 -0.000 0.000 0.000 0.000 0.000 0.000 0.000 0.000 0.000 0.000 0.000 
0.000 0.000 0.000 0.000 0.000 0.000 0.000 0.000 0.000 0.000 0.000 0.000 0.051 0.001 0.014 0.048 7.361 0.000 0.001 0.000 0.000 0.000 0.000 0.000 0.000 0.000 0.000 0.000 0.000 0.000 0.000 
0.000 0.000 0.000 0.000 0.000 0.000 0.000 0.000 0.000 0.000 6.757 7.606 9.932 18.567 22.609 25.589 24.492 26.212 23.504 20.180 0.249 0.001 -0.000 -0.000 0.000 0.000 0.000 0.000 0.000 0.000 0.000 
0.000 0.000 0.000 0.000 0.000 0.000 0.000 0.000 0.000 7.575 30.329 25.856 27.693 27.667 27.189 29.398 28.723 28.018 29.410 26.935 24.908 10.541 0.001 0.000 0.000 0.000 0.000 0.000 0.000 0.000 0.000 
0.000 0.000 0.000 0.000 0.000 0.000 0.000 8.630 6.394 31.706 27.300 28.427 27.827 28.908 29.846 26.795 29.221 27.421 26.114 28.593 27.264 30.238 27.381 -0.000 0.000 0.000 0.000 0.000 0.000 0.000 0.000 
0.000 0.000 0.000 0.000 0.000 0.000 0.000 3.440 12.006 28.414 28.798 26.829 28.002 25.526 29.336 27.186 28.974 28.489 27.274 26.181 28.924 28.634 26.989 24.823 0.000 -0.000 0.000 0.000 0.000 0.000 0.000 
0.000 0.000 0.000 0.000 0.000 0.000 0.025 0.036 26.255 28.299 28.369 27.357 27.894 29.496 26.926 30.687 27.889 26.710 27.313 28.896 28.156 28.761 26.862 27.086 0.002 0.000 0.000 0.000 0.000 0.000 0.000 
0.000 0.000 0.000 0.000 0.000 0.000 0.042 30.857 28.250 27.099 28.664 27.320 26.790 29.171 30.183 28.386 28.941 28.481 28.958 26.694 28.580 27.686 26.565 26.388 27.004 0.000 0.000 0.000 0.000 0.000 0.000 
0.000 0.000 0.000 0.000 0.000 0.000 0.038 25.904 28.817 27.230 28.489 27.065 29.764 28.711 26.686 26.603 28.915 27.967 28.530 28.473 26.275 29.245 29.045 28.451 27.976 -0.000 0.000 0.000 0.000 0.000 0.000 
0.000 0.000 0.000 0.000 0.000 0.000 18.224 27.302 25.092 27.283 27.638 29.128 27.381 27.953 27.580 26.625 27.896 27.192 27.746 27.513 29.030 28.559 27.199 27.139 26.669 26.596 0.000 0.000 0.000 0.000 0.000 
0.000 0.000 0.000 0.000 0.000 0.000 27.346 28.955 28.787 27.925 28.316 28.016 29.436 27.821 28.659 26.125 27.479 28.291 26.828 27.441 27.886 26.579 26.327 28.728 27.797 26.823 0.000 0.000 0.000 0.000 0.000 
0.000 0.000 0.000 0.000 0.000 0.000 28.234 28.049 27.132 26.919 28.795 28.053 28.328 27.873 27.789 26.781 28.146 27.714 27.317 28.446 28.319 26.243 27.064 27.435 27.564 27.362 0.000 0.000 0.000 0.000 0.000 
0.000 -0.000 -0.000 0.000 0.000 0.000 29.558 27.314 27.274 27.661 27.829 29.341 25.373 27.771 28.021 26.739 28.896 27.054 28.151 26.328 27.902 27.809 28.627 28.317 28.263 26.969 0.000 -0.000 -0.000 0.000 0.000 
0.000 -0.000 0.000 -0.000 -0.000 0.000 27.456 27.731 28.428 31.039 26.305 28.119 29.116 28.149 28.858 25.745 27.813 26.125 27.302 29.202 26.704 27.884 27.741 26.766 27.431 28.037 -0.000 -0.000 0.000 0.000 0.000 
0.000 0.000 0.000 -0.000 0.000 0.000 23.319 28.917 28.653 27.360 26.226 28.130 27.809 26.363 27.847 26.925 29.175 27.207 28.677 26.530 28.502 29.612 27.568 28.379 30.741 27.650 0.000 -0.000 0.000 0.000 0.000 
0.000 -0.000 -0.000 -0.000 0.000 -0.000 0.002 28.535 28.271 27.853 27.786 28.050 28.370 28.033 27.370 26.906 27.216 28.280 28.406 26.129 27.126 27.969 28.139 29.882 30.003 27.680 0.000 -0.000 0.000 0.000 0.000 
0.000 0.000 -0.000 -0.000 -0.000 0.000 0.000 26.182 27.860 28.699 28.841 29.116 25.887 27.600 28.584 27.333 28.205 29.421 29.262 28.323 27.381 29.110 27.151 29.480 28.349 0.000 0.000 0.000 0.000 0.000 0.000 
0.000 0.000 0.000 -0.000 0.000 0.000 0.000 23.892 25.798 29.282 28.713 27.430 27.343 28.835 29.251 29.203 27.778 27.993 28.317 30.352 28.176 28.756 28.976 26.786 25.433 0.000 0.000 0.000 0.000 0.000 0.000 
0.000 0.000 0.000 0.000 0.000 0.000 -0.000 0.000 25.223 28.321 27.953 27.370 27.551 27.358 27.424 26.777 29.269 27.915 28.678 28.853 28.801 28.022 28.224 27.047 0.000 0.000 0.000 0.000 0.000 0.000 0.000 
0.000 0.000 0.000 0.000 0.000 0.000 0.000 0.000 0.000 25.017 28.331 28.112 27.973 28.667 27.067 27.259 27.124 30.967 28.354 27.667 27.050 27.946 27.581 25.438 0.000 0.000 0.000 0.000 0.000 0.000 0.000 
0.000 0.000 0.000 0.000 0.000 0.000 0.000 0.000 0.000 -0.000 24.950 24.571 27.074 28.644 28.467 28.914 29.207 29.885 27.474 26.296 27.337 26.343 24.068 0.000 0.000 0.000 0.000 0.000 0.000 0.000 0.000 
0.000 0.000 0.000 0.000 0.000 0.000 0.000 0.000 0.000 0.000 -0.000 0.000 24.160 25.895 28.120 28.222 27.514 27.906 27.725 25.393 24.598 0.000 0.000 0.000 0.000 0.000 0.000 0.000 0.000 0.000 0.000 
0.000 0.000 0.000 0.000 0.000 0.000 0.000 0.000 0.000 0.000 0.000 0.000 0.000 20.785 21.911 26.896 23.775 22.065 13.081 0.000 0.000 0.000 0.000 0.000 0.000 0.000 0.000 0.000 0.000 0.000 0.000 
0.000 0.000 0.000 0.000 0.000 0.000 0.000 0.000 0.000 0.000 0.000 0.000 0.000 0.000 -0.000 0.000 0.000 0.000 -0.000 0.000 0.000 0.000 0.000 0.000 0.000 0.000 0.000 0.000 0.000 0.000 0.000 
0.000 0.000 0.000 0.000 0.000 0.000 0.000 0.000 0.000 0.000 0.000 0.000 0.000 0.000 -0.000 0.000 -0.000 0.000 0.000 0.000 0.000 0.000 0.000 0.000 0.000 0.000 0.000 0.000 0.000 0.000 0.000 
0.000 0.000 0.000 0.000 0.000 0.000 0.000 0.000 0.000 0.000 0.000 0.000 0.000 0.000 0.000 0.000 0.000 0.000 0.000 0.000 0.000 0.000 0.000 0.000 0.000 0.000 0.000 0.000 0.000 0.000 0.000 
0.000 0.000 0.000 0.000 0.000 0.000 0.000 0.000 0.000 0.000 0.000 0.000 0.000 0.000 0.000 0.000 0.000 0.000 0.000 0.000 0.000 0.000 0.000 0.000 0.000 0.000 0.000 0.000 0.000 0.000 0.000 
