# Vol_scan Display Grid (processed)
# Grid size: 29 x 32
# Format: reflectivity
# Ref point: (-75000.000000, 11000.000000)
# Grid res: 1000.000000 meters
0.000 0.000 0.000 0.000 -0.000 0.000 -0.000 0.000 0.000 0.000 0.000 0.000 0.000 0.000 0.000 0.000 0.000 0.000 0.000 0.000 0.000 0.000 0.000 0.000 0.000 0.000 0.000 0.000 0.000 0.000 0.000 0.000 
0.000 0.000 0.000 0.000 0.000 0.000 0.000 -0.000 0.000 -0.000 -0.000 0.000 0.000 0.000 0.000 0.000 0.000 0.000 0.000 0.000 0.000 0.000 0.000 0.000 0.000 0.000 0.000 0.000 0.000 0.000 0.000 0.000 
0.000 0.000 0.000 0.000 0.000 0.000 0.000 -0.000 0.000 0.000 0.000 0.000 0.000 0.021 0.000 3.458 0.000 0.000 0.000 0.000 0.000 0.000 0.000 0.000 0.000 0.000 0.000 0.000 0.000 0.000 0.000 0.000 
0.000 0.000 0.000 0.000 0.000 0.000 0.000 -0.000 0.000 0.000 0.000 0.000 0.252 18.430 24.035 0.801 20.040 6.276 6.710 0.000 0.000 0.000 0.000 0.000 0.000 0.000 0.000 0.000 0.000 0.000 0.000 0.000 
0.000 0.000 0.000 0.000 0.000 0.000 0.000 -0.000 0.000 0.394 21.781 28.091 22.563 26.346 25.754 28.566 24.752 27.338 28.348 5.499 3.501 0.000 0.000 0.000 0.000 0.000 0.000 0.000 0.000 0.000 0.000 0.000 
0.000 0.000 0.000 0.000 0.000 -0.000 0.000 0.849 25.820 24.002 28.170 27.982 27.743 26.459 26.121 27.805 27.893 29.065 28.086 30.538 0.820 0.010 0.000 0.000 0.000 0.000 0.000 0.000 0.000 0.000 0.000 0.000 
0.000 0.000 0.000 0.000 0.000 0.000 0.000 21.999 26.887 28.068 26.755 27.649 27.069 26.566 25.852 28.783 26.133 28.227 26.468 28.224 24.134 9.384 0.000 -0.000 0.000 0.000 0.000 0.000 0.000 0.000 0.000 0.000 
0.000 0.000 0.000 0.000 0.000 1.495 26.717 27.714 25.492 26.975 29.298 28.932 28.231 26.799 29.041 27.047 28.943 28.197 27.501 26.150 28.799 23.344 0.270 0.000 0.000 -0.000 0.000 0.000 0.000 0.000 0.000 0.000 
0.000 0.000 0.000 0.000 0.000 25.365 28.632 28.822 27.957 27.586 27.511 28.162 26.718 28.134 27.354 29.027 26.146 27.405 27.694 28.213 28.280 27.174 14.780 0.000 0.000 -0.000 -0.000 0.000 0.000 0.000 0.000 0.000 
0.000 0.000 0.000 0.000 0.000 29.182 27.696 26.815 28.098 27.846 28.592 28.286 27.426 27.187 27.705 28.966 27.353 27.924 28.362 28.493 26.604 26.862 26.436 0.000 0.000 -0.000 0.000 -0.000 -0.000 0.000 0.000 0.000 
0.000 0.000 0.000 0.000 -0.000 27.259 28.615 29.612 27.600 28.528 28.142 27.295 28.097 26.431 27.505 29.486 27.933 27.421 27.386 26.724 28.605 28.455 29.555 24.594 0.000 0.000 0.000 0.000 0.000 0.000 -0.000 0.000 
0.000 0.000 0.000 0.000 27.560 28.144 28.777 29.421 28.588 27.665 29.675 29.435 27.418 29.098 29.077 28.703 28.125 28.046 28.882 27.400 27.666 28.458 28.106 27.741 0.000 0.000 0.000 0.000 0.000 0.000 -0.000 0.000 
0.000 0.000 0.000 0.000 27.780 27.953 27.343 29.765 27.079 29.637 27.693 28.232 29.728 27.481 27.770 29.827 28.059 29.556 27.509 28.419 27.936 26.813 28.290 29.435 0.000 0.000 0.000 0.000 -0.000 0.000 0.000 0.000 
0.000 0.000 0.000 0.000 27.563 26.977 26.393 26.409 26.617 28.083 27.061 26.921 28.590 28.128 27.742 27.807 26.279 28.363 26.720 28.327 27.472 27.817 26.740 27.681 0.000 0.000 0.000 0.000 0.000 0.000 0.000 0.000 
0.000 0.000 0.000 -0.000 30.293 27.289 27.441 29.403 29.116 28.076 26.718 27.370 27.401 27.053 28.530 27.692 27.883 28.736 29.295 26.500 27.716 29.507 30.419 25.989 0.003 0.000 0.000 -0.000 0.000 0.000 0.000 0.000 
0.000 0.000 0.000 -0.000 26.664 28.757 26.855 27.087 27.997 28.069 27.880 26.537 26.849 27.466 25.740 28.568 27.128 28.367 29.039 29.162 29.451 28.507 26.354 28.453 0.000 -0.000 0.000 0.000 0.000 0.000 0.000 0.000 
0.000 0.000 0.000 -0.000 25.479 26.528 27.374 26.949 28.033 27.382 27.057 27.150 27.289 26.443 26.632 26.778 26.004 25.546 30.071 27.843 27.583 29.849 29.488 26.940 0.000 0.000 0.000 0.000 0.000 0.000 0.000 0.000 
0.000 0.000 0.000 -0.000 -0.000 27.136 28.850 26.601 26.359 26.961 27.768 26.596 27.011 25.155 26.734 27.091 26.860 28.242 25.714 27.929 27.179 28.230 26.975 -0.000 0.000 0.000 0.000 0.000 0.000 0.000 0.000 0.000 
0.000 0.000 0.000 0.000 0.000 23.611 27.032 26.951 27.125 25.693 26.014 26.161 25.207 27.591 28.041 27.252 24.294 26.798 27.159 28.352 29.253 26.878 23.014 21.681 0.000 0.000 0.000 0.000 0.000 0.000 0.000 0.000 
0.000 0.000 0.000 -0.000 -0.000 0.000 29.569 27.157 27.941 26.934 27.369 27.308 26.813 26.490 26.008 27.047 28.358 26.635 26.993 26.631 28.487 28.391 21.457 0.000 -0.000 -0.000 0.000 0.000 0.000 0.000 0.000 0.000 
-0.000 0.000 -0.000 0.000 0.000 0.000 22.866 27.461 27.145 25.840 26.172 27.530 25.667 27.724 26.929 28.287 27.293 27.603 27.250 27.947 26.943 0.000 21.610 0.000 0.000 0.000 0.000 0.000 0.000 0.000 0.000 0.000 
0.000 0.000 0.000 0.000 -0.000 0.000 -0.000 22.470 27.249 26.469 27.037 27.027 26.921 27.220 26.383 25.503 25.905 25.222 26.945 25.301 28.019 0.000 0.000 0.000 0.000 0.000 0.000 0.000 0.000 0.000 0.000 0.000 
0.000 0.000 0.000 0.000 0.000 0.000 0.000 0.000 23.979 24.905 26.675 25.773 25.248 26.784 27.179 27.371 27.056 27.414 24.892 20.749 0.000 0.000 0.000 0.000 0.000 0.000 0.000 0.000 0.000 0.000 0.000 0.000 
0.000 0.000 0.000 0.000 0.000 0.000 0.000 0.000 0.000 0.000 25.783 27.459 25.629 28.043 23.984 22.092 22.456 14.873 -0.000 0.000 -0.000 0.000 -0.000 0.000 0.000 0.000 0.000 0.000 0.000 0.000 0.000 0.000 
0.000 0.000 0.000 0.000 0.000 0.000 0.000 0.000 0.000 0.000 0.000 0.000 0.000 0.000 0.000 0.000 -0.000 0.000 0.000 0.000 -0.000 0.000 -0.000 0.000 0.000 0.000 0.000 0.000 0.000 0.000 0.000 0.000 
0.000 0.000 0.000 0.000 0.000 0.000 0.000 0.000 0.000 0.000 0.000 0.000 0.000 0.000 0.000 0.000 0.000 0.000 -0.000 0.000 0.000 0.000 0.000 0.000 0.000 0.000 0.000 0.000 0.000 0.000 0.000 0.000 
0.000 0.000 0.000 0.000 0.000 0.000 0.000 0.000 0.000 0.000 0.000 0.000 0.000 0.000 0.000 0.000 0.000 0.000 0.000 0.000 -0.000 0.000 0.000 0.000 0.000 0.000 0.000 0.000 0.000 0.000 0.000 0.000 
0.000 0.000 0.000 0.000 0.000 0.000 0.000 0.000 0.000 0.000 0.000 0.000 0.000 0.000 0.000 0.000 0.000 0.000 -0.000 -0.000 0.000 0.000 0.000 0.000 0.000 0.000 0.000 0.000 0.000 0.000 0.000 0.000 
0.000 0.000 0.000 0.000 0.000 0.000 0.000 0.000 0.000 0.000 0.000 0.000 0.000 0.000 0.000 0.000 0.000 0.000 0.000 0.000 0.000 0.000 0.000 0.000 0.000 0.000 0.000 0.000 0.000 0.000 0.000 0.000 
