# Vol_scan Display Grid (processed)
# Grid size: 31 x 30
# Format: reflectivity
# Ref point: (-40000.000000, 12000.000000)
# Grid res: 1000.000000 meters
0.000 0.000 0.000 0.000 0.000 0.000 0.000 0.000 0.000 0.000 0.000 0.000 0.000 0.000 0.000 0.000 0.000 0.000 0.000 0.000 0.000 0.000 0.000 0.000 0.000 0.000 0.000 0.000 0.000 0.000 
0.000 0.000 0.000 0.000 0.000 0.000 0.000 0.000 0.000 0.000 0.000 -0.000 -0.000 0.000 0.000 0.000 0.000 0.000 0.000 0.000 0.000 0.000 0.000 0.000 0.000 0.000 0.000 0.000 0.000 0.000 
0.000 0.000 0.000 0.000 0.000 0.000 0.000 0.000 0.000 -0.000 0.000 0.000 0.000 -0.000 0.000 0.000 0.000 0.000 0.000 0.000 0.000 0.000 0.000 0.000 0.000 0.000 0.000 0.000 0.000 0.000 
0.000 0.000 0.000 0.000 0.000 0.000 0.000 0.000 0.000 -0.000 -0.000 -0.000 0.000 -0.000 0.000 -0.000 0.000 0.000 0.000 0.000 0.000 0.000 0.000 0.000 0.000 0.000 0.000 0.000 0.000 0.000 
0.000 0.000 0.000 0.000 0.000 0.000 0.000 0.000 0.000 0.000 0.000 0.000 0.000 0.000 0.000 0.000 0.000 0.000 0.000 0.000 0.000 0.000 0.000 0.000 0.000 0.000 0.000 0.000 0.000 0.000 
0.000 0.000 0.000 0.000 0.000 0.000 -0.000 -0.000 0.000 0.000 1.007 1.534 13.613 0.428 0.388 0.238 0.001 0.060 0.000 0.000 0.000 0.000 0.000 0.000 0.000 0.000 0.000 0.000 0.000 0.000 
0.000 0.000 0.000 0.000 0.000 0.000 0.000 0.000 5.100 19.734 23.812 27.316 27.326 26.540 26.092 25.720 24.262 20.950 11.432 6.524 0.000 0.000 0.000 0.000 0.000 0.000 0.000 0.000 0.000 0.000 
0.000 0.000 0.000 0.000 0.000 0.000 0.000 10.070 26.175 27.925 26.401 28.120 26.964 28.387 29.199 28.264 29.393 27.154 26.340 18.411 6.208 0.000 0.000 0.000 0.000 0.000 0.000 0.000 0.000 0.000 
0.000 0.000 0.000 0.000 0.000 -0.000 22.428 27.109 26.314 28.249 25.654 26.351 30.488 27.452 27.355 27.478 26.031 29.432 28.424 29.259 18.834 6.796 0.000 0.000 0.000 0.000 0.000 0.000 0.000 0.000 
0.000 0.000 0.000 0.000 0.000 11.173 27.638 29.170 27.212 27.509 28.351 28.834 28.510 25.828 27.611 28.119 27.443 27.423 28.895 27.494 28.064 18.129 6.067 0.000 0.000 0.000 0.000 0.000 0.000 0.000 
0.000 0.000 0.000 0.000 19.059 29.127 27.982 27.005 26.126 27.323 28.104 28.191 26.779 28.332 28.765 26.861 27.650 26.016 29.028 28.199 27.291 27.031 13.536 0.135 0.000 0.000 0.000 0.000 0.000 0.000 
0.000 0.000 0.000 0.000 20.274 27.431 29.007 27.007 27.202 26.973 26.904 27.138 27.230 27.206 27.837 26.522 28.622 27.161 27.203 27.580 27.238 28.097 24.609 0.044 0.000 0.000 0.000 0.000 0.000 0.000 
0.000 0.000 0.000 -0.000 29.383 28.629 28.222 27.431 28.418 27.334 27.940 29.406 27.711 26.158 26.873 26.870 28.231 26.945 28.043 28.754 27.764 25.606 26.618 0.001 0.000 0.000 0.000 0.000 0.000 0.000 
0.000 0.000 0.000 24.957 28.299 27.091 27.231 28.284 27.097 28.045 27.389 27.776 27.591 28.269 27.787 28.660 26.896 28.003 27.800 27.103 26.721 28.302 27.225 0.301 0.000 -0.000 0.000 0.000 0.000 0.000 
0.000 0.000 0.000 0.000 28.051 28.797 27.590 27.596 27.392 28.450 28.614 27.470 26.920 26.665 27.450 27.536 28.403 28.431 27.503 28.755 27.792 28.770 26.806 0.314 0.000 0.000 0.000 0.000 0.000 0.000 
0.000 0.000 0.000 -0.000 26.826 28.397 28.549 26.669 27.137 27.950 28.049 28.198 28.463 27.961 27.889 27.652 27.411 27.827 27.765 27.423 26.727 27.310 27.615 0.457 0.000 0.000 -0.000 0.000 0.000 0.000 
0.000 0.000 -0.000 27.116 27.318 27.976 28.289 28.320 27.009 27.809 27.901 28.154 26.751 26.314 26.406 27.200 28.075 27.824 27.730 27.056 27.106 27.714 28.387 18.284 0.000 0.000 0.000 -0.000 0.000 0.000 
0.000 0.000 0.000 26.215 26.800 26.615 26.986 28.499 27.597 27.105 29.104 27.628 30.008 28.054 27.280 26.320 27.985 27.657 29.288 28.766 27.331 25.896 28.502 5.582 0.000 -0.000 0.000 -0.000 0.000 0.000 
0.000 0.000 0.000 14.202 26.539 27.952 27.978 27.902 27.159 27.650 27.436 27.439 28.164 27.816 27.125 27.515 28.266 27.379 26.765 29.302 28.901 27.219 27.765 0.004 0.000 0.000 0.000 0.000 -0.000 0.000 
0.000 -0.000 0.000 -0.000 26.454 27.143 27.326 28.635 26.168 27.997 27.991 29.181 26.440 28.172 28.138 27.626 26.824 27.629 27.697 26.964 28.145 27.574 27.186 0.000 0.000 -0.000 0.000 0.000 0.000 0.000 
0.000 0.000 0.000 0.000 21.691 27.092 29.442 27.616 26.770 26.900 27.488 27.491 26.369 28.235 28.257 27.499 27.048 27.684 28.141 27.174 28.318 28.098 24.984 0.000 -0.000 0.000 -0.000 0.000 0.000 0.000 
0.000 0.000 0.000 0.000 0.000 27.978 26.413 28.081 26.805 26.783 27.593 28.607 28.279 29.441 27.457 27.305 27.542 26.663 27.348 25.961 27.465 22.181 0.000 0.000 -0.000 -0.000 0.000 0.000 -0.000 0.000 
0.000 0.000 0.000 0.000 0.000 26.350 27.202 27.757 28.702 28.143 28.080 28.200 27.323 28.451 29.181 29.145 28.975 27.642 28.737 27.263 28.384 0.000 0.000 0.000 0.000 0.000 0.000 0.000 0.000 0.000 
0.000 0.000 0.000 0.000 0.000 0.000 26.380 27.522 28.141 27.598 27.772 27.567 27.662 27.398 27.212 27.462 27.579 27.631 27.531 25.253 -0.000 0.000 0.000 -0.000 -0.000 0.000 0.000 0.000 0.000 0.000 
0.000 0.000 0.000 0.000 0.000 0.000 0.000 23.223 23.144 27.616 27.841 27.648 27.812 27.732 28.124 28.589 28.291 27.052 25.761 19.546 0.000 -0.000 0.000 0.000 0.000 0.000 0.000 0.000 0.000 0.000 
0.000 0.000 0.000 0.000 0.000 0.000 0.000 0.000 0.000 23.520 25.416 26.255 27.851 26.759 25.361 27.236 25.410 22.895 0.000 0.000 0.000 0.000 0.000 0.000 0.000 0.000 0.000 0.000 0.000 0.000 
0.000 0.000 0.000 0.000 0.000 0.000 0.000 0.000 0.000 0.000 0.000 0.000 19.853 21.122 18.497 -0.000 0.000 0.000 0.000 0.000 0.000 0.000 0.000 0.000 0.000 0.000 0.000 0.000 0.000 0.000 
0.000 0.000 0.000 0.000 0.000 0.000 0.000 0.000 0.000 -0.000 0.000 0.000 0.000 -0.000 -0.000 -0.000 0.000 0.000 0.000 0.000 0.000 0.000 0.000 0.000 0.000 0.000 0.000 0.000 0.000 0.000 
0.000 0.000 0.000 0.000 0.000 0.000 0.000 0.000 0.000 0.000 0.000 -0.000 0.000 0.000 0.000 0.000 0.000 0.000 0.000 0.000 0.000 0.000 0.000 0.000 0.000 0.000 0.000 0.000 0.000 0.000 
0.000 0.000 0.000 0.000 0.000 0.000 0.000 0.000 0.000 0.000 -0.000 0.000 0.000 0.000 0.000 0.000 0.000 0.000 0.000 0.000 0.000 0.000 0.000 0.000 0.000 0.000 0.000 0.000 0.000 0.000 
0.000 0.000 0.000 0.000 0.000 0.000 0.000 0.000 0.000 0.000 0.000 0.000 0.000 0.000 0.000 0.000 0.000 0.000 0.000 0.000 0.000 0.000 0.000 0.000 0.000 0.000 0.000 0.000 0.000 0.000 
