# Vol_scan Display Grid (processed)
# Grid size: 31 x 31
# Format: reflectivity
# Ref point: (-47000.000000, 12000.000000)
# Grid res: 1000.000000 meters
0.000 0.000 0.000 0.000 0.000 0.000 0.000 0.000 0.000 0.000 0.000 0.000 0.000 0.000 0.000 0.000 0.000 0.000 0.000 0.000 0.000 0.000 0.000 0.000 0.000 0.000 0.000 0.000 0.000 0.000 0.000 
0.000 0.000 0.000 0.000 0.000 0.000 0.000 -0.000 0.000 -0.000 0.000 0.000 0.000 0.000 0.000 0.000 0.000 0.000 0.000 0.000 0.000 0.000 0.000 0.000 0.000 0.000 0.000 0.000 0.000 0.000 0.000 
0.000 0.000 0.000 0.000 0.000 0.000 0.000 0.000 -0.000 0.000 0.000 -0.000 -0.000 0.000 0.000 0.000 0.000 0.000 0.000 0.000 0.000 0.000 0.000 0.000 0.000 0.000 0.000 0.000 0.000 0.000 0.000 
0.000 0.000 0.000 0.000 0.000 0.000 0.000 0.000 0.000 0.000 -0.000 0.000 -0.000 -0.000 0.000 0.000 0.000 0.000 0.000 0.000 0.000 0.000 0.000 0.000 0.000 0.000 0.000 0.000 0.000 0.000 0.000 
0.000 0.000 0.000 0.000 0.000 0.000 0.000 -0.000 -0.000 0.000 0.000 0.000 0.000 0.000 0.000 0.033 6.140 0.000 0.000 0.000 0.000 0.000 0.000 0.000 0.000 0.000 0.000 0.000 0.000 0.000 0.000 
0.000 0.000 0.000 0.000 0.000 0.000 0.000 -0.000 0.000 0.000 0.041 7.295 9.943 16.782 8.180 7.898 0.007 0.049 5.680 0.000 0.000 0.000 0.000 0.000 0.000 0.000 0.000 0.000 0.000 0.000 0.000 
0.000 0.000 0.000 0.000 0.000 -0.000 0.000 0.000 23.228 24.980 26.847 28.391 28.827 27.073 27.892 26.849 23.859 27.580 7.095 6.574 0.000 0.000 0.000 0.000 0.000 0.000 0.000 0.000 0.000 0.000 0.000 
0.000 0.000 0.000 0.000 0.000 0.000 0.292 24.001 26.927 27.644 28.463 28.717 27.674 26.089 29.118 28.242 28.104 28.023 23.892 36.678 5.379 5.490 0.000 0.000 0.000 0.000 0.000 0.000 0.000 0.000 0.000 
0.000 0.000 0.000 0.000 0.000 -0.000 25.616 26.864 28.452 27.449 27.155 29.082 27.582 28.895 27.971 28.739 28.983 28.766 28.567 28.859 20.901 0.073 0.107 0.000 0.000 0.000 0.000 0.000 0.000 0.000 0.000 
0.000 0.000 0.000 0.000 0.000 26.304 28.731 26.338 27.202 28.135 28.602 27.185 28.521 28.195 27.419 26.499 27.702 28.428 28.274 26.274 27.136 2.989 0.042 0.000 0.000 0.000 0.000 0.000 0.000 0.000 0.000 
0.000 0.000 0.000 -0.000 15.997 25.978 27.191 28.881 27.944 26.757 28.610 29.153 28.511 27.460 29.336 26.891 26.778 26.637 27.355 25.687 28.807 26.414 0.008 0.004 0.000 0.000 0.000 0.000 0.000 0.000 0.000 
0.000 0.000 0.000 0.000 23.411 27.774 28.161 26.544 27.309 26.439 28.613 27.404 28.575 28.204 27.964 28.120 27.977 28.469 28.244 24.578 27.671 28.646 2.903 0.001 0.000 0.000 0.000 0.000 0.000 0.000 0.000 
0.000 0.000 0.000 17.494 29.031 26.699 27.048 27.553 28.907 27.311 27.059 26.649 27.270 27.272 26.591 29.539 27.459 28.755 28.079 25.953 27.717 28.782 19.282 0.000 0.000 0.000 0.000 0.000 0.000 0.000 0.000 
0.000 0.000 0.000 0.000 28.505 28.145 27.273 25.861 26.847 29.665 27.844 26.543 27.522 28.354 28.947 26.954 27.651 27.196 27.051 29.095 26.429 29.065 27.246 0.023 0.000 -0.000 0.000 0.000 0.000 0.000 0.000 
0.000 0.000 0.000 27.551 27.307 27.904 28.396 27.100 27.144 29.614 27.075 28.348 27.295 28.818 27.734 27.213 27.929 29.706 27.893 26.977 27.337 26.534 27.822 7.404 0.000 0.000 -0.000 -0.000 0.000 0.000 0.000 
0.000 -0.000 -0.000 26.698 30.019 28.415 26.696 27.453 28.282 27.026 26.776 26.675 26.191 36.871 44.930 26.533 27.997 28.153 27.094 27.172 28.710 27.161 26.538 9.448 0.000 0.000 0.000 -0.000 -0.000 0.000 0.000 
0.000 0.000 0.000 22.413 26.582 28.206 27.244 27.411 27.962 27.765 46.588 44.588 48.734 45.714 44.107 44.229 29.728 28.845 27.470 27.744 27.442 28.437 26.409 0.002 0.000 0.000 -0.000 0.000 -0.000 0.000 0.000 
0.000 -0.000 -0.000 26.836 27.777 27.862 28.163 28.944 26.495 27.674 48.361 48.005 47.824 46.674 48.104 49.902 45.077 32.841 28.162 28.663 27.175 28.359 28.037 0.002 0.000 0.000 0.000 -0.000 0.000 0.000 0.000 
0.000 0.000 0.000 16.672 27.584 28.701 27.617 26.973 28.280 48.820 46.183 48.629 50.701 47.944 47.781 45.703 46.658 46.273 28.811 29.011 27.321 28.251 28.517 0.000 -0.000 -0.000 0.000 0.000 0.000 0.000 0.000 
0.000 0.000 -0.000 0.000 27.309 28.402 28.004 27.266 44.001 47.644 47.389 48.329 49.656 48.356 47.701 48.466 48.047 48.232 37.017 29.286 27.778 27.240 26.426 0.000 0.000 0.000 -0.000 0.000 0.000 0.000 0.000 
0.000 -0.000 0.000 0.000 25.318 27.724 30.514 27.117 48.854 47.656 47.821 47.685 48.324 46.432 48.372 51.519 45.474 47.288 27.491 28.140 27.697 27.481 0.002 0.000 0.000 0.000 0.000 0.000 0.000 0.000 0.000 
0.000 0.000 0.000 0.000 0.000 29.877 27.230 29.831 45.452 48.005 49.070 47.510 46.575 46.753 50.340 49.444 45.611 47.252 28.273 27.382 27.336 26.101 -0.000 -0.000 0.000 0.000 0.000 0.000 0.000 0.000 0.000 
0.000 0.000 0.000 0.000 0.000 0.000 27.101 27.007 42.144 48.211 51.731 49.865 47.780 47.653 47.432 46.394 46.783 49.641 28.097 28.832 24.861 13.728 0.000 0.000 0.000 0.000 0.000 0.000 0.000 0.000 0.000 
0.000 0.000 0.000 0.000 0.000 0.000 23.730 27.075 27.829 47.519 48.394 50.398 47.156 47.192 47.727 46.820 46.729 43.587 26.763 25.409 -0.000 -0.000 -0.000 0.000 0.000 0.000 0.000 0.000 0.000 0.000 0.000 
0.000 0.000 0.000 0.000 0.000 0.000 0.000 -0.000 25.064 26.041 48.366 49.688 46.765 48.409 47.846 47.422 45.911 28.515 25.191 -0.000 -0.000 0.000 0.000 0.000 0.000 0.000 0.000 0.000 0.000 0.000 0.000 
0.000 0.000 0.000 0.000 0.000 0.000 0.000 0.000 0.000 19.250 24.204 43.662 43.051 47.498 44.895 45.879 23.344 20.988 0.000 0.000 0.000 0.000 0.000 0.000 0.000 0.000 0.000 0.000 0.000 0.000 0.000 
0.000 0.000 0.000 0.000 0.000 0.000 0.000 0.000 0.000 0.000 0.000 0.000 0.000 34.505 0.000 0.000 -0.000 0.000 0.000 0.000 0.000 0.000 0.000 0.000 0.000 0.000 0.000 0.000 0.000 0.000 0.000 
0.000 0.000 0.000 0.000 0.000 0.000 0.000 0.000 0.000 0.000 0.000 0.000 0.000 0.000 0.000 0.000 0.000 0.000 0.000 0.000 0.000 0.000 0.000 0.000 0.000 0.000 0.000 0.000 0.000 0.000 0.000 
0.000 0.000 0.000 0.000 0.000 0.000 0.000 0.000 0.000 0.000 0.000 -0.000 0.000 -0.000 0.000 -0.000 0.000 0.000 0.000 0.000 0.000 0.000 0.000 0.000 0.000 0.000 0.000 0.000 0.000 0.000 0.000 
0.000 0.000 0.000 0.000 0.000 0.000 0.000 0.000 0.000 0.000 0.000 0.000 0.000 0.000 0.000 0.000 0.000 0.000 0.000 0.000 0.000 0.000 0.000 0.000 0.000 0.000 0.000 0.000 0.000 0.000 0.000 
0.000 0.000 0.000 0.000 0.000 0.000 0.000 0.000 0.000 0.000 0.000 0.000 0.000 0.000 0.000 0.000 0.000 0.000 0.000 0.000 0.000 0.000 0.000 0.000 0.000 0.000 0.000 0.000 0.000 0.000 0.000 
