# Vol_scan Display Grid (processed)
# Grid size: 30 x 32
# Format: reflectivity
# Ref point: (-67000.000000, 11000.000000)
# Grid res: 1000.000000 meters
0.000 0.000 0.000 0.000 0.000 0.000 0.000 0.000 -0.000 0.000 0.000 0.000 0.000 0.000 0.000 0.000 0.000 0.000 0.000 0.000 0.000 0.000 0.000 0.000 0.000 0.000 0.000 0.000 0.000 0.000 0.000 0.000 
0.000 0.000 0.000 0.000 0.000 0.000 0.000 0.000 0.000 0.000 0.000 0.000 0.000 0.000 0.000 0.000 0.000 0.000 0.000 0.000 0.000 0.000 0.000 0.000 0.000 0.000 0.000 0.000 0.000 0.000 0.000 0.000 
0.000 0.000 0.000 0.000 0.000 0.000 -0.000 0.000 0.000 0.000 0.000 0.000 0.000 0.012 0.013 5.650 6.240 0.000 0.000 0.000 0.000 0.000 0.000 0.000 0.000 0.000 0.000 0.000 0.000 0.000 0.000 0.000 
0.000 0.000 0.000 0.000 0.000 -0.000 -0.000 0.000 0.000 0.000 0.000 0.000 0.000 0.001 9.672 0.035 6.060 6.330 5.370 6.220 0.000 0.000 0.000 0.000 0.000 0.000 0.000 0.000 0.000 0.000 0.000 0.000 
0.000 0.000 0.000 0.000 0.000 0.000 0.000 0.000 0.000 0.000 22.210 27.213 26.132 25.308 25.316 26.331 29.277 26.665 6.182 4.670 4.640 6.070 0.000 0.000 0.000 0.000 0.000 0.000 0.000 0.000 0.000 0.000 
0.000 0.000 0.000 0.000 0.000 -0.000 0.000 0.000 23.246 22.122 27.181 26.648 28.274 28.971 27.798 27.384 27.279 27.241 29.835 25.462 4.390 5.720 0.000 0.000 0.000 0.000 0.000 0.000 0.000 0.000 0.000 0.000 
0.000 0.000 0.000 0.000 0.000 -0.000 0.000 25.198 28.485 29.360 27.639 27.807 27.241 26.088 27.921 29.969 27.881 27.986 27.550 29.219 28.764 0.001 0.010 0.000 0.000 0.000 0.000 0.000 0.000 0.000 0.000 0.000 
0.000 0.000 0.000 -0.000 0.000 0.000 0.001 26.495 28.708 28.114 27.683 27.697 28.727 28.337 26.922 28.665 28.666 27.508 29.333 29.517 27.842 10.285 6.177 0.000 0.000 0.000 0.000 0.000 0.000 0.000 0.000 0.000 
0.000 0.000 0.000 -0.000 0.000 26.264 28.100 28.115 29.206 27.467 28.972 27.205 27.926 28.810 28.060 28.445 28.832 27.191 26.719 27.493 29.490 28.735 6.545 0.000 -0.000 0.000 0.000 0.000 0.000 0.000 0.000 0.000 
0.000 0.000 0.000 -0.000 -0.000 27.767 27.564 27.361 28.501 26.997 26.392 27.017 27.098 28.822 25.298 28.881 29.467 28.745 27.758 27.289 27.106 27.543 29.376 0.000 0.000 0.000 0.000 0.000 0.000 0.000 0.000 0.000 
0.000 0.000 0.000 0.000 0.000 25.333 25.826 27.800 27.699 28.053 27.883 28.228 28.229 27.668 29.879 29.436 28.616 28.910 28.044 26.774 27.563 29.024 27.551 24.145 0.000 0.000 0.000 0.000 0.000 0.000 0.000 0.000 
0.000 0.000 -0.000 0.000 -0.000 28.747 26.162 28.467 29.297 29.558 27.515 29.107 28.002 27.209 28.049 26.711 27.751 27.473 27.893 28.090 27.313 26.970 26.877 22.900 -0.000 -0.000 -0.000 0.000 0.000 0.000 0.000 0.000 
0.000 0.000 0.000 0.000 26.054 28.533 27.976 26.976 28.692 28.467 29.370 27.655 27.372 28.487 25.477 26.285 26.705 27.076 27.982 27.345 26.706 28.350 29.571 27.712 0.000 0.000 0.000 0.000 0.000 0.000 0.000 0.000 
0.000 0.000 0.000 0.000 27.353 27.070 27.882 27.755 26.960 26.824 27.281 28.338 28.312 27.379 30.045 28.880 26.485 28.345 27.754 25.992 27.795 27.350 28.993 27.962 15.251 0.000 0.000 -0.000 -0.000 -0.000 0.000 0.000 
0.000 0.000 0.000 0.000 27.997 27.611 27.342 27.189 26.812 27.665 29.261 27.964 26.984 24.725 24.927 26.261 26.976 28.692 29.449 28.107 26.709 26.805 28.785 26.752 0.000 -0.000 0.000 0.000 -0.000 0.000 0.000 0.000 
0.000 0.000 -0.000 0.000 27.558 25.430 27.824 27.416 27.262 27.589 27.082 26.625 24.475 24.949 24.731 25.231 24.240 26.249 28.222 27.014 25.603 27.920 26.751 28.992 24.387 -0.000 0.000 0.000 0.000 0.000 0.000 0.000 
0.000 -0.000 0.000 0.000 27.545 27.361 28.044 28.233 27.703 25.837 24.526 25.317 24.340 25.269 24.803 25.629 24.528 23.909 26.785 27.906 26.538 28.384 27.577 27.911 0.000 0.000 -0.000 0.000 0.000 0.000 0.000 0.000 
0.000 0.000 0.000 -0.000 0.000 27.467 29.436 29.899 26.308 27.217 24.228 24.351 25.437 23.665 24.868 25.161 26.052 23.720 27.126 28.175 27.972 27.332 26.643 0.000 0.000 -0.000 0.000 -0.000 0.000 0.000 0.000 0.000 
0.000 -0.000 0.000 0.000 0.000 25.329 28.246 27.797 26.405 23.368 24.303 24.094 23.842 24.678 25.574 23.312 23.579 23.893 25.421 27.866 27.455 27.840 27.622 24.431 0.000 0.000 0.000 0.000 0.000 0.000 0.000 0.000 
0.000 0.000 0.000 0.000 -0.000 24.157 28.064 27.648 27.553 24.943 25.629 23.033 25.978 25.183 23.555 23.924 24.898 23.621 24.675 25.713 27.391 28.283 23.682 0.000 0.000 0.000 -0.000 0.000 0.000 0.000 0.000 0.000 
0.000 0.000 0.000 0.000 0.000 0.000 21.370 27.787 28.835 24.984 23.981 26.187 24.888 24.457 24.709 25.595 24.470 24.011 25.418 26.356 27.219 22.833 -0.000 0.000 0.000 0.000 0.000 0.000 0.000 0.000 0.000 0.000 
0.000 0.000 0.000 0.000 0.000 0.000 0.000 25.436 27.397 28.908 24.410 25.053 25.441 24.388 24.645 25.687 24.795 24.332 26.345 27.299 27.094 23.400 0.000 -0.000 0.000 0.000 0.000 0.000 0.000 0.000 0.000 0.000 
0.000 0.000 0.000 0.000 0.000 0.000 0.000 0.000 23.957 28.897 26.032 22.995 24.641 25.111 25.252 27.819 25.203 24.439 25.751 25.521 0.000 0.000 0.000 0.000 0.000 0.000 0.000 0.000 0.000 0.000 0.000 0.000 
0.000 0.000 0.000 0.000 0.000 0.000 0.000 0.000 0.000 24.403 24.523 23.533 24.537 24.738 25.875 24.918 26.072 23.451 22.452 -0.000 0.000 0.000 0.000 0.000 0.000 0.000 0.000 0.000 0.000 0.000 0.000 0.000 
0.000 0.000 0.000 0.000 0.000 0.000 0.000 0.000 0.000 0.000 0.000 0.000 15.408 0.000 0.000 0.000 0.000 0.000 -0.000 0.000 0.000 -0.000 0.000 0.000 0.000 0.000 0.000 0.000 0.000 0.000 0.000 0.000 
0.000 0.000 0.000 0.000 0.000 0.000 0.000 0.000 0.000 0.000 0.000 0.000 0.000 0.000 0.000 0.000 0.000 -0.000 0.000 0.000 0.000 0.000 0.000 0.000 0.000 0.000 0.000 0.000 0.000 0.000 0.000 0.000 
0.000 0.000 0.000 0.000 0.000 0.000 0.000 0.000 0.000 0.000 0.000 0.000 0.000 0.000 0.000 0.000 0.000 0.000 0.000 0.000 -0.000 0.000 0.000 0.000 0.000 0.000 0.000 0.000 0.000 0.000 0.000 0.000 
0.000 0.000 0.000 0.000 0.000 0.000 0.000 0.000 0.000 0.000 0.000 0.000 0.000 0.000 0.000 0.000 0.000 0.000 0.000 0.000 0.000 0.000 0.000 0.000 0.000 0.000 0.000 0.000 0.000 0.000 0.000 0.000 
0.000 0.000 0.000 0.000 0.000 0.000 0.000 0.000 0.000 0.000 0.000 0.000 0.000 0.000 0.000 0.000 0.000 0.000 0.000 0.000 0.000 0.000 0.000 0.000 0.000 0.000 0.000 0.000 0.000 0.000 0.000 0.000 
0.000 0.000 0.000 0.000 0.000 0.000 0.000 0.000 0.000 0.000 0.000 0.000 0.000 0.000 0.000 0.000 0.000 0.000 0.000 0.000 0.000 0.000 0.000 0.000 0.000 0.000 0.000 0.000 0.000 0.000 0.000 0.000 
