# Vol_scan Display Grid (processed)
# Grid size: 30 x 28
# Format: reflectivity
# Ref point: (-45000.000000, 11000.000000)
# Grid res: 1000.000000 meters
0.000 0.000 0.000 0.000 0.000 0.000 0.000 0.000 0.000 0.000 0.000 0.000 0.000 0.000 0.000 0.000 0.000 0.000 -0.000 0.000 0.000 0.000 0.000 0.000 0.000 0.000 0.000 0.000 
0.000 0.000 0.000 0.000 0.000 0.000 0.000 0.000 0.000 0.000 0.000 0.000 0.000 0.000 0.000 0.000 -0.000 -0.000 0.000 0.000 0.000 0.000 0.000 0.000 0.000 0.000 0.000 0.000 
0.000 0.000 0.000 0.000 0.000 0.000 0.000 0.000 0.000 0.000 0.000 0.000 -0.000 0.000 -0.000 0.000 -0.000 0.000 0.000 0.000 0.000 0.000 0.000 0.000 0.000 0.000 0.000 0.000 
0.000 0.000 0.000 0.000 0.000 0.000 0.000 0.000 0.000 0.000 5.119 11.490 22.736 28.915 24.816 26.069 27.627 22.790 0.000 0.000 0.000 0.000 0.000 0.000 0.000 0.000 0.000 0.000 
0.000 0.000 0.000 0.000 0.000 -0.000 0.000 0.000 3.038 24.167 28.364 28.603 27.930 28.410 29.427 27.627 26.672 28.647 28.728 22.162 -0.000 0.000 0.000 0.000 0.000 0.000 0.000 0.000 
0.000 0.000 0.000 -0.000 0.000 -0.000 0.000 11.097 25.465 28.517 27.020 28.053 26.243 26.621 27.746 27.428 30.101 27.965 28.714 27.840 27.811 -0.000 0.000 0.000 0.000 0.000 0.000 0.000 
0.000 0.000 0.000 -0.000 -0.000 0.000 5.018 25.459 27.355 27.930 28.585 26.457 29.438 26.596 26.962 27.854 26.825 28.843 29.192 27.096 27.048 27.258 0.000 0.000 0.000 0.000 0.000 0.000 
0.000 0.000 0.000 0.000 0.000 0.003 22.587 29.733 29.232 27.355 28.431 29.023 29.349 28.588 29.182 27.420 27.599 26.849 27.153 28.293 28.312 27.379 27.878 0.000 0.000 0.000 0.000 0.000 
0.000 0.000 0.000 -0.000 0.000 4.534 27.085 28.564 28.134 28.479 29.338 28.710 28.110 27.971 28.559 26.449 28.552 27.777 27.995 28.026 28.473 26.230 28.340 24.670 0.000 0.000 0.000 0.000 
0.000 0.000 0.000 0.000 0.002 27.870 27.358 28.971 27.921 27.114 27.687 27.266 27.320 28.577 27.826 28.597 27.634 29.357 27.164 27.461 28.467 26.836 27.528 27.252 -0.000 0.000 0.000 0.000 
0.000 0.000 0.000 0.000 8.670 27.457 27.176 28.413 28.686 28.296 27.687 28.031 28.122 28.219 27.794 26.592 28.258 28.169 30.039 27.733 26.383 26.460 28.328 28.214 0.000 -0.000 0.000 0.000 
0.000 0.000 -0.000 0.000 5.523 27.306 27.441 28.763 26.992 27.053 28.306 27.495 26.690 29.771 27.395 26.644 27.782 28.450 27.633 29.204 27.128 26.993 27.551 27.348 25.480 0.000 0.000 0.000 
0.000 0.000 0.000 0.000 8.553 28.196 27.707 28.127 28.169 29.800 27.779 27.693 29.440 28.330 27.860 29.654 26.715 28.171 28.034 28.261 28.507 29.734 27.832 28.391 26.290 0.000 -0.000 0.000 
0.000 0.000 0.000 0.000 14.405 28.948 28.936 25.378 26.477 26.622 27.964 28.615 45.457 44.600 41.818 44.940 45.953 27.824 27.568 28.333 29.024 26.523 28.786 27.648 23.756 0.000 -0.000 0.000 
0.000 0.000 0.023 0.001 8.990 28.732 26.323 28.499 28.544 28.562 28.703 49.492 48.989 48.639 49.367 48.428 46.826 45.608 29.364 27.943 26.867 27.628 27.216 27.327 26.320 0.000 -0.000 0.000 
0.000 0.000 5.300 0.056 0.004 28.633 29.667 27.760 27.418 25.266 39.337 46.743 45.856 48.836 47.749 47.759 48.893 49.024 48.870 29.013 28.224 28.140 31.486 27.609 0.000 0.000 0.000 0.000 
0.000 0.000 0.000 0.046 0.040 27.111 26.901 27.840 27.571 27.486 48.662 48.876 44.318 46.532 47.456 47.992 48.947 49.019 46.560 27.820 27.545 27.538 27.210 27.936 0.000 0.000 0.000 0.000 
0.000 0.000 0.000 5.310 4.757 27.853 28.641 25.660 27.491 38.322 42.488 43.229 42.770 45.444 48.882 51.113 47.865 47.592 46.502 49.813 27.324 26.835 28.686 28.503 0.000 0.000 0.000 0.000 
0.000 0.000 0.000 6.600 7.664 5.459 26.869 25.425 24.615 34.139 38.765 39.788 41.981 45.637 45.185 45.875 46.268 51.589 45.796 47.314 28.042 26.638 26.618 -0.000 0.000 0.000 0.000 0.000 
0.000 0.000 0.000 0.000 10.410 5.690 4.926 22.998 30.354 26.087 36.653 40.763 39.227 41.371 43.443 45.903 47.672 44.214 49.502 27.880 27.293 27.027 24.777 0.000 0.000 0.000 0.000 0.000 
0.000 0.000 0.000 0.000 7.750 6.840 5.337 19.450 22.957 29.318 37.515 37.151 37.793 38.377 45.905 49.807 48.271 46.868 46.246 28.176 28.206 21.528 0.000 0.000 0.000 0.000 0.000 0.000 
0.000 0.000 0.000 0.000 0.000 8.030 5.280 6.683 4.168 24.901 25.346 38.336 38.182 40.251 45.254 46.186 46.238 49.599 28.902 27.277 24.434 -0.000 0.000 0.000 0.000 0.000 0.000 0.000 
0.000 0.000 0.000 0.000 0.000 0.000 5.340 0.041 0.050 0.005 0.134 30.467 36.616 39.393 44.015 45.023 47.043 33.175 24.559 0.000 -0.000 0.000 0.000 0.000 0.000 0.000 0.000 0.000 
0.000 0.000 0.000 0.000 0.000 0.000 0.000 0.000 0.037 0.001 0.001 0.024 0.000 0.089 1.051 2.829 0.269 0.001 0.000 -0.000 0.000 0.000 0.000 0.000 0.000 0.000 0.000 0.000 
0.000 0.000 0.000 0.000 0.000 0.000 0.000 0.000 0.000 0.000 0.003 0.000 0.000 0.000 0.000 0.000 0.000 0.000 -0.000 0.000 0.000 0.000 0.000 0.000 0.000 0.000 0.000 0.000 
0.000 0.000 0.000 0.000 0.000 0.000 0.000 0.000 0.000 0.000 0.000 0.000 -0.000 0.000 0.000 0.000 0.000 0.000 0.000 0.000 0.000 0.000 0.000 0.000 0.000 0.000 0.000 0.000 
0.000 0.000 0.000 0.000 0.000 0.000 0.000 0.000 0.000 0.000 0.000 0.000 -0.000 0.000 0.000 0.000 0.000 0.000 0.000 0.000 0.000 0.000 0.000 0.000 0.000 0.000 0.000 0.000 
0.000 0.000 0.000 0.000 0.000 0.000 0.000 0.000 0.000 0.000 0.000 0.000 0.000 0.000 -0.000 -0.000 0.000 0.000 0.000 0.000 0.000 0.000 0.000 0.000 0.000 0.000 0.000 0.000 
0.000 0.000 0.000 0.000 0.000 0.000 0.000 0.000 0.000 0.000 0.000 0.000 0.000 0.000 -0.000 -0.000 0.000 0.000 0.000 0.000 0.000 0.000 0.000 0.000 0.000 0.000 0.000 0.000 
0.000 0.000 0.000 0.000 0.000 0.000 0.000 0.000 0.000 0.000 0.000 0.000 0.000 0.000 0.000 0.000 0.000 0.000 0.000 0.000 0.000 0.000 0.000 0.000 0.000 0.000 0.000 0.000 
