# Vol_scan Display Grid (processed)
# Grid size: 31 x 30
# Format: reflectivity
# Ref point: (-39000.000000, 10000.000000)
# Grid res: 1000.000000 meters
0.000 0.000 0.000 0.000 0.000 0.000 0.000 0.000 0.000 0.000 0.000 0.000 0.000 0.000 0.000 0.000 0.000 0.000 0.000 0.000 0.000 0.000 0.000 0.000 0.000 0.000 0.000 0.000 0.000 0.000 
0.000 0.000 0.000 0.000 0.000 0.000 0.000 0.000 0.000 0.000 0.000 0.000 0.000 0.000 0.000 0.000 -0.000 0.000 -0.000 0.000 0.000 0.000 0.000 0.000 0.000 0.000 0.000 0.000 0.000 0.000 
0.000 0.000 0.000 0.000 0.000 0.000 0.000 0.000 0.000 0.000 0.000 0.000 0.000 0.000 -0.000 0.000 0.000 -0.000 0.000 0.000 0.000 0.000 0.000 0.000 0.000 0.000 0.000 0.000 0.000 0.000 
0.000 0.000 0.000 0.000 0.000 0.000 0.000 0.000 0.000 0.000 0.000 0.000 0.000 0.000 -0.000 0.000 -0.000 0.000 0.000 -0.000 0.000 0.000 0.000 0.000 0.000 0.000 0.000 0.000 0.000 0.000 
0.000 0.000 0.000 0.000 0.000 0.000 0.000 0.000 0.000 0.000 -0.000 0.000 23.443 24.735 22.927 24.619 24.230 23.504 24.840 0.000 -0.000 0.000 0.000 0.000 0.000 0.000 0.000 0.000 0.000 0.000 
0.000 0.000 0.000 0.000 0.000 0.000 0.000 0.000 0.000 -0.000 25.945 22.929 27.684 26.549 27.327 26.179 27.867 26.910 28.009 28.383 24.875 0.000 0.000 0.000 0.000 0.000 0.000 0.000 0.000 0.000 
0.000 0.000 0.000 0.000 0.000 0.000 0.000 0.000 0.000 24.475 28.129 26.841 29.255 28.613 29.019 26.432 27.380 28.228 29.293 27.580 26.460 24.428 0.000 0.000 0.000 0.000 0.000 0.000 0.000 0.000 
0.000 0.000 0.000 0.000 -0.000 0.000 0.000 0.000 25.828 28.395 27.165 28.764 30.369 28.105 29.250 27.155 27.879 27.084 28.911 27.299 28.004 27.285 27.543 0.000 0.000 0.000 0.000 0.000 0.000 0.000 
0.000 0.000 0.000 -0.000 0.000 0.000 0.001 9.962 28.303 27.388 27.473 26.695 28.931 28.186 30.326 27.248 28.961 27.274 30.713 28.105 27.324 28.757 26.937 24.521 0.000 0.000 0.000 0.000 0.000 0.000 
0.000 0.000 -0.000 0.000 0.000 0.000 8.596 27.547 28.692 28.266 27.817 28.222 27.352 29.780 30.121 29.638 29.448 27.192 26.858 29.260 29.572 28.021 27.751 29.162 22.575 -0.000 0.000 0.000 0.000 0.000 
0.000 0.000 0.000 -0.000 0.000 0.000 22.445 26.816 27.689 28.556 27.943 27.503 28.192 29.165 27.746 27.991 28.527 27.261 29.959 27.774 29.075 26.272 28.581 27.517 29.136 0.000 -0.000 0.000 0.000 0.000 
0.000 0.000 0.000 -0.000 0.000 1.168 26.677 27.034 29.937 27.194 28.298 27.441 28.047 27.476 30.994 28.722 28.998 27.554 27.934 30.101 27.097 26.156 26.428 28.519 28.045 -0.000 0.000 0.000 -0.000 0.000 
0.000 -0.000 -0.000 -0.000 0.000 0.681 28.570 28.108 27.261 28.915 28.691 27.409 27.550 27.881 27.747 28.311 27.678 28.848 30.045 28.496 26.211 27.764 28.339 27.139 25.852 26.703 0.000 -0.000 0.000 0.000 
0.000 0.000 0.000 0.000 0.000 0.927 28.215 27.084 28.256 26.223 26.750 27.912 27.985 28.556 26.747 29.203 29.396 27.971 27.069 27.326 27.296 28.651 29.014 28.753 29.062 25.826 -0.000 0.000 0.000 0.000 
0.000 0.000 0.000 0.000 0.000 0.421 27.439 29.360 27.178 26.298 28.999 26.384 29.435 28.457 28.905 29.170 31.693 29.653 27.814 29.275 28.755 28.030 27.561 27.380 28.271 0.000 0.000 -0.000 0.000 0.000 
0.000 0.000 0.000 -0.000 0.000 0.296 29.805 28.044 28.245 28.867 28.191 27.152 27.395 27.660 28.672 29.072 28.315 29.356 31.802 26.771 28.002 28.166 27.468 27.722 28.393 0.000 0.000 0.000 0.000 0.000 
0.000 0.000 0.000 0.000 0.000 0.003 27.191 29.189 27.620 27.940 28.897 28.225 30.313 27.909 30.305 29.861 29.262 28.677 30.257 30.728 30.770 28.401 29.761 28.629 27.909 28.867 0.000 0.000 0.000 0.000 
0.000 0.000 0.000 0.000 -0.000 0.001 28.763 28.384 28.005 29.350 28.705 29.503 28.260 30.066 31.072 27.863 32.298 29.135 27.718 29.906 28.095 27.369 28.182 29.957 28.343 19.476 0.000 0.000 0.000 0.000 
0.000 0.000 0.000 0.000 0.000 0.000 21.644 27.529 27.513 29.518 29.144 29.027 28.170 30.433 28.006 29.648 29.705 28.741 29.012 29.630 30.594 28.547 28.069 28.591 23.272 0.000 0.000 0.000 0.000 0.000 
0.000 0.000 0.000 0.000 0.000 7.090 0.004 27.850 28.685 27.958 29.318 29.149 30.251 30.224 28.499 28.639 29.841 28.904 29.470 27.802 28.800 27.644 27.674 26.567 25.873 0.000 0.000 0.000 0.000 0.000 
0.000 0.000 0.000 0.000 0.000 0.000 6.170 28.553 26.484 27.979 27.917 30.578 30.911 30.657 30.743 28.446 28.481 29.564 28.768 27.881 26.907 27.064 27.923 23.792 0.000 0.000 0.000 0.000 0.000 0.000 
0.000 0.000 0.000 0.000 0.000 0.000 4.650 7.140 27.882 29.455 28.063 29.996 30.504 30.540 28.940 29.361 28.298 30.842 28.546 27.706 28.523 28.487 24.383 0.000 0.000 0.000 0.000 0.000 0.000 0.000 
0.000 0.000 0.000 0.000 0.000 0.000 0.000 3.700 4.150 28.450 27.828 28.304 28.322 29.032 26.964 27.651 29.757 29.642 28.039 27.365 29.059 22.813 0.000 -0.000 0.000 0.000 0.000 0.000 0.000 0.000 
0.000 0.000 0.000 0.000 0.000 0.000 0.000 0.000 5.250 4.310 0.002 22.698 27.958 30.435 28.620 28.366 28.896 28.056 25.075 22.264 22.144 0.000 0.000 0.000 0.000 0.000 0.000 0.000 0.000 0.000 
0.000 0.000 0.000 0.000 0.000 0.000 0.000 0.000 0.000 0.000 6.030 0.001 0.002 19.050 25.699 24.308 26.717 25.726 23.415 0.000 0.000 0.000 0.000 0.000 0.000 0.000 0.000 0.000 0.000 0.000 
0.000 0.000 0.000 0.000 0.000 0.000 0.000 0.000 0.000 0.000 0.000 0.000 -0.000 0.000 0.000 0.000 0.000 0.000 0.000 0.000 -0.000 0.000 0.000 0.000 0.000 0.000 0.000 0.000 0.000 0.000 
0.000 0.000 0.000 0.000 0.000 0.000 0.000 0.000 0.000 0.000 0.000 0.000 0.000 0.000 -0.000 0.000 0.000 -0.000 -0.000 -0.000 0.000 -0.000 0.000 0.000 0.000 0.000 0.000 0.000 0.000 0.000 
0.000 0.000 0.000 0.000 0.000 0.000 0.000 0.000 0.000 0.000 0.000 0.000 0.000 0.000 0.000 0.000 0.000 -0.000 0.000 0.000 0.000 0.000 0.000 0.000 0.000 0.000 0.000 0.000 0.000 0.000 
0.000 0.000 0.000 0.000 0.000 0.000 0.000 0.000 0.000 0.000 0.000 0.000 0.000 0.000 0.000 0.000 0.000 -0.000 0.000 0.000 0.000 0.000 0.000 0.000 0.000 0.000 0.000 0.000 0.000 0.000 
0.000 0.000 0.000 0.000 0.000 0.000 0.000 0.000 0.000 0.000 0.000 0.000 0.000 0.000 0.000 0.000 0.000 0.000 0.000 0.000 0.000 0.000 0.000 0.000 0.000 0.000 0.000 0.000 0.000 0.000 
0.000 0.000 0.000 0.000 0.000 0.000 0.000 0.000 0.000 0.000 0.000 0.000 0.000 0.000 0.000 0.000 0.000 0.000 0.000 0.000 0.000 0.000 0.000 0.000 0.000 0.000 0.000 0.000 0.000 0.000 
