# Vol_scan Display Grid (processed)
# Grid size: 29 x 26
# Format: reflectivity
# Ref point: (-78000.000000, 13000.000000)
# Grid res: 1000.000000 meters
0.000 0.000 0.000 0.000 0.000 0.000 0.000 0.000 0.000 0.000 0.000 0.000 0.000 0.000 0.000 0.000 0.000 0.000 0.000 0.000 0.000 0.000 0.000 0.000 0.000 0.000 
0.000 0.000 0.000 0.000 0.000 0.000 0.000 0.000 0.000 0.000 0.000 0.000 0.000 0.000 0.000 0.000 0.000 0.000 0.000 0.000 0.000 0.000 0.000 0.000 0.000 0.000 
0.000 0.000 0.000 0.000 0.000 0.000 0.000 0.000 0.000 0.000 0.000 -0.000 0.000 0.000 0.000 0.000 0.000 0.000 0.000 0.000 0.000 0.000 0.000 0.000 0.000 0.000 
0.000 0.000 0.000 0.000 0.000 0.000 0.000 0.000 0.000 0.000 -0.000 -0.000 0.000 0.000 0.000 0.000 0.000 0.000 0.000 0.000 0.000 0.000 0.000 0.000 0.000 0.000 
0.000 0.000 0.000 0.000 0.000 0.000 0.000 -0.000 0.000 -0.000 0.000 0.000 -0.000 -0.000 0.000 0.000 0.000 0.000 0.000 0.000 0.000 0.000 0.000 0.000 0.000 0.000 
0.000 0.000 0.000 0.000 0.000 0.000 0.000 0.000 0.000 0.000 0.000 0.000 0.000 0.000 -0.000 0.000 0.000 0.000 0.000 0.000 0.000 0.000 0.000 0.000 0.000 0.000 
0.000 0.000 0.000 0.000 0.000 0.000 0.000 0.000 0.000 0.000 0.003 0.006 0.011 0.058 0.055 0.000 0.000 0.000 0.000 0.000 0.000 0.000 0.000 0.000 0.000 0.000 
0.000 0.000 0.000 0.000 0.000 0.014 0.000 0.004 11.132 24.436 23.002 25.187 23.904 24.230 23.646 25.599 0.000 0.000 0.000 0.000 0.000 0.000 0.000 0.000 0.000 0.000 
0.000 0.000 0.000 0.000 0.012 0.011 8.853 25.250 29.315 28.095 28.921 28.314 28.623 28.249 27.095 26.826 28.493 4.602 0.000 0.000 0.000 0.000 0.000 0.000 0.000 0.000 
0.000 0.000 0.000 5.530 0.108 9.783 25.257 29.691 26.015 27.711 28.240 28.490 27.175 26.381 29.801 27.223 26.145 28.042 22.465 0.000 0.000 0.000 0.000 0.000 0.000 0.000 
0.000 0.000 4.410 2.283 14.739 26.205 29.392 28.049 28.470 29.649 29.145 28.257 28.206 28.798 27.526 27.061 26.857 28.005 28.457 24.675 0.000 0.000 0.000 0.000 0.000 0.000 
0.000 4.670 5.060 26.813 23.607 30.201 29.841 28.824 28.315 28.509 28.724 27.455 28.749 26.563 29.366 27.810 26.802 28.504 26.739 29.390 20.751 0.000 0.000 0.000 0.000 0.000 
0.000 6.600 6.747 27.172 26.635 28.853 27.538 30.270 26.251 27.916 30.024 29.819 29.398 27.453 28.494 26.912 28.587 27.630 28.267 27.356 26.435 0.000 0.000 0.000 0.000 0.000 
0.000 7.240 29.661 27.977 26.846 28.526 28.904 28.936 28.858 28.022 28.755 27.068 26.604 27.576 28.487 28.742 27.835 28.661 27.095 27.295 27.787 23.875 0.000 -0.000 0.000 0.000 
5.190 6.352 17.065 27.418 28.693 26.936 27.964 28.643 29.268 26.191 27.129 29.547 28.619 28.492 27.535 27.844 28.253 27.630 29.314 29.040 25.942 27.327 0.000 0.000 0.000 0.000 
5.920 0.169 24.471 28.093 26.887 28.062 28.657 28.138 29.290 29.432 27.534 27.958 28.864 28.316 27.597 27.511 28.372 29.292 26.694 28.549 28.126 27.388 -0.000 0.000 0.000 0.000 
6.380 0.017 25.223 27.587 25.989 29.154 28.240 26.986 27.697 28.084 28.504 26.974 27.612 27.887 29.568 28.245 29.037 28.322 27.972 27.636 28.326 28.926 0.000 -0.000 0.000 0.000 
0.073 0.001 28.209 27.322 27.892 28.533 28.780 28.360 28.097 28.788 29.180 27.363 28.220 25.261 27.361 27.966 26.520 27.916 28.838 27.822 29.949 28.726 -0.000 -0.000 0.000 0.000 
0.006 0.001 10.179 26.883 26.997 27.106 27.824 28.224 29.559 27.402 26.373 26.504 26.047 27.530 27.855 28.436 28.804 27.150 29.612 28.340 28.805 28.677 0.000 0.000 0.000 0.000 
0.001 0.000 20.964 27.158 29.636 29.285 28.115 28.215 27.119 25.591 27.592 27.010 26.889 26.510 26.935 25.799 27.739 27.931 27.947 26.999 29.523 29.686 -0.000 0.000 0.000 0.000 
0.000 0.000 0.113 26.746 27.214 31.255 27.383 28.081 26.216 26.616 26.134 26.357 26.492 28.113 26.738 27.404 27.606 28.490 27.701 27.434 27.831 28.215 0.000 0.000 0.000 0.000 
0.000 0.000 0.000 26.071 28.545 28.518 28.448 29.521 27.017 26.647 26.846 25.501 27.849 27.309 27.518 27.329 27.602 28.444 27.355 28.206 26.934 27.039 0.000 0.000 0.000 0.000 
0.000 0.000 0.000 24.444 28.647 28.484 27.304 27.941 25.983 26.605 27.081 26.038 27.037 27.878 28.347 26.449 26.297 29.135 29.009 26.848 27.993 0.000 0.000 0.000 0.000 0.000 
-0.000 -0.000 0.000 0.001 25.013 28.496 28.625 26.868 28.130 26.822 26.967 27.599 27.197 28.721 26.864 27.567 28.522 27.525 27.411 26.578 19.373 0.000 0.000 0.000 0.000 0.000 
0.000 0.000 -0.000 0.000 0.000 26.537 28.176 26.678 25.973 26.662 26.250 27.511 25.886 28.844 29.428 28.690 26.378 28.752 27.874 22.099 -0.000 0.000 0.000 0.000 0.000 0.000 
0.000 0.000 0.000 0.000 0.000 0.001 24.934 28.155 28.831 27.361 27.323 25.943 26.465 28.516 26.840 28.046 27.293 26.359 17.404 -0.000 0.000 0.000 0.000 0.000 0.000 0.000 
0.000 0.000 -0.000 0.000 0.000 0.000 0.000 0.000 24.566 27.696 27.403 25.873 27.716 27.521 27.961 26.398 26.586 -0.000 0.000 0.000 0.000 0.000 0.000 0.000 0.000 0.000 
0.000 0.000 -0.000 0.000 0.000 0.000 0.000 -0.000 -0.000 23.308 28.265 26.079 27.644 25.127 21.463 -0.000 0.000 0.000 -0.000 0.000 0.000 0.000 0.000 0.000 0.000 0.000 
0.000 0.000 0.000 0.000 0.000 0.000 0.000 0.000 0.000 0.000 0.000 0.000 0.000 0.000 0.000 0.000 0.000 0.000 0.000 0.000 0.000 0.000 0.000 0.000 0.000 0.000 
