# Vol_scan Display Grid (processed)
# Grid size: 30 x 32
# Format: reflectivity
# Ref point: (-70000.000000, 11000.000000)
# Grid res: 1000.000000 meters
0.000 0.000 0.000 0.000 0.000 0.000 0.000 0.000 -0.000 0.000 0.000 0.000 0.000 0.000 0.000 0.000 0.000 0.000 0.000 0.000 0.000 0.000 0.000 0.000 0.000 0.000 0.000 0.000 0.000 0.000 0.000 0.000 
0.000 0.000 0.000 0.000 0.000 0.000 0.000 0.000 0.000 0.000 0.000 0.000 0.013 0.000 0.000 0.000 0.000 0.000 0.000 0.000 0.000 0.000 0.000 0.000 0.000 0.000 0.000 0.000 0.000 0.000 0.000 0.000 
0.000 0.000 0.000 0.000 0.000 -0.000 0.000 0.000 0.000 0.000 0.000 0.000 0.000 0.001 0.018 0.015 0.000 0.000 0.000 0.000 0.000 0.000 0.000 0.000 0.000 0.000 0.000 0.000 0.000 0.000 0.000 0.000 
0.000 0.000 0.000 0.000 0.000 0.000 0.000 0.000 0.000 0.000 1.811 18.414 1.316 21.611 25.340 26.269 11.579 7.350 5.750 0.000 0.000 0.000 0.000 0.000 0.000 0.000 0.000 0.000 0.000 0.000 0.000 0.000 
0.000 0.000 0.000 0.000 0.000 0.000 0.000 0.000 19.956 5.844 22.979 28.505 27.269 28.008 27.439 28.632 27.785 28.303 30.108 22.511 2.696 0.000 0.000 0.000 0.000 0.000 0.000 0.000 0.000 0.000 0.000 0.000 
0.000 0.000 0.000 0.000 -0.000 0.000 -0.000 4.241 27.695 27.649 29.449 27.415 29.040 29.048 27.203 25.876 28.402 27.486 28.062 28.966 1.538 0.029 0.009 0.000 0.000 0.000 0.000 0.000 0.000 0.000 0.000 0.000 
0.000 0.000 0.000 0.000 0.000 0.001 0.000 27.570 29.785 27.534 29.074 28.115 28.220 28.680 28.355 29.967 26.940 28.165 29.292 27.191 27.128 11.726 0.000 0.000 0.000 0.000 0.000 0.000 0.000 0.000 0.000 0.000 
0.000 0.000 0.000 0.000 0.000 7.295 27.512 28.773 26.543 28.002 29.612 28.226 27.285 26.913 30.835 29.416 29.464 28.914 29.280 27.778 26.640 30.563 1.187 0.000 0.000 -0.000 0.000 0.000 0.000 0.000 0.000 0.000 
0.000 0.000 0.000 0.000 0.000 24.301 28.158 28.135 27.877 28.941 28.490 29.926 28.184 27.797 27.342 28.264 27.743 29.650 27.933 29.326 27.947 27.798 22.274 0.000 0.000 0.000 0.000 -0.000 0.000 0.000 0.000 0.000 
0.000 0.000 0.000 -0.000 0.000 28.174 26.102 29.507 25.697 27.808 27.391 25.814 27.088 28.260 28.253 28.594 28.518 28.684 28.992 28.691 28.537 27.460 29.485 0.000 0.000 0.000 0.000 0.000 0.000 0.000 0.000 0.000 
0.000 0.000 0.000 -0.000 29.597 28.961 26.645 27.467 28.129 26.744 27.225 29.724 27.771 27.609 28.481 28.204 28.546 28.339 26.202 29.742 27.298 27.150 26.847 27.691 0.000 0.000 0.000 0.000 0.000 0.000 -0.000 0.000 
0.000 0.000 0.000 -0.000 27.855 27.222 27.884 27.309 26.336 26.502 27.943 26.524 27.176 27.696 29.478 28.127 27.214 26.970 28.315 28.410 27.098 28.254 28.283 28.716 0.001 0.000 0.000 0.000 0.000 0.000 0.000 0.000 
0.000 0.000 0.000 -0.000 27.091 28.423 26.718 28.111 27.542 27.910 27.498 28.932 26.839 27.565 28.263 28.732 28.190 27.348 30.810 27.427 29.986 27.869 28.588 29.248 0.000 0.000 0.000 0.000 -0.000 0.000 0.000 0.000 
0.000 0.000 0.000 0.000 28.823 26.704 29.583 28.620 26.676 26.238 27.461 26.674 27.131 27.448 26.018 25.894 30.575 28.351 26.955 27.961 29.156 27.221 29.701 28.230 0.000 0.000 0.000 0.000 0.000 0.000 0.000 0.000 
0.000 -0.000 -0.000 0.000 -0.000 27.150 27.225 27.410 26.697 26.455 26.976 27.911 25.043 26.457 26.582 26.517 26.999 26.193 27.294 26.399 25.962 28.499 26.601 26.552 -0.000 -0.000 -0.000 0.000 0.000 -0.000 0.000 0.000 
0.000 0.000 0.000 0.000 27.509 26.628 28.048 28.630 27.535 28.349 25.521 26.340 25.743 24.987 25.552 25.547 25.533 25.395 25.949 26.785 29.298 28.416 28.124 27.697 0.000 0.000 0.000 0.000 0.000 0.000 0.000 0.000 
0.000 0.000 0.000 0.000 23.106 27.251 28.173 27.245 27.174 28.058 25.477 26.737 25.868 26.305 25.705 27.738 25.328 26.833 26.500 27.335 26.778 27.120 27.759 0.000 0.000 0.000 0.000 0.000 0.000 0.000 0.000 0.000 
0.000 0.000 0.000 0.000 0.000 27.315 28.897 26.372 27.679 25.241 25.322 27.534 25.192 26.742 24.167 25.994 27.069 27.911 26.155 27.160 27.773 28.277 27.962 26.400 0.000 -0.000 0.000 -0.000 0.000 0.000 0.000 0.000 
0.000 0.000 0.000 0.000 0.000 28.076 27.769 27.497 28.333 26.043 25.634 25.349 25.989 25.354 25.051 27.172 27.729 25.702 25.780 26.923 26.600 28.541 25.504 0.000 -0.000 -0.000 0.000 0.000 0.000 0.000 0.000 0.000 
0.000 0.000 0.000 0.000 0.000 0.000 28.206 27.938 28.576 26.119 25.283 26.216 26.766 25.882 26.001 26.508 24.969 26.511 27.591 29.434 28.296 26.062 23.277 0.000 0.000 0.000 0.000 0.000 0.000 0.000 0.000 0.000 
0.000 0.000 0.000 0.000 0.000 0.000 17.809 28.679 28.329 26.672 24.936 25.823 26.148 26.409 24.616 25.617 25.665 26.696 25.815 27.804 26.694 23.399 -0.000 0.000 0.000 0.000 0.000 0.000 0.000 0.000 0.000 0.000 
0.000 0.000 0.000 0.000 0.000 0.000 0.000 20.217 27.052 27.599 25.394 25.724 25.878 24.199 25.699 26.714 25.335 25.548 26.483 28.429 -0.000 0.000 0.000 -0.000 0.000 0.000 0.000 0.000 0.000 0.000 0.000 0.000 
0.000 0.000 0.000 0.000 0.000 0.000 0.000 0.000 0.000 26.178 24.773 25.317 24.868 24.558 25.861 25.425 24.124 24.711 23.887 0.000 -0.000 0.000 0.000 0.000 0.000 0.000 0.000 0.000 0.000 0.000 0.000 0.000 
0.000 0.000 0.000 0.000 0.000 0.000 0.000 0.000 0.000 0.000 0.000 21.618 21.523 21.637 23.625 21.109 24.816 21.330 0.000 0.000 0.000 0.000 0.000 0.000 0.000 0.000 0.000 0.000 0.000 0.000 0.000 0.000 
0.000 0.000 0.000 0.000 0.000 0.000 0.000 0.000 0.000 0.000 0.000 0.000 0.000 0.000 0.000 0.000 0.000 0.000 0.000 0.000 0.000 0.000 0.000 0.000 0.000 0.000 0.000 0.000 0.000 0.000 0.000 0.000 
0.000 0.000 0.000 0.000 0.000 0.000 0.000 0.000 0.000 0.000 0.000 0.000 0.000 0.000 0.000 0.000 0.000 0.000 0.000 0.000 0.000 0.000 0.000 0.000 0.000 0.000 0.000 0.000 0.000 0.000 0.000 0.000 
0.000 0.000 0.000 0.000 0.000 0.000 0.000 0.000 0.000 0.000 0.000 0.000 0.000 0.000 0.000 0.000 0.000 0.000 0.000 0.000 0.000 0.000 0.000 0.000 0.000 0.000 0.000 0.000 0.000 0.000 0.000 0.000 
0.000 0.000 0.000 0.000 0.000 0.000 0.000 0.000 0.000 0.000 0.000 0.000 0.000 0.000 0.000 0.000 0.000 0.000 0.000 0.000 0.000 0.000 0.000 0.000 0.000 0.000 0.000 0.000 0.000 0.000 0.000 0.000 
0.000 0.000 0.000 0.000 0.000 0.000 0.000 0.000 0.000 0.000 0.000 0.000 0.000 0.000 0.000 0.000 0.000 0.000 0.000 0.000 0.000 0.000 0.000 0.000 0.000 0.000 0.000 0.000 0.000 0.000 0.000 0.000 
0.000 0.000 0.000 0.000 0.000 0.000 0.000 0.000 0.000 0.000 0.000 0.000 0.000 0.000 0.000 0.000 0.000 0.000 0.000 0.000 0.000 0.000 0.000 0.000 0.000 0.000 0.000 0.000 0.000 0.000 0.000 0.000 
