# Vol_scan Display Grid (processed)
# Grid size: 30 x 30
# Format: reflectivity
# Ref point: (-88000.000000, 10000.000000)
# Grid res: 1000.000000 meters
0.000 0.000 0.000 0.000 0.000 0.000 0.000 0.000 0.000 0.000 0.000 0.000 0.000 0.000 0.000 0.000 0.000 0.000 0.000 0.000 0.000 0.000 0.000 0.000 0.000 0.000 0.000 0.000 0.000 0.000 
0.000 0.000 0.000 0.000 0.000 0.000 0.000 0.000 0.000 0.000 0.000 0.000 0.000 0.000 0.000 0.000 0.000 -0.000 0.000 0.000 0.000 0.000 0.000 0.000 0.000 0.000 0.000 0.000 0.000 0.000 
0.000 0.000 0.000 0.000 0.000 0.000 0.000 0.000 0.000 0.000 0.000 0.000 0.000 0.000 0.000 0.000 -0.000 -0.000 -0.000 0.000 0.000 0.000 0.000 0.000 0.000 0.000 0.000 0.000 0.000 0.000 
0.000 0.000 0.000 0.000 0.000 0.000 0.000 0.000 0.000 0.000 0.000 0.000 0.000 0.000 0.000 0.000 0.000 -0.000 0.000 0.000 0.000 0.000 0.000 0.000 0.000 0.000 0.000 0.000 0.000 0.000 
0.000 0.000 0.000 0.000 0.000 0.000 0.000 0.000 0.000 0.000 0.000 0.007 0.001 0.000 0.000 0.000 0.000 -0.000 0.000 0.000 0.000 -0.000 0.000 0.000 0.000 0.000 0.000 0.000 0.000 0.000 
0.000 0.000 0.000 0.000 0.000 0.000 0.000 0.000 0.000 0.000 0.004 0.000 0.001 0.001 0.001 0.001 0.002 0.000 0.000 0.000 -0.000 0.000 0.000 0.000 0.000 0.000 0.000 0.000 0.000 0.000 
0.000 0.000 0.000 0.000 0.000 0.000 0.000 0.000 0.000 7.508 0.018 0.387 18.916 22.006 20.359 20.801 20.701 20.276 4.179 0.002 0.000 0.000 0.000 0.000 0.000 0.000 0.000 0.000 0.000 0.000 
0.000 0.000 0.000 0.000 0.000 0.000 0.000 0.000 6.398 3.347 25.699 26.235 28.210 27.448 26.805 28.101 27.100 26.056 27.611 22.760 3.196 0.000 -0.000 0.000 0.000 0.000 0.000 0.000 0.000 0.000 
0.000 0.000 0.000 0.000 0.000 0.000 0.000 6.177 35.515 25.024 28.184 29.430 28.992 27.502 27.289 26.012 27.821 26.842 28.606 27.686 25.477 23.415 -0.000 0.000 0.000 0.000 0.000 0.000 0.000 0.000 
0.000 0.000 0.000 0.000 0.000 0.000 5.614 18.081 27.345 27.966 28.771 27.651 29.709 26.383 26.872 26.507 27.682 27.041 26.900 27.767 28.516 25.379 16.576 0.000 0.000 0.000 0.000 0.000 0.000 0.000 
0.000 0.000 0.000 0.000 0.000 0.088 20.929 25.102 27.274 28.006 28.280 27.384 25.865 27.602 25.063 26.882 28.144 27.339 27.380 28.683 27.232 28.359 29.322 25.593 -0.000 0.000 0.000 0.000 0.000 0.000 
0.000 0.000 0.000 0.000 0.000 0.147 26.383 29.916 27.927 27.868 28.407 28.491 24.788 29.037 27.867 27.313 27.408 28.246 27.674 28.272 26.554 28.175 29.014 27.511 -0.000 0.000 0.000 0.000 0.000 0.000 
0.000 0.000 0.000 0.000 0.003 1.878 27.268 26.645 27.079 26.320 25.954 26.034 30.094 27.716 27.822 25.515 26.187 28.097 27.893 27.950 28.132 28.262 28.922 26.773 22.670 0.000 0.000 0.000 0.000 0.000 
0.000 0.000 0.000 0.005 0.001 15.065 28.429 28.234 27.958 26.348 26.837 27.507 28.164 26.669 28.969 28.515 28.271 27.892 28.552 27.188 27.417 28.672 25.946 27.295 28.876 0.000 -0.000 0.000 0.000 0.000 
0.000 0.000 0.000 0.000 0.000 26.033 28.102 30.065 27.423 28.519 27.035 28.396 27.662 26.868 27.710 27.693 27.251 29.075 28.712 28.036 28.867 27.574 28.048 27.496 28.125 0.000 -0.000 0.000 0.000 0.000 
0.000 0.000 0.000 0.000 0.001 28.623 27.265 27.671 28.959 25.669 27.813 27.720 27.201 27.107 27.603 27.440 26.348 28.783 28.319 28.655 27.017 29.487 27.385 28.297 30.624 -0.000 0.000 0.000 0.000 0.000 
0.000 0.000 0.000 0.000 0.001 26.229 28.242 29.221 27.983 27.662 27.102 28.383 28.500 28.064 28.627 28.784 27.492 29.589 29.651 27.437 27.789 28.273 27.192 26.061 29.019 -0.000 0.000 0.000 0.000 0.000 
0.000 0.000 0.000 0.000 0.000 25.613 27.213 28.599 28.021 25.760 27.199 27.666 28.433 28.058 29.179 28.308 29.011 26.653 26.888 28.166 28.898 27.748 28.836 26.326 29.174 0.000 0.000 0.000 0.000 0.000 
0.000 0.000 -0.000 0.000 0.000 7.161 28.505 27.700 27.356 27.477 25.414 28.002 29.492 30.675 28.133 29.597 28.276 26.596 28.202 28.096 25.872 26.247 25.916 26.850 27.421 0.000 0.000 0.000 -0.000 0.000 
0.000 -0.000 0.000 0.000 0.000 0.005 28.031 26.157 28.131 27.084 27.388 27.325 27.160 28.129 28.107 29.975 29.789 26.947 27.717 25.921 28.572 27.003 27.247 27.412 26.386 0.000 -0.000 0.000 0.000 0.000 
0.000 -0.000 0.000 -0.000 0.000 0.034 26.635 28.541 26.246 27.501 26.964 26.783 29.656 26.883 27.122 27.721 27.852 26.374 28.909 26.747 27.080 27.812 28.037 27.843 21.873 0.000 0.000 0.000 0.000 0.000 
-0.000 -0.000 0.000 0.000 0.000 0.000 22.443 29.182 26.757 26.419 28.059 27.458 28.302 29.243 25.406 27.283 27.983 27.840 27.165 26.827 28.581 29.692 28.213 27.553 -0.000 0.000 0.000 0.000 0.000 0.000 
0.000 0.000 0.000 0.000 -0.000 0.000 0.000 22.917 30.569 27.285 26.577 28.716 27.974 28.524 27.221 27.422 28.807 26.517 27.966 29.016 27.298 27.579 27.119 25.557 0.000 0.000 0.000 0.000 0.000 0.000 
0.000 0.000 0.000 0.000 0.000 0.000 0.000 0.000 26.515 27.549 28.895 28.625 27.515 30.281 26.295 27.704 25.997 28.537 28.423 28.517 27.429 28.003 27.260 0.000 0.000 0.000 0.000 0.000 0.000 0.000 
0.000 0.000 0.000 0.000 0.000 0.000 0.000 0.000 0.000 27.160 29.637 28.336 27.552 28.325 28.044 26.318 27.380 27.003 28.122 26.892 25.544 25.553 0.000 0.000 0.000 0.000 0.000 0.000 0.000 0.000 
0.000 0.000 0.000 0.000 0.000 0.000 0.000 0.000 -0.000 0.000 25.616 27.143 27.261 28.458 28.830 28.696 27.267 27.284 27.318 25.598 18.551 0.000 0.000 0.000 0.000 0.000 0.000 0.000 0.000 0.000 
0.000 0.000 0.000 0.000 0.000 0.000 0.000 0.000 0.000 0.000 0.000 0.000 24.093 20.479 22.977 24.795 22.632 23.185 0.000 0.000 -0.000 0.000 0.000 0.000 0.000 0.000 0.000 0.000 0.000 0.000 
0.000 0.000 0.000 0.000 0.000 0.000 0.000 0.000 0.000 0.000 0.000 0.000 0.000 -0.000 0.000 -0.000 -0.000 0.000 0.000 0.000 0.000 0.000 0.000 0.000 0.000 0.000 0.000 0.000 0.000 0.000 
0.000 0.000 0.000 0.000 0.000 0.000 0.000 0.000 0.000 0.000 0.000 0.000 0.000 0.000 0.000 0.000 -0.000 0.000 0.000 0.000 0.000 0.000 0.000 0.000 0.000 0.000 0.000 0.000 0.000 0.000 
0.000 0.000 0.000 0.000 0.000 0.000 0.000 0.000 0.000 0.000 0.000 0.000 0.000 0.000 0.000 0.000 0.000 0.000 0.000 0.000 0.000 0.000 0.000 0.000 0.000 0.000 0.000 0.000 0.000 0.000 
