# Vol_scan Display Grid (processed)
# Grid size: 30 x 33
# Format: reflectivity
# Ref point: (-60000.000000, 11000.000000)
# Grid res: 1000.000000 meters
0.000 0.000 0.000 0.000 0.000 0.000 0.000 0.000 0.000 -0.000 0.000 0.000 0.000 0.000 0.000 0.000 0.000 0.000 0.000 0.000 0.000 0.000 0.000 0.000 0.000 0.000 0.000 0.000 0.000 0.000 0.000 0.000 0.000 
0.000 0.000 0.000 0.000 0.000 0.000 0.000 -0.000 0.000 0.000 0.000 0.000 0.000 0.000 0.000 0.000 0.000 0.000 0.000 0.000 0.000 0.000 0.000 0.000 0.000 0.000 0.000 0.000 0.000 0.000 0.000 0.000 0.000 
0.000 0.000 0.000 0.000 0.000 0.000 0.000 -0.000 0.000 0.000 -0.000 0.000 0.000 0.000 0.018 5.870 0.000 0.000 0.000 0.000 0.000 0.000 0.000 0.000 0.000 0.000 0.000 0.000 0.000 0.000 0.000 0.000 0.000 
0.000 0.000 0.000 0.000 0.000 0.000 0.000 -0.000 0.000 0.000 0.000 0.001 0.000 0.001 0.002 0.005 2.784 6.690 3.880 0.000 0.000 0.000 0.000 0.000 0.000 0.000 0.000 0.000 0.000 0.000 0.000 0.000 0.000 
0.000 0.000 0.000 0.000 0.000 0.000 0.000 0.000 0.000 0.000 0.001 25.210 25.583 24.519 24.327 23.043 26.944 15.054 6.107 6.860 6.860 0.000 0.000 0.000 0.000 0.000 0.000 0.000 0.000 0.000 0.000 0.000 0.000 
0.000 0.000 0.000 0.000 -0.000 -0.000 0.000 0.000 24.135 4.669 23.020 26.412 24.775 27.149 26.690 25.760 28.124 28.111 26.140 24.411 6.254 5.710 0.000 0.000 0.000 0.000 0.000 0.000 0.000 0.000 0.000 0.000 0.000 
0.000 0.000 0.000 0.000 0.000 0.000 0.000 18.597 26.365 27.157 27.854 27.488 27.218 28.946 28.255 24.600 27.084 25.427 26.418 26.972 24.968 0.047 0.020 -0.000 0.000 0.000 0.000 0.000 0.000 0.000 0.000 0.000 0.000 
0.000 0.000 0.000 0.000 0.000 0.000 0.002 23.915 26.811 27.477 27.317 27.455 26.524 27.662 28.536 28.236 27.484 27.050 27.027 28.527 27.457 18.470 0.002 0.001 0.000 0.000 0.000 0.000 0.000 0.000 0.000 0.000 0.000 
0.000 0.000 0.000 0.000 0.000 25.215 26.935 26.818 26.827 27.813 28.721 26.092 26.771 27.557 25.606 27.475 28.118 25.911 27.304 28.128 27.014 29.822 9.629 0.000 0.000 0.000 -0.000 0.000 0.000 0.000 0.000 0.000 0.000 
0.000 0.000 0.000 -0.000 0.000 21.451 26.747 26.151 26.579 28.227 24.976 27.105 26.592 26.853 27.646 26.618 28.761 27.816 27.485 26.709 28.101 26.135 26.873 0.001 0.000 0.000 0.000 0.000 0.000 0.000 0.000 0.000 0.000 
0.000 0.000 0.000 0.000 0.000 28.219 28.672 27.490 28.079 25.721 27.813 26.142 27.281 27.678 27.488 27.583 26.679 28.183 26.375 27.799 26.356 27.791 27.195 8.274 0.000 -0.000 0.000 0.000 0.000 0.000 0.000 0.000 0.000 
0.000 0.000 0.000 0.000 27.745 26.013 26.607 25.487 27.678 27.810 26.369 26.289 26.550 27.141 27.644 26.688 26.899 27.843 27.054 27.226 28.039 27.326 28.350 27.852 0.000 0.000 0.000 0.000 0.000 0.000 -0.000 0.000 0.000 
0.000 0.000 0.000 0.000 28.205 27.882 27.295 27.616 26.906 27.044 28.307 27.132 27.150 27.530 27.281 28.590 27.503 26.656 27.350 26.459 26.425 27.110 28.271 27.415 0.000 0.000 -0.000 0.000 0.000 0.000 0.000 0.000 0.000 
0.000 0.000 0.000 -0.000 27.655 27.114 27.479 26.486 27.291 27.693 27.601 26.097 27.094 27.222 27.054 25.888 27.063 27.241 28.164 27.106 27.801 26.818 25.989 28.072 0.001 0.000 -0.000 0.000 0.000 -0.000 -0.000 0.000 0.000 
0.000 0.000 0.000 0.000 27.709 27.483 27.142 26.715 27.950 27.442 27.690 28.800 26.635 25.551 26.881 27.068 27.893 26.001 26.217 27.785 26.883 27.212 26.566 26.678 0.000 0.000 0.000 -0.000 0.000 -0.000 0.000 0.000 0.000 
0.000 0.000 -0.000 -0.000 27.765 29.810 26.071 27.205 26.978 29.934 27.927 26.450 25.779 27.349 27.384 25.959 25.274 26.974 27.710 28.347 27.037 26.163 26.856 27.491 0.442 0.000 0.000 0.000 -0.000 0.000 0.000 0.000 0.000 
0.000 0.000 0.000 -0.000 0.000 26.441 27.648 28.609 27.427 28.902 29.317 26.219 26.746 26.259 26.706 25.984 25.484 25.384 27.372 26.495 27.745 26.730 26.576 27.414 0.000 0.000 -0.000 0.000 0.000 0.000 0.000 0.000 0.000 
0.000 0.000 0.000 0.000 25.237 27.479 26.684 26.774 26.204 27.600 27.112 26.730 25.980 27.273 27.630 26.538 26.017 26.219 25.904 26.009 28.070 25.956 25.477 22.375 0.000 0.000 0.000 -0.000 0.000 0.000 0.000 0.000 0.000 
0.000 0.000 0.000 -0.000 0.000 26.652 27.949 28.518 27.689 25.467 24.665 25.723 26.385 25.956 25.445 25.255 26.740 26.178 26.381 25.709 28.063 27.251 27.464 25.784 0.000 0.000 0.000 0.000 0.000 0.000 0.000 0.000 0.000 
0.000 0.000 0.000 -0.000 0.000 25.324 28.206 27.612 28.417 26.867 27.353 26.732 26.759 25.503 28.115 24.400 26.873 26.104 26.210 27.929 27.638 27.678 26.733 -0.000 0.000 0.000 0.000 0.000 0.000 0.000 0.000 0.000 0.000 
0.000 0.000 0.000 0.000 0.000 0.000 27.071 28.629 27.266 27.549 27.284 25.719 26.112 26.636 27.112 28.277 25.491 28.165 25.032 27.759 29.887 27.565 -0.000 0.000 0.000 -0.000 0.000 0.000 0.000 0.000 0.000 0.000 0.000 
0.000 0.000 0.000 0.000 0.000 0.000 0.000 24.688 27.982 27.229 26.732 26.844 25.665 25.417 26.856 25.787 27.859 24.996 25.473 26.085 26.954 15.329 0.000 0.000 0.000 0.000 0.000 0.000 0.000 0.000 0.000 0.000 0.000 
0.000 0.000 0.000 0.000 0.000 0.000 0.000 0.000 24.843 29.675 27.094 26.926 25.804 27.462 26.685 26.021 27.357 26.152 27.378 23.799 -0.000 0.000 0.000 0.000 0.000 0.000 0.000 0.000 0.000 0.000 0.000 0.000 0.000 
0.000 0.000 0.000 0.000 0.000 0.000 0.000 0.000 0.000 27.385 25.391 27.826 26.161 25.901 26.471 25.940 25.193 22.738 19.981 0.000 0.000 0.000 0.000 0.000 0.000 0.000 0.000 0.000 0.000 0.000 0.000 0.000 0.000 
0.000 0.000 0.000 0.000 0.000 0.000 0.000 0.000 0.000 0.000 0.000 0.000 21.306 20.185 20.565 20.794 21.749 19.773 -0.000 -0.000 0.000 -0.000 0.000 0.000 0.000 0.000 0.000 0.000 0.000 0.000 0.000 0.000 0.000 
0.000 0.000 0.000 0.000 0.000 0.000 0.000 0.000 0.000 0.000 0.000 0.000 0.000 0.000 0.000 0.000 0.000 0.000 0.000 -0.000 0.000 0.000 0.000 0.000 0.000 0.000 0.000 0.000 0.000 0.000 0.000 0.000 0.000 
0.000 0.000 0.000 0.000 0.000 0.000 0.000 0.000 0.000 0.000 0.000 0.000 0.000 0.000 0.000 -0.000 -0.000 0.000 0.000 0.000 0.000 0.000 0.000 0.000 0.000 0.000 0.000 0.000 0.000 0.000 0.000 0.000 0.000 
0.000 0.000 0.000 0.000 0.000 0.000 0.000 0.000 0.000 0.000 0.000 0.000 0.000 0.000 0.000 0.000 0.000 -0.000 0.000 0.000 0.000 0.000 0.000 0.000 0.000 0.000 0.000 0.000 0.000 0.000 0.000 0.000 0.000 
0.000 0.000 0.000 0.000 0.000 0.000 0.000 0.000 0.000 0.000 0.000 0.000 0.000 0.000 0.000 0.000 0.000 0.000 0.000 0.000 0.000 0.000 0.000 0.000 0.000 0.000 0.000 0.000 0.000 0.000 0.000 0.000 0.000 
0.000 0.000 0.000 0.000 0.000 0.000 0.000 0.000 0.000 0.000 0.000 0.000 0.000 0.000 0.000 0.000 0.000 0.000 0.000 0.000 0.000 0.000 0.000 0.000 0.000 0.000 0.000 0.000 0.000 0.000 0.000 0.000 0.000 
