# Vol_scan Display Grid (processed)
# Grid size: 29 x 33
# Format: reflectivity
# Ref point: (-84000.000000, 11000.000000)
# Grid res: 1000.000000 meters
0.000 0.000 0.000 -0.000 0.000 0.000 0.000 -0.000 0.000 0.000 0.000 0.000 0.000 0.000 0.000 0.000 0.000 0.000 0.000 0.000 0.000 0.000 0.000 0.000 0.000 0.000 0.000 0.000 0.000 0.000 0.000 0.000 0.000 
0.000 0.000 0.000 0.000 0.000 0.000 0.000 0.000 0.000 0.000 0.000 0.000 0.000 -0.000 0.000 0.000 0.000 0.000 0.000 0.000 0.000 0.000 0.000 0.000 0.000 0.000 0.000 0.000 0.000 0.000 0.000 0.000 0.000 
0.000 0.000 0.000 0.000 -0.000 -0.000 -0.000 0.000 0.000 0.000 0.000 0.007 0.000 0.010 0.000 6.078 5.853 6.160 0.000 0.000 0.000 0.000 0.000 0.000 0.000 0.000 0.000 0.000 0.000 0.000 0.000 0.000 0.000 
0.000 0.000 -0.000 -0.000 -0.000 0.000 -0.000 -0.000 0.000 0.000 19.120 22.949 24.578 24.473 23.799 29.141 28.753 29.693 5.424 5.844 0.000 0.000 0.000 0.000 0.000 0.000 0.000 0.000 0.000 0.000 0.000 0.000 0.000 
0.000 0.000 0.000 0.000 0.000 0.000 0.000 -0.000 22.023 29.516 29.082 29.444 26.685 26.919 28.857 29.311 26.528 29.210 26.935 25.290 0.007 0.000 0.000 0.000 0.000 0.000 0.000 0.000 0.000 0.000 0.000 0.000 0.000 
0.000 0.000 0.000 0.000 0.000 0.000 9.175 0.089 28.061 28.862 27.724 27.305 28.478 29.134 28.446 28.630 28.162 28.676 28.631 28.676 22.967 0.000 0.000 0.000 0.000 0.000 0.000 0.000 0.000 0.000 0.000 0.000 0.000 
0.000 0.000 -0.000 -0.000 0.000 0.000 25.106 24.227 26.602 27.484 26.180 30.182 28.671 27.071 29.170 26.409 27.398 27.047 26.662 27.224 27.569 6.100 0.003 -0.000 0.000 0.000 0.000 0.000 0.000 0.000 0.000 0.000 0.000 
0.000 0.000 0.000 0.000 0.000 0.000 28.483 27.395 30.505 28.090 25.981 26.338 27.830 28.136 27.588 28.554 28.198 29.379 27.097 28.728 29.189 26.744 0.000 0.000 0.000 0.000 0.000 0.000 0.000 0.000 0.000 0.000 0.000 
0.000 0.000 0.000 0.000 22.610 19.369 27.240 27.817 28.362 28.249 27.229 28.350 27.594 27.640 27.354 28.049 27.439 27.458 28.916 28.319 27.754 26.263 26.260 0.000 -0.000 0.000 0.000 0.000 0.000 0.000 0.000 0.000 0.000 
0.000 0.000 0.000 0.000 27.348 30.019 27.680 28.068 28.280 28.198 28.094 28.210 30.450 26.804 29.438 27.840 27.159 28.367 28.213 28.913 27.873 27.338 28.826 0.000 -0.000 0.000 -0.000 0.000 0.000 0.000 0.000 0.000 0.000 
0.000 0.000 -0.000 0.000 28.783 27.415 27.310 29.379 28.426 28.658 29.208 28.053 27.933 29.436 27.191 27.150 28.398 29.116 27.377 28.354 27.422 27.982 29.493 28.479 0.000 -0.000 0.000 0.000 -0.000 0.000 0.000 0.000 0.000 
0.000 0.000 -0.000 0.000 29.773 28.186 27.742 26.201 25.552 27.357 27.398 28.021 28.125 28.782 27.434 27.322 29.168 27.088 25.810 28.280 29.349 25.720 27.574 27.306 0.000 0.000 0.000 -0.000 -0.000 0.000 0.000 0.000 0.000 
0.000 0.000 0.000 27.781 28.752 28.433 29.212 27.755 28.287 28.278 28.557 28.783 27.533 27.875 28.874 28.768 28.149 27.899 28.406 26.505 29.086 28.763 27.456 29.023 0.094 0.000 0.000 0.000 0.000 0.000 0.000 0.000 0.000 
0.000 0.000 0.000 27.126 28.886 28.322 28.777 28.991 27.128 26.553 29.212 26.062 28.442 27.453 29.354 27.769 26.696 29.210 27.457 28.392 26.665 28.034 27.898 26.894 -0.000 0.000 0.000 0.000 0.000 -0.000 0.000 0.000 0.000 
0.000 0.000 0.000 0.000 28.007 29.311 28.218 29.688 28.534 28.977 27.661 28.296 29.527 27.949 27.679 28.046 28.673 27.062 27.601 28.044 29.539 27.844 30.328 27.517 0.000 -0.000 -0.000 0.000 0.000 0.000 0.000 0.000 0.000 
0.000 0.000 0.000 0.000 29.285 27.452 26.267 28.274 28.622 29.259 27.754 25.587 27.744 27.821 28.095 26.740 26.129 29.306 28.254 28.390 26.839 28.449 28.902 0.000 0.000 0.000 0.000 0.000 0.000 0.000 0.000 0.000 0.000 
0.000 0.000 0.000 0.000 25.391 28.309 28.041 26.511 29.355 28.738 27.211 27.771 28.105 27.975 28.507 28.375 27.620 28.890 27.124 27.523 27.037 27.084 28.206 25.340 0.000 0.000 0.000 0.000 0.000 0.000 0.000 0.000 0.000 
0.000 0.000 0.000 0.000 0.000 28.688 28.931 28.092 27.103 28.057 26.912 28.791 29.763 28.357 28.059 26.149 28.174 27.809 28.779 28.182 26.862 28.896 23.972 24.567 0.000 0.000 -0.000 0.000 0.000 0.000 0.000 0.000 0.000 
0.000 -0.000 0.000 0.000 0.000 22.680 28.713 29.290 28.939 28.798 29.507 28.017 27.620 28.851 26.936 27.222 28.070 28.688 27.493 27.386 28.346 29.040 26.175 -0.000 0.000 -0.000 0.000 -0.000 0.000 0.000 0.000 0.000 0.000 
-0.000 -0.000 0.000 0.000 0.000 0.000 27.585 27.880 29.329 28.851 28.545 28.454 28.623 27.867 28.196 26.860 28.200 27.833 27.316 27.438 27.750 23.404 23.733 0.000 0.000 0.000 0.000 0.000 0.000 0.000 0.000 0.000 0.000 
0.000 0.000 0.000 -0.000 -0.000 -0.000 -0.000 23.803 30.039 27.733 28.632 29.519 26.578 28.947 26.111 28.349 28.289 29.564 28.317 28.260 28.053 0.000 0.000 0.000 0.000 0.000 0.000 0.000 0.000 0.000 0.000 0.000 0.000 
0.000 0.000 0.000 0.000 0.000 0.000 0.000 -0.000 23.455 28.756 29.951 26.983 28.101 26.767 28.966 28.401 28.657 28.419 28.167 24.024 0.000 0.000 0.000 0.000 0.000 0.000 0.000 0.000 0.000 0.000 0.000 0.000 0.000 
0.000 0.000 0.000 0.000 0.000 0.000 0.000 0.000 0.000 20.867 25.292 30.539 28.014 28.922 28.954 27.331 26.891 22.771 0.000 0.000 0.000 -0.000 0.000 0.000 -0.000 0.000 0.000 0.000 0.000 0.000 0.000 0.000 0.000 
0.000 0.000 0.000 0.000 0.000 0.000 0.000 0.000 0.000 0.000 0.000 0.000 20.399 21.894 17.454 0.000 19.574 -0.000 0.000 0.000 0.000 0.000 0.000 0.000 0.000 0.000 0.000 0.000 0.000 0.000 0.000 0.000 0.000 
0.000 0.000 0.000 0.000 0.000 0.000 0.000 0.000 0.000 0.000 0.000 0.000 0.000 0.000 0.000 0.000 -0.000 -0.000 0.000 -0.000 0.000 0.000 0.000 0.000 0.000 0.000 0.000 0.000 0.000 0.000 0.000 0.000 0.000 
0.000 0.000 0.000 0.000 0.000 0.000 0.000 0.000 0.000 0.000 0.000 0.000 0.000 0.000 0.000 0.000 0.000 0.000 -0.000 -0.000 0.000 -0.000 0.000 0.000 0.000 0.000 0.000 0.000 0.000 0.000 0.000 0.000 0.000 
0.000 0.000 0.000 0.000 0.000 0.000 0.000 0.000 0.000 0.000 0.000 0.000 0.000 0.000 0.000 0.000 0.000 0.000 0.000 0.000 -0.000 -0.000 -0.000 0.000 0.000 0.000 0.000 0.000 0.000 0.000 0.000 0.000 0.000 
0.000 0.000 0.000 0.000 0.000 0.000 0.000 0.000 0.000 0.000 0.000 0.000 0.000 0.000 0.000 0.000 0.000 0.000 0.000 0.000 0.000 0.000 0.000 0.000 0.000 0.000 0.000 0.000 0.000 0.000 0.000 0.000 0.000 
0.000 0.000 0.000 0.000 0.000 0.000 0.000 0.000 0.000 0.000 0.000 0.000 0.000 0.000 0.000 0.000 0.000 0.000 0.000 0.000 0.000 0.000 0.000 0.000 0.000 0.000 0.000 0.000 0.000 0.000 0.000 0.000 0.000 
