# Vol_scan Display Grid (processed)
# Grid size: 31 x 32
# Format: reflectivity
# Ref point: (-57000.000000, 11000.000000)
# Grid res: 1000.000000 meters
0.000 0.000 0.000 0.000 0.000 0.000 0.000 0.000 0.000 0.000 0.000 0.000 0.000 0.000 0.000 0.000 0.000 0.000 0.000 0.000 0.000 0.000 0.000 0.000 0.000 0.000 0.000 0.000 0.000 0.000 0.000 0.000 
0.000 0.000 0.000 0.000 0.000 0.000 0.000 0.000 0.000 -0.000 0.000 0.000 0.000 0.000 0.000 0.000 0.000 0.000 0.000 0.000 0.000 0.000 0.000 0.000 0.000 0.000 0.000 0.000 0.000 0.000 0.000 0.000 
0.000 0.000 0.000 0.000 0.000 0.000 0.000 -0.000 0.000 0.000 0.000 0.000 0.000 0.000 0.000 0.000 0.000 0.000 0.000 0.000 0.000 0.000 0.000 0.000 0.000 0.000 0.000 0.000 0.000 0.000 0.000 0.000 
0.000 0.000 0.000 0.000 0.000 -0.000 0.000 0.000 -0.000 0.000 -0.000 0.000 0.000 0.000 0.001 0.020 4.870 0.000 0.000 0.000 0.000 0.000 0.000 0.000 0.000 0.000 0.000 0.000 0.000 0.000 0.000 0.000 
0.000 0.000 0.000 0.000 0.000 0.000 0.000 0.000 0.000 0.000 0.000 0.001 0.001 14.708 13.988 11.063 0.003 2.395 5.830 5.780 0.000 0.000 0.000 0.000 0.000 0.000 0.000 0.000 0.000 0.000 0.000 0.000 
0.000 0.000 0.000 0.000 0.000 0.000 0.000 0.000 0.002 23.079 2.633 22.833 22.175 23.015 26.895 25.214 24.145 27.490 29.734 6.856 6.140 0.000 0.000 0.000 0.000 0.000 0.000 0.000 0.000 0.000 0.000 0.000 
0.000 0.000 0.000 0.000 0.000 -0.000 0.000 0.000 22.319 24.544 27.450 27.512 26.027 28.072 25.826 28.038 27.683 26.108 26.757 26.217 32.813 0.033 5.550 0.000 0.000 0.000 0.000 0.000 0.000 0.000 0.000 0.000 
0.000 0.000 0.000 0.000 0.000 0.000 0.000 14.698 28.093 27.585 28.756 27.323 27.659 26.859 26.741 27.168 26.216 26.329 26.817 27.588 25.952 9.588 0.027 0.000 0.000 0.000 0.000 0.000 0.000 0.000 0.000 0.000 
0.000 0.000 0.000 0.000 0.000 0.000 27.429 28.033 27.695 27.133 28.186 27.714 27.746 26.682 26.950 26.622 27.139 26.053 27.086 27.188 27.994 21.489 12.064 0.001 0.000 0.000 0.000 0.000 0.000 0.000 0.000 0.000 
0.000 0.000 0.000 0.000 0.000 17.669 25.758 26.721 27.595 27.648 26.894 26.787 25.657 27.227 27.511 27.564 27.225 25.695 26.519 27.881 27.157 27.266 24.039 0.000 -0.000 0.000 0.000 0.000 0.000 0.000 0.000 0.000 
0.000 0.000 0.000 0.000 -0.000 24.189 27.561 27.658 28.548 26.966 27.023 27.679 27.427 25.511 27.073 25.333 27.160 26.727 27.715 26.290 27.575 26.214 26.868 3.671 0.000 0.000 0.000 0.000 0.000 0.000 0.000 0.000 
0.000 0.000 0.000 0.000 23.717 27.058 27.008 28.963 28.301 28.840 28.048 26.748 27.353 28.584 27.108 28.550 26.789 27.529 27.761 27.078 26.452 27.662 27.435 27.178 0.000 0.000 0.000 0.000 0.000 0.000 0.000 0.000 
0.000 0.000 0.000 -0.000 22.771 27.414 26.012 27.404 26.890 28.044 26.631 26.756 27.804 25.974 28.175 27.562 26.109 26.953 27.560 26.299 26.960 26.671 29.203 27.633 0.001 0.000 0.000 0.000 0.000 0.000 0.000 0.000 
0.000 0.000 0.000 -0.000 0.000 25.908 30.311 28.096 26.233 28.534 28.698 27.502 28.786 27.285 25.622 27.181 27.776 26.500 26.911 28.102 26.232 27.306 28.808 27.219 0.002 0.000 -0.000 0.000 0.000 -0.000 0.000 0.000 
0.000 0.000 0.000 0.000 28.641 27.798 29.069 27.692 26.558 27.300 27.424 27.877 27.043 27.321 26.394 27.951 28.979 28.433 26.509 28.055 28.594 27.739 26.794 27.680 0.001 0.000 0.000 -0.000 0.000 0.000 -0.000 0.000 
0.000 0.000 0.000 0.000 27.273 28.189 28.669 27.601 27.659 28.048 28.509 28.205 26.829 26.908 26.822 26.229 27.494 28.784 28.436 27.347 27.570 27.558 27.036 27.474 7.751 0.000 0.000 0.000 -0.000 0.000 -0.000 0.000 
0.000 0.000 0.000 0.000 27.334 28.944 27.645 26.339 28.527 28.487 27.449 28.014 26.046 27.563 27.126 25.836 25.264 26.244 27.439 27.138 27.949 28.796 27.872 27.195 0.001 0.000 0.000 0.000 0.000 0.000 0.000 0.000 
0.000 0.000 0.000 0.000 22.972 26.096 28.602 27.546 28.834 28.525 27.617 26.850 27.411 28.615 27.534 26.058 26.686 27.332 26.789 27.511 29.934 27.470 27.256 26.462 0.000 0.000 0.000 0.000 0.000 -0.000 0.000 0.000 
0.000 0.000 -0.000 0.000 22.934 27.795 27.579 28.082 27.254 27.993 26.459 27.330 28.121 27.558 27.994 27.147 25.450 27.102 25.530 27.434 28.562 27.747 29.571 0.001 0.000 0.000 0.000 0.000 -0.000 0.000 0.000 0.000 
0.000 -0.000 -0.000 0.000 0.000 25.045 26.935 28.243 28.378 28.173 24.564 26.164 27.389 29.080 28.034 25.403 27.691 26.222 27.000 28.491 28.689 28.112 28.077 24.332 0.000 0.000 0.000 0.000 0.000 0.000 0.000 0.000 
0.000 -0.000 0.000 0.000 -0.000 20.355 26.804 27.156 26.685 26.418 26.699 26.342 28.096 26.403 26.681 27.500 29.177 25.871 27.141 27.933 26.733 27.598 26.748 0.000 0.000 0.000 0.000 0.000 0.000 0.000 0.000 0.000 
0.000 0.000 0.000 0.000 0.000 0.000 22.660 28.262 27.411 26.067 26.935 26.606 27.471 25.041 27.399 25.874 28.682 25.858 25.986 27.217 26.724 26.296 0.000 0.000 0.000 0.000 0.000 0.000 0.000 0.000 0.000 0.000 
0.000 0.000 0.000 0.000 0.000 0.000 -0.000 24.513 27.947 26.579 27.240 25.949 25.701 26.056 26.369 27.021 26.689 27.093 27.374 28.163 26.973 -0.000 0.000 0.000 0.000 0.000 0.000 0.000 0.000 0.000 0.000 0.000 
0.000 0.000 0.000 0.000 0.000 0.000 0.000 0.000 23.738 23.316 27.745 26.402 25.391 25.473 27.178 27.044 27.223 27.970 26.493 24.171 -0.000 0.000 0.000 0.000 0.000 0.000 0.000 0.000 0.000 0.000 0.000 0.000 
0.000 0.000 0.000 0.000 0.000 0.000 0.000 0.000 0.000 0.000 25.993 23.210 26.754 23.605 24.958 24.603 24.266 24.433 0.000 0.000 0.000 0.000 0.000 0.000 0.000 0.000 0.000 0.000 0.000 0.000 0.000 0.000 
0.000 0.000 0.000 0.000 0.000 0.000 0.000 0.000 0.000 0.000 0.000 -0.000 0.000 18.390 21.630 -0.000 -0.000 0.000 -0.000 0.000 0.000 -0.000 0.000 0.000 0.000 0.000 0.000 0.000 0.000 0.000 0.000 0.000 
0.000 0.000 0.000 0.000 0.000 0.000 0.000 0.000 0.000 0.000 0.000 0.000 0.000 0.000 -0.000 0.000 -0.000 -0.000 0.000 -0.000 0.000 0.000 0.000 0.000 0.000 0.000 0.000 0.000 0.000 0.000 0.000 0.000 
0.000 0.000 0.000 0.000 0.000 0.000 0.000 0.000 0.000 0.000 0.000 0.000 0.000 0.000 0.000 0.000 0.000 -0.000 0.000 0.000 0.000 0.000 0.000 0.000 0.000 0.000 0.000 0.000 0.000 0.000 0.000 0.000 
0.000 0.000 0.000 0.000 0.000 0.000 0.000 0.000 0.000 0.000 0.000 0.000 0.000 0.000 0.000 -0.000 0.000 0.000 0.000 0.000 0.000 0.000 0.000 0.000 0.000 0.000 0.000 0.000 0.000 0.000 0.000 0.000 
0.000 0.000 0.000 0.000 0.000 0.000 0.000 0.000 0.000 0.000 0.000 0.000 0.000 0.000 0.000 0.000 -0.000 0.000 0.000 0.000 0.000 0.000 0.000 0.000 0.000 0.000 0.000 0.000 0.000 0.000 0.000 0.000 
0.000 0.000 0.000 0.000 0.000 0.000 0.000 0.000 0.000 0.000 0.000 0.000 0.000 0.000 0.000 0.000 0.000 0.000 0.000 0.000 0.000 0.000 0.000 0.000 0.000 0.000 0.000 0.000 0.000 0.000 0.000 0.000 
