# Vol_scan Display Grid (processed)
# Grid size: 29 x 25
# Format: reflectivity
# Ref point: (-75000.000000, 14000.000000)
# Grid res: 1000.000000 meters
0.000 0.000 0.000 0.000 0.000 0.000 0.000 0.000 0.000 0.000 0.000 0.000 0.000 0.000 0.000 0.000 0.000 0.000 0.000 0.000 0.000 0.000 0.000 0.000 0.000 
0.000 0.000 0.000 0.000 0.000 0.000 0.000 0.000 0.000 -0.000 0.000 0.000 0.000 0.000 0.000 0.000 0.000 0.000 0.000 0.000 0.000 0.000 0.000 0.000 0.000 
0.000 0.000 0.000 0.000 0.000 0.000 0.000 0.000 0.000 -0.000 0.000 0.000 0.000 0.000 0.000 0.000 0.000 0.000 0.000 0.000 0.000 0.000 0.000 0.000 0.000 
0.000 0.000 0.000 0.000 0.000 -0.000 -0.000 0.000 -0.000 -0.000 0.000 0.000 0.000 -0.000 0.000 0.000 0.000 0.000 0.000 0.000 0.000 0.000 0.000 0.000 0.000 
0.000 0.000 0.000 0.000 0.000 0.000 0.000 0.000 0.000 0.000 0.000 0.000 0.000 0.000 0.000 0.000 0.000 0.000 0.000 0.000 0.000 0.000 0.000 0.000 0.000 
0.000 0.000 0.000 0.000 -0.000 0.000 0.000 0.000 0.000 0.000 0.000 0.000 0.000 -0.000 -0.000 0.000 0.000 0.000 0.000 0.000 0.000 0.000 0.000 0.000 0.000 
0.000 0.000 0.000 0.000 0.000 0.000 0.000 0.004 5.508 3.971 7.691 25.015 24.651 11.054 8.437 -0.000 0.000 0.000 0.000 0.000 0.000 0.000 0.000 0.000 0.000 
0.000 0.000 0.000 0.005 0.000 0.004 21.865 23.871 27.132 27.891 28.724 29.992 28.145 25.899 25.167 22.599 19.850 0.000 0.000 0.000 0.000 0.000 0.000 0.000 0.000 
0.000 0.000 5.840 0.001 5.772 25.020 27.778 26.973 29.410 27.799 28.146 28.111 27.694 27.188 28.169 28.559 26.456 22.342 0.000 0.000 0.000 0.000 0.000 0.000 0.000 
0.000 7.520 0.009 8.467 26.153 26.007 28.907 29.395 27.898 29.538 28.842 26.896 30.025 29.823 28.510 27.100 27.595 28.944 22.603 -0.000 0.000 0.000 0.000 0.000 0.000 
0.000 6.090 0.125 25.345 27.970 29.160 26.853 27.212 26.949 27.716 26.532 26.177 28.089 27.283 27.068 27.147 28.658 29.463 27.921 15.371 0.000 0.000 0.000 0.000 0.000 
8.300 5.253 14.434 27.441 27.526 29.504 28.978 27.901 29.130 29.412 29.523 27.301 28.575 27.862 28.830 27.895 28.675 28.270 29.955 25.906 0.000 0.000 0.000 0.000 0.000 
4.870 8.132 27.275 28.293 27.020 30.259 26.157 29.332 28.376 29.357 27.112 28.760 28.297 28.686 28.035 27.812 28.911 27.174 27.359 30.685 0.000 -0.000 -0.000 0.000 0.000 
5.190 22.304 26.499 27.993 27.809 29.377 28.977 27.614 27.167 28.524 26.882 27.798 27.229 27.242 28.099 28.709 26.420 27.689 27.927 27.934 27.589 -0.000 -0.000 0.000 0.000 
0.118 21.282 27.064 27.713 28.708 26.353 27.829 28.341 27.284 26.777 27.029 27.939 28.281 27.911 26.803 28.202 27.575 27.846 27.702 28.352 27.931 0.000 -0.000 0.000 0.000 
0.208 18.374 26.491 28.797 29.670 27.833 26.907 28.550 29.091 28.538 28.169 27.465 27.316 29.445 28.023 27.936 27.650 27.499 29.021 30.219 28.598 -0.000 0.000 0.000 0.000 
0.009 26.786 27.511 26.209 29.283 28.143 29.295 26.936 27.528 30.528 27.257 28.070 28.199 29.053 29.466 28.374 28.611 27.805 27.487 28.884 28.524 0.000 0.000 0.000 0.000 
0.004 24.125 27.521 27.073 28.733 28.097 29.168 30.139 25.028 26.436 26.782 26.130 25.667 27.939 26.542 28.907 27.844 26.774 28.617 28.726 28.740 0.000 0.000 0.000 0.000 
0.001 29.178 27.038 29.143 28.281 28.385 29.048 27.656 25.779 25.516 24.734 27.161 26.408 25.924 27.918 26.870 28.653 30.034 28.747 27.474 27.258 0.000 0.000 0.000 0.000 
0.000 0.278 26.762 28.699 28.010 27.210 26.455 25.120 24.584 25.604 27.510 26.840 27.273 27.759 26.731 27.444 27.577 27.799 26.963 27.753 26.509 0.000 0.000 0.000 0.000 
0.000 0.391 28.044 28.664 29.656 29.550 29.758 27.747 24.977 26.736 25.085 26.384 26.884 26.635 25.895 26.930 27.324 27.757 26.432 27.317 23.195 0.000 0.000 0.000 0.000 
0.000 0.000 22.534 29.572 26.875 28.143 27.287 26.023 27.991 26.947 27.613 27.514 26.405 26.154 25.932 27.614 27.874 27.281 27.120 28.660 0.000 0.000 0.000 0.000 0.000 
0.000 0.000 0.699 28.484 29.170 25.750 27.454 26.208 26.349 26.801 27.358 26.714 26.857 26.172 28.270 25.662 27.758 27.627 27.372 24.659 0.000 0.000 0.000 0.000 0.000 
-0.000 0.000 0.000 0.860 29.112 28.302 26.895 26.641 25.935 26.288 27.233 25.066 25.863 28.689 26.511 26.900 27.767 26.294 25.269 0.000 0.000 0.000 0.000 0.000 0.000 
-0.000 -0.000 0.000 0.000 0.002 25.161 27.325 28.785 26.419 25.488 25.913 27.206 27.629 26.732 25.739 26.965 28.423 24.697 -0.000 0.000 0.000 0.000 0.000 0.000 0.000 
-0.000 -0.000 0.000 0.000 0.000 16.692 21.939 26.981 25.940 26.435 26.911 26.077 28.274 25.210 26.630 26.203 23.541 0.000 -0.000 0.000 0.000 0.000 0.000 0.000 0.000 
-0.000 -0.000 0.000 -0.000 0.000 0.000 0.000 21.351 22.796 26.102 25.292 26.165 24.305 23.974 23.094 0.000 0.000 0.000 -0.000 0.000 0.000 0.000 0.000 0.000 0.000 
0.000 0.000 0.000 0.000 0.000 0.000 0.000 0.000 0.000 0.000 0.000 0.000 0.000 0.000 0.000 0.000 0.000 0.000 0.000 0.000 0.000 0.000 0.000 0.000 0.000 
0.000 0.000 0.000 0.000 0.000 0.000 0.000 0.000 0.000 0.000 0.000 0.000 0.000 0.000 0.000 0.000 0.000 0.000 0.000 0.000 0.000 0.000 0.000 0.000 0.000 
