# Vol_scan Display Grid (processed)
# Grid size: 30 x 28
# Format: reflectivity
# Ref point: (-81000.000000, 12000.000000)
# Grid res: 1000.000000 meters
0.000 0.000 0.000 0.000 0.000 0.000 0.000 0.000 0.000 0.000 0.000 0.000 0.000 0.000 0.000 0.000 0.000 0.000 0.000 0.000 0.000 0.000 0.000 0.000 0.000 0.000 0.000 0.000 
0.000 0.000 0.000 0.000 0.000 0.000 0.000 0.000 0.000 0.000 -0.000 0.000 0.000 0.000 0.000 0.000 0.000 0.000 0.000 0.000 0.000 0.000 0.000 0.000 0.000 0.000 0.000 0.000 
0.000 0.000 0.000 0.000 0.000 0.000 0.000 0.000 0.000 -0.000 0.000 0.000 0.000 0.000 -0.000 0.000 0.000 0.000 0.000 0.000 0.000 0.000 0.000 0.000 0.000 0.000 0.000 0.000 
0.000 0.000 0.000 0.000 0.000 0.000 0.000 0.000 -0.000 0.000 -0.000 0.000 0.000 0.000 -0.000 0.000 0.000 0.000 0.000 0.000 0.000 0.000 0.000 0.000 0.000 0.000 0.000 0.000 
0.000 0.000 0.000 0.000 0.000 0.000 0.000 -0.000 -0.000 0.000 -0.000 0.000 -0.000 -0.000 0.000 -0.000 -0.000 0.000 0.000 0.000 0.000 0.000 0.000 0.000 0.000 0.000 0.000 0.000 
0.000 0.000 0.000 0.000 0.000 0.000 0.000 0.000 0.001 0.000 0.000 0.001 0.000 0.000 0.000 0.000 0.000 0.000 0.000 0.000 0.000 0.000 0.000 0.000 0.000 0.000 0.000 0.000 
0.000 0.000 0.000 0.000 0.000 0.000 6.550 0.001 0.002 7.248 13.427 25.794 23.169 14.120 8.019 12.913 2.730 0.057 0.000 0.000 0.000 0.000 0.000 0.000 0.000 0.000 0.000 0.000 
0.000 0.000 0.000 0.000 0.000 5.860 0.005 0.003 9.945 23.875 27.422 27.997 27.651 25.880 28.946 27.516 26.952 23.915 0.058 0.000 0.000 0.000 0.000 0.000 0.000 0.000 0.000 0.000 
0.000 0.000 0.000 0.000 7.880 7.137 17.624 22.801 27.522 27.741 25.863 28.817 27.082 28.495 27.385 28.769 28.338 27.730 29.217 21.765 -0.000 0.000 0.000 0.000 0.000 0.000 0.000 0.000 
0.000 0.000 0.000 5.010 4.434 22.393 22.820 27.400 26.389 29.025 28.128 27.726 26.352 27.385 28.892 27.772 27.472 26.856 26.672 26.719 21.304 -0.000 0.000 0.000 0.000 0.000 0.000 0.000 
0.000 0.000 4.040 5.150 4.958 26.584 28.233 28.656 28.528 26.622 27.646 28.370 29.267 28.240 29.764 28.253 28.044 28.382 28.837 27.246 28.784 0.000 0.000 0.000 0.000 0.000 0.000 0.000 
0.000 0.000 7.730 5.401 23.553 27.987 25.656 28.288 26.783 26.243 28.372 28.052 28.157 29.317 27.131 28.549 29.344 27.389 29.010 29.255 28.932 26.853 0.000 0.000 0.000 0.000 0.000 0.000 
0.000 8.430 6.130 0.121 26.312 27.524 29.728 28.617 27.145 26.973 28.243 28.967 28.859 28.206 27.778 30.520 28.396 28.091 27.206 27.234 27.465 27.962 24.311 0.000 0.000 0.000 0.000 0.000 
0.000 6.280 0.120 7.019 27.758 28.052 28.639 27.518 27.650 29.188 27.797 28.051 27.417 29.130 27.554 28.430 27.381 28.838 27.499 28.598 27.914 27.952 28.315 0.000 0.000 0.000 0.000 0.000 
0.000 7.470 0.026 12.682 26.934 26.438 26.895 28.306 28.312 27.871 29.926 29.554 29.422 28.139 28.385 27.109 28.760 27.479 27.784 28.032 27.036 27.395 26.676 0.000 0.000 0.000 0.000 0.000 
0.000 0.009 0.001 27.354 27.429 26.351 27.953 28.452 29.259 29.401 28.807 27.508 29.394 27.879 28.622 26.937 27.124 27.438 27.306 27.718 28.245 28.006 28.275 0.000 0.000 -0.000 0.000 0.000 
0.000 0.008 0.000 27.909 27.130 27.282 28.255 29.845 27.927 28.364 27.696 29.061 26.678 29.668 26.791 27.574 28.403 27.352 28.085 27.180 28.929 26.815 27.259 0.000 -0.000 -0.000 -0.000 0.000 
0.000 0.000 0.000 28.072 28.744 26.982 29.547 27.002 27.092 27.509 27.051 27.955 27.842 29.181 26.895 28.707 25.459 27.798 28.498 27.254 28.224 26.836 27.412 -0.000 -0.000 -0.000 0.000 0.000 
0.000 0.000 0.000 25.917 27.608 27.296 28.184 28.181 27.863 27.851 29.310 28.156 27.926 24.847 29.064 26.698 26.194 27.247 28.548 27.391 28.110 28.729 28.704 -0.000 -0.000 0.000 0.000 0.000 
0.000 -0.000 0.000 0.096 27.107 26.914 27.742 28.109 28.019 28.780 28.940 27.443 29.272 28.612 27.799 27.303 26.636 27.735 26.046 28.429 28.337 27.220 27.093 -0.000 0.000 0.000 0.000 0.000 
-0.000 0.000 0.000 0.234 28.601 28.074 28.887 28.020 26.037 26.585 26.541 27.918 26.064 29.464 29.010 27.653 28.750 28.543 27.176 27.144 28.506 27.738 25.434 0.000 0.000 0.000 0.000 0.000 
0.000 0.000 -0.000 0.000 25.569 29.847 29.588 29.402 28.964 27.598 28.644 26.652 27.825 27.349 29.353 27.052 26.676 28.575 28.202 28.226 28.385 28.431 0.000 0.000 0.000 0.000 0.000 0.000 
0.000 0.000 0.000 0.000 0.001 28.200 28.791 28.755 29.024 28.010 28.415 27.470 27.466 28.734 29.397 28.076 28.222 26.003 28.011 27.235 29.480 25.639 0.000 0.000 0.000 0.000 0.000 0.000 
0.000 0.000 -0.000 0.000 0.000 0.001 26.345 27.288 28.184 26.832 27.979 27.386 28.761 26.948 25.976 28.688 28.190 28.508 26.738 29.601 22.835 0.000 0.000 0.000 0.000 0.000 0.000 0.000 
0.000 0.000 -0.000 -0.000 0.000 0.000 19.170 24.794 28.444 27.638 27.168 28.960 28.248 26.123 27.219 28.155 29.296 26.890 26.882 23.403 0.000 0.000 0.000 0.000 0.000 0.000 0.000 0.000 
0.000 0.000 0.000 0.000 0.000 0.000 0.000 0.000 22.654 26.330 26.709 26.373 28.766 27.406 28.298 28.175 24.956 23.118 17.869 0.000 -0.000 0.000 0.000 0.000 0.000 0.000 0.000 0.000 
0.000 0.000 0.000 0.000 0.000 0.000 0.000 -0.000 0.000 0.000 22.522 24.109 24.934 24.594 24.009 23.613 17.026 0.000 -0.000 -0.000 0.000 0.000 0.000 0.000 0.000 0.000 0.000 0.000 
0.000 0.000 0.000 0.000 0.000 0.000 0.000 0.000 0.000 0.000 0.000 0.000 0.000 0.000 -0.000 0.000 0.000 0.000 0.000 0.000 0.000 0.000 0.000 0.000 0.000 0.000 0.000 0.000 
0.000 0.000 0.000 0.000 0.000 0.000 0.000 0.000 0.000 0.000 0.000 0.000 0.000 0.000 0.000 0.000 0.000 0.000 0.000 0.000 0.000 0.000 0.000 0.000 0.000 0.000 0.000 0.000 
0.000 0.000 0.000 0.000 0.000 0.000 0.000 0.000 0.000 0.000 0.000 0.000 0.000 0.000 0.000 0.000 0.000 0.000 0.000 0.000 0.000 0.000 0.000 0.000 0.000 0.000 0.000 0.000 
