# Vol_scan Display Grid (processed)
# Grid size: 30 x 30
# Format: reflectivity
# Ref point: (-87000.000000, 10000.000000)
# Grid res: 1000.000000 meters
0.000 0.000 0.000 0.000 0.000 0.000 0.000 0.000 0.000 0.000 0.000 0.000 0.000 0.000 0.000 0.000 0.000 0.000 0.000 0.000 0.000 0.000 0.000 0.000 0.000 0.000 0.000 0.000 0.000 0.000 
0.000 0.000 0.000 0.000 0.000 0.000 0.000 0.000 0.000 0.000 0.000 0.000 0.000 0.000 0.000 0.000 0.000 -0.000 -0.000 0.000 0.000 0.000 0.000 0.000 0.000 0.000 0.000 0.000 0.000 0.000 
0.000 0.000 0.000 0.000 0.000 0.000 0.000 0.000 0.000 0.000 0.000 0.000 0.000 0.000 -0.000 0.000 0.000 -0.000 0.000 0.000 0.000 0.000 0.000 0.000 0.000 0.000 0.000 0.000 0.000 0.000 
0.000 0.000 0.000 0.000 0.000 0.000 0.000 0.000 0.000 0.000 0.000 0.000 -0.000 0.000 0.000 0.000 0.000 0.000 0.000 0.000 -0.000 0.000 0.000 0.000 0.000 0.000 0.000 0.000 0.000 0.000 
0.000 0.000 0.000 0.000 0.000 0.000 0.000 0.000 0.000 0.000 0.000 0.000 0.000 0.000 0.000 -0.000 0.000 -0.000 0.000 0.000 0.000 0.000 0.000 0.000 0.000 0.000 0.000 0.000 0.000 0.000 
0.000 0.000 0.000 0.000 0.000 0.000 0.000 0.000 0.000 3.990 0.002 0.000 0.001 0.001 0.001 0.000 0.000 0.000 -0.000 -0.000 -0.000 0.000 0.000 0.000 0.000 0.000 0.000 0.000 0.000 0.000 
0.000 0.000 0.000 0.000 0.000 0.000 0.000 0.000 5.030 0.006 0.027 1.327 6.728 24.484 8.718 16.938 6.848 11.729 10.685 0.002 -0.000 -0.000 0.000 0.000 0.000 0.000 0.000 0.000 0.000 0.000 
0.000 0.000 0.000 0.000 0.000 0.000 0.000 6.750 4.493 0.101 10.810 23.244 28.174 28.642 27.600 28.792 27.331 27.376 28.321 9.932 0.005 -0.000 0.000 0.000 0.000 0.000 0.000 0.000 0.000 0.000 
0.000 0.000 0.000 0.000 0.000 0.000 5.750 7.910 12.935 26.476 26.207 28.605 27.530 28.068 26.026 27.855 27.007 27.242 26.872 28.151 26.355 22.244 0.000 0.000 0.000 0.000 0.000 0.000 0.000 0.000 
0.000 0.000 0.000 0.000 0.000 2.520 8.010 21.146 28.124 27.328 29.641 28.826 26.198 27.955 26.685 26.599 26.733 29.209 28.190 27.833 28.131 28.873 9.415 0.000 0.000 0.000 0.000 0.000 0.000 0.000 
0.000 0.000 0.000 0.000 0.000 6.780 0.064 26.991 28.574 26.507 28.121 26.487 25.934 24.988 28.616 27.290 26.730 28.673 27.496 28.843 29.109 28.349 28.002 23.149 0.000 0.000 0.000 0.000 0.000 0.000 
0.000 0.000 0.000 0.000 6.430 5.287 15.128 28.178 28.276 26.510 29.607 27.885 28.408 26.992 28.604 27.271 26.476 27.419 28.042 28.121 28.043 27.869 26.158 27.920 0.000 0.000 0.000 0.000 0.000 0.000 
0.000 0.000 0.000 3.870 0.005 0.008 27.696 28.320 27.173 27.300 27.885 27.111 27.932 26.756 28.019 29.008 26.952 29.638 27.923 29.104 29.358 29.664 27.419 28.567 0.000 0.000 0.000 0.000 0.000 0.000 
0.000 0.000 0.000 0.055 0.008 1.684 27.999 27.749 27.300 27.006 28.545 28.353 27.073 27.562 27.571 27.496 28.066 28.266 27.543 28.187 26.919 29.085 29.525 27.995 27.525 0.000 -0.000 0.000 0.000 0.000 
0.000 0.000 0.000 0.003 0.000 23.514 26.764 27.957 27.784 27.958 25.849 27.813 27.232 27.978 26.755 26.154 28.443 28.105 29.519 26.172 27.711 28.046 26.080 27.430 30.401 -0.000 0.000 0.000 0.000 0.000 
0.000 0.000 0.000 0.000 0.001 26.377 27.153 28.360 28.178 26.776 26.211 28.038 28.272 26.398 27.274 28.358 27.750 28.294 27.396 27.663 28.209 28.153 26.463 27.875 25.895 -0.000 0.000 0.000 0.000 0.000 
0.000 0.000 0.000 0.000 0.001 27.450 28.036 26.886 29.373 27.911 26.980 27.053 28.205 27.833 28.624 28.817 28.375 27.478 26.653 27.083 27.781 27.536 29.268 26.371 28.486 0.000 0.000 0.000 0.000 0.000 
0.000 0.000 0.000 0.000 0.001 28.878 28.484 28.016 27.000 27.086 30.511 27.112 28.953 28.800 27.762 27.482 29.500 27.442 29.665 26.241 27.152 28.158 27.607 28.040 28.518 0.000 0.000 0.000 0.000 0.000 
0.000 0.000 0.000 0.000 0.000 26.311 28.392 27.137 28.404 28.215 27.318 29.233 28.212 28.762 27.420 29.569 28.096 28.258 26.872 27.601 29.117 28.145 26.869 30.661 27.364 -0.000 -0.000 0.000 0.000 0.000 
0.000 0.000 0.000 0.000 0.000 24.588 28.141 28.853 28.459 26.685 26.694 28.134 27.362 29.409 27.697 28.921 27.476 28.962 26.796 26.545 27.831 27.044 27.473 27.550 27.571 -0.000 -0.000 0.000 0.000 0.000 
0.000 -0.000 0.000 0.000 0.000 0.000 28.774 27.154 26.062 27.665 29.457 27.559 28.487 27.813 28.789 30.455 29.749 26.531 26.401 27.476 27.179 28.539 28.776 29.706 27.222 0.000 0.000 0.000 0.000 0.000 
0.000 -0.000 0.000 -0.000 0.000 0.000 27.849 28.035 28.818 27.649 30.671 27.833 28.331 28.506 28.462 28.463 28.978 29.515 27.762 29.733 29.218 28.388 28.713 26.925 0.000 0.000 0.000 0.000 0.000 0.000 
0.000 0.000 -0.000 0.000 0.000 0.000 0.000 29.309 28.698 28.042 29.680 29.376 29.002 28.084 27.249 29.507 28.636 27.206 27.621 28.364 26.864 27.261 28.468 27.222 0.000 0.000 0.000 0.000 0.000 0.000 
0.000 0.000 0.000 0.000 0.000 0.000 -0.000 0.000 28.585 28.868 28.703 28.486 30.116 27.489 27.115 27.834 27.631 26.841 27.190 27.656 27.106 26.841 24.898 0.000 0.000 0.000 0.000 0.000 0.000 0.000 
0.000 0.000 0.000 0.000 0.000 -0.000 0.000 -0.000 22.831 24.256 27.697 27.847 27.310 27.725 26.782 29.847 26.501 28.828 28.744 28.670 27.663 24.902 0.000 0.000 0.000 0.000 0.000 0.000 0.000 0.000 
0.000 0.000 0.000 0.000 0.000 0.000 0.000 0.000 0.000 20.121 22.530 26.790 28.844 27.600 28.707 26.903 27.761 29.257 29.168 23.099 18.102 0.000 0.000 0.000 0.000 0.000 0.000 0.000 0.000 0.000 
0.000 0.000 0.000 0.000 0.000 0.000 0.000 0.000 0.000 0.000 -0.000 0.000 22.351 25.285 22.244 22.728 23.204 22.095 17.505 0.000 -0.000 0.000 0.000 0.000 0.000 0.000 0.000 0.000 0.000 0.000 
0.000 0.000 0.000 0.000 0.000 0.000 0.000 0.000 0.000 0.000 0.000 0.000 0.000 0.000 0.000 0.000 0.000 0.000 0.000 0.000 0.000 0.000 0.000 0.000 0.000 0.000 0.000 0.000 0.000 0.000 
0.000 0.000 0.000 0.000 0.000 0.000 0.000 0.000 0.000 0.000 0.000 0.000 0.000 0.000 0.000 0.000 0.000 0.000 0.000 -0.000 0.000 0.000 0.000 0.000 0.000 0.000 0.000 0.000 0.000 0.000 
0.000 0.000 0.000 0.000 0.000 0.000 0.000 0.000 0.000 0.000 0.000 0.000 0.000 0.000 0.000 0.000 0.000 0.000 0.000 0.000 0.000 0.000 0.000 0.000 0.000 0.000 0.000 0.000 0.000 0.000 
