# Vol_scan Display Grid (processed)
# Grid size: 28 x 28
# Format: reflectivity
# Ref point: (-48000.000000, 12000.000000)
# Grid res: 1000.000000 meters
0.000 0.000 0.000 0.000 0.000 0.000 0.000 0.000 0.000 0.000 0.000 -0.000 -0.000 0.000 -0.000 0.000 0.000 0.000 0.000 0.000 0.000 0.000 0.000 0.000 0.000 0.000 0.000 0.000 
0.000 0.000 0.000 -0.000 0.000 0.000 -0.000 0.000 0.000 0.000 25.380 25.584 24.020 26.634 24.141 20.529 25.030 0.000 0.000 0.000 -0.000 0.000 0.000 0.000 0.000 0.000 0.000 0.000 
0.000 0.000 0.000 -0.000 0.000 0.000 0.000 0.086 22.588 27.536 28.451 28.866 27.555 28.615 26.435 28.575 28.062 25.243 23.423 -0.000 -0.000 0.000 0.000 0.000 0.000 0.000 0.000 0.000 
0.000 -0.000 -0.000 0.000 0.000 0.000 0.025 26.150 27.926 28.374 27.614 27.641 26.562 28.974 28.088 26.797 26.894 27.589 27.106 22.999 0.000 0.000 0.000 0.000 0.000 0.000 0.000 0.000 
0.000 -0.000 0.000 -0.000 0.000 2.269 24.203 29.036 26.823 27.339 28.188 27.149 26.193 27.366 29.647 26.964 26.099 27.924 27.510 28.338 25.923 -0.000 0.000 0.000 0.000 0.000 0.000 0.000 
0.000 -0.000 0.000 0.000 0.002 23.386 30.030 27.846 28.025 28.055 29.677 27.853 28.046 28.720 27.496 29.696 27.809 27.898 29.506 28.224 27.747 24.766 0.000 0.000 0.000 0.000 0.000 0.000 
0.000 0.000 0.000 0.000 17.949 29.823 29.819 26.964 28.776 27.503 27.792 27.755 27.849 25.715 28.148 26.630 28.011 26.786 27.127 26.643 26.985 27.048 0.000 0.000 0.000 0.000 0.000 0.000 
0.000 0.000 0.000 0.005 24.303 29.451 29.174 28.806 27.498 28.226 27.628 26.971 28.306 27.961 28.072 28.276 29.540 30.374 28.136 29.389 28.040 29.420 28.223 0.000 0.000 0.000 0.000 0.000 
0.000 0.000 0.000 0.002 27.890 28.732 28.201 27.259 27.119 28.440 27.409 27.635 27.310 28.193 27.053 29.463 28.266 28.659 28.181 29.325 27.599 26.012 27.884 -0.000 0.000 0.000 0.000 0.000 
0.000 0.000 0.000 8.140 28.385 28.452 28.407 28.149 27.091 29.220 26.564 29.172 27.550 28.370 28.156 26.754 29.029 27.115 29.594 29.149 26.982 27.435 28.517 0.000 0.000 0.000 0.000 0.000 
0.000 0.040 0.000 1.262 27.375 27.672 27.797 29.808 28.273 26.457 25.971 28.450 28.746 27.667 28.819 27.776 25.955 26.881 28.356 27.591 27.770 27.706 28.429 27.145 -0.000 0.000 0.000 0.000 
0.000 0.043 0.004 14.312 28.661 27.693 28.782 28.583 27.565 27.992 27.637 28.161 28.946 30.451 32.028 31.149 27.868 28.476 27.124 27.615 27.815 29.251 28.293 27.393 0.000 -0.000 0.000 0.000 
0.000 7.230 0.073 8.747 27.961 27.205 28.228 28.582 27.591 28.023 31.428 32.272 32.391 33.607 32.382 34.073 30.883 27.546 26.662 28.823 25.629 27.123 27.983 0.000 0.000 0.000 0.000 0.000 
0.000 6.110 4.754 12.395 28.168 29.578 27.884 27.788 28.187 30.797 32.052 31.996 34.003 32.512 31.854 32.255 35.185 32.211 29.222 27.056 27.880 27.157 28.110 23.677 0.000 0.000 0.000 0.000 
0.000 0.000 0.051 15.725 27.748 28.057 27.833 30.251 28.072 34.257 33.960 35.196 33.132 35.176 32.337 32.485 34.368 34.449 27.162 28.017 28.337 29.660 28.579 0.000 0.000 0.000 0.000 0.000 
0.000 0.000 5.490 5.886 28.802 27.772 27.284 26.644 29.144 32.980 31.241 35.065 33.822 34.227 31.085 33.222 32.645 35.314 30.886 26.393 27.417 29.089 28.182 0.000 0.000 0.000 0.000 0.000 
0.000 0.000 7.250 6.347 16.198 26.923 26.011 28.200 28.861 34.844 32.961 33.356 33.818 33.910 33.486 31.735 32.525 36.582 35.805 27.530 26.893 28.575 0.000 0.000 0.000 0.000 0.000 0.000 
0.000 0.000 0.000 5.980 7.410 27.665 29.352 27.323 28.284 33.485 36.209 33.942 34.583 34.139 33.754 33.704 34.175 32.096 31.418 28.158 27.666 22.946 0.000 0.000 0.000 0.000 0.000 0.000 
0.000 0.000 0.000 7.910 11.330 0.074 24.831 30.182 27.673 33.558 35.030 34.215 34.739 34.586 31.104 34.764 33.737 34.398 31.021 27.562 25.966 0.000 0.000 0.000 0.000 0.000 0.000 0.000 
0.000 0.000 0.000 0.000 6.040 0.027 0.003 25.160 26.328 31.092 31.675 34.512 34.408 34.276 32.192 30.993 32.448 33.285 29.179 26.506 0.000 0.000 0.000 0.000 0.000 0.000 0.000 0.000 
0.000 0.000 0.000 0.000 0.000 7.440 0.034 0.001 0.063 21.552 29.582 32.015 33.889 34.492 33.653 34.504 31.375 24.545 22.857 0.000 0.000 0.000 0.000 0.000 0.000 0.000 0.000 0.000 
0.000 0.000 0.000 0.000 0.000 0.000 0.000 0.002 0.000 0.001 0.000 19.774 32.972 33.040 30.663 31.555 0.000 0.000 0.000 0.000 0.000 0.000 0.000 0.000 0.000 0.000 0.000 0.000 
0.000 0.000 0.000 0.000 0.000 0.000 0.000 0.000 0.000 0.000 0.000 0.000 0.000 0.000 0.000 0.000 -0.000 0.000 0.000 0.000 0.000 0.000 0.000 0.000 0.000 0.000 0.000 0.000 
0.000 0.000 0.000 0.000 0.000 0.000 0.000 0.000 0.000 0.000 0.000 -0.000 0.000 0.000 -0.000 -0.000 -0.000 0.000 0.000 0.000 0.000 0.000 0.000 0.000 0.000 0.000 0.000 0.000 
0.000 0.000 0.000 0.000 0.000 0.000 0.000 0.000 0.000 0.000 0.000 -0.000 -0.000 -0.000 0.000 0.000 0.000 0.000 0.000 0.000 0.000 0.000 0.000 0.000 0.000 0.000 0.000 0.000 
0.000 0.000 0.000 0.000 0.000 0.000 0.000 0.000 -0.000 0.000 0.000 0.000 -0.000 -0.000 -0.000 0.000 0.000 0.000 0.000 0.000 0.000 0.000 0.000 0.000 0.000 0.000 0.000 0.000 
0.000 0.000 0.000 0.000 0.000 0.000 0.000 0.000 0.000 0.000 0.000 0.000 0.000 0.000 0.000 0.000 0.000 0.000 0.000 0.000 0.000 0.000 0.000 0.000 0.000 0.000 0.000 0.000 
0.000 0.000 0.000 0.000 0.000 0.000 0.000 0.000 0.000 0.000 0.000 0.000 0.000 0.000 0.000 0.000 0.000 0.000 0.000 0.000 0.000 0.000 0.000 0.000 0.000 0.000 0.000 0.000 
