# Vol_scan Display Grid (processed)
# Grid size: 31 x 31
# Format: reflectivity
# Ref point: (-30000.000000, 9000.000000)
# Grid res: 1000.000000 meters
0.000 0.000 0.000 0.000 0.000 0.000 0.000 0.000 0.000 0.000 0.000 0.000 0.000 0.000 0.000 0.000 0.000 0.000 0.000 0.000 0.000 0.000 0.000 0.000 0.000 0.000 0.000 0.000 0.000 0.000 0.000 
0.000 0.000 0.000 0.000 0.000 0.000 0.000 0.000 0.000 0.000 0.000 0.000 0.000 0.000 0.000 0.000 0.000 0.000 0.000 0.000 0.000 0.000 0.000 0.000 0.000 0.000 0.000 0.000 0.000 0.000 0.000 
0.000 0.000 0.000 0.000 0.000 0.000 0.000 0.000 0.000 0.000 0.000 0.000 0.000 -0.000 -0.000 0.000 0.000 0.000 0.000 0.000 0.000 0.000 0.000 0.000 0.000 0.000 0.000 0.000 0.000 0.000 0.000 
0.000 0.000 0.000 0.000 0.000 0.000 0.000 0.000 0.000 0.000 0.000 0.000 0.000 0.000 -0.000 0.000 -0.000 0.000 0.000 0.000 0.000 0.000 0.000 0.000 0.000 0.000 0.000 0.000 0.000 0.000 0.000 
0.000 0.000 0.000 0.000 0.000 0.000 0.000 0.000 0.000 0.000 0.000 0.000 -0.000 -0.000 0.000 0.000 0.000 -0.000 0.000 0.000 0.000 0.000 0.000 0.000 0.000 0.000 0.000 0.000 0.000 0.000 0.000 
0.000 0.000 0.000 0.000 0.000 0.000 0.000 0.000 0.000 0.000 -0.000 0.000 0.000 22.691 24.654 22.633 23.112 28.719 27.176 23.121 23.467 0.000 0.000 0.000 0.000 0.000 0.000 0.000 0.000 0.000 0.000 
0.000 0.000 0.000 0.000 0.000 0.000 0.000 0.000 -0.000 0.000 0.000 18.483 23.789 27.661 26.395 27.265 28.346 28.165 26.522 29.025 28.162 28.194 25.870 0.000 0.000 0.000 0.000 0.000 0.000 0.000 0.000 
0.000 0.000 0.000 0.000 0.000 0.000 0.000 0.000 0.000 20.367 27.654 27.690 26.963 27.680 27.827 27.148 29.302 27.420 27.807 29.020 28.417 28.843 29.256 28.507 0.000 0.000 0.000 0.000 0.000 0.000 0.000 
0.000 0.000 0.000 0.000 0.000 0.000 0.000 0.000 0.631 26.902 28.706 27.589 28.732 27.334 28.209 27.548 28.247 27.645 28.745 28.736 25.868 29.534 28.018 26.834 22.351 0.000 0.000 0.000 0.000 0.000 0.000 
0.000 0.000 0.000 0.000 0.000 0.000 0.000 -0.000 27.067 28.497 29.349 29.673 27.511 26.585 26.939 28.356 29.152 28.302 25.894 27.427 27.350 30.530 28.641 27.514 27.587 0.000 0.000 0.000 0.000 0.000 0.000 
0.000 0.000 0.000 0.000 0.000 0.000 -0.000 9.227 29.410 27.684 29.386 28.721 28.427 28.863 27.845 27.484 28.235 27.033 28.753 27.296 27.799 27.872 28.147 28.189 28.062 27.856 0.000 0.000 0.000 -0.000 0.000 
0.000 0.000 -0.000 -0.000 -0.000 0.000 0.000 28.014 26.835 28.253 27.441 27.732 29.728 28.735 26.725 24.926 28.728 27.764 27.699 26.611 27.530 27.090 29.352 27.727 27.326 27.535 -0.000 0.000 0.000 0.000 0.000 
0.000 -0.000 0.000 0.000 -0.000 -0.000 0.000 26.465 27.318 27.203 28.518 27.978 28.234 26.816 27.389 28.595 29.055 26.462 28.741 28.731 28.565 26.426 28.097 27.388 27.007 26.634 27.407 -0.000 0.000 -0.000 0.000 
0.000 0.000 0.000 0.000 0.000 0.000 0.045 27.158 27.137 28.168 28.834 27.259 28.185 28.237 26.593 27.110 29.741 27.041 28.808 26.780 27.307 29.249 27.173 26.335 29.584 27.256 28.197 -0.000 -0.000 0.000 0.000 
0.000 0.000 0.000 0.000 0.000 0.000 6.500 25.547 27.437 28.257 27.452 28.637 26.686 29.986 28.887 27.911 29.806 27.519 29.208 27.470 27.316 28.063 26.360 27.143 26.500 28.189 26.917 -0.000 0.000 0.000 0.000 
0.000 -0.000 0.000 0.000 0.000 0.000 0.001 28.730 27.411 27.765 28.985 28.036 29.566 29.677 27.198 26.870 28.665 29.219 27.073 26.748 27.268 27.168 27.860 27.210 26.824 27.822 28.617 -0.000 -0.000 0.000 0.000 
0.000 0.000 0.000 -0.000 0.000 0.000 0.002 28.633 27.326 26.128 27.770 26.751 28.609 27.315 28.238 27.591 28.719 27.203 28.200 27.871 28.767 28.138 26.759 28.517 27.547 27.782 27.063 0.000 0.000 0.000 0.000 
0.000 0.000 0.000 0.000 -0.000 0.000 0.001 27.111 28.901 27.819 27.984 28.412 28.650 26.490 28.444 26.236 27.148 29.476 27.506 29.697 27.341 27.290 26.920 27.833 26.994 27.549 27.425 0.000 0.000 0.000 0.000 
0.000 0.000 0.000 0.000 0.000 -0.000 0.000 26.147 27.585 27.722 25.468 29.771 27.901 28.171 27.797 28.339 26.424 27.047 27.921 26.783 29.120 27.874 27.214 28.584 27.845 26.971 0.000 -0.000 0.000 0.000 0.000 
0.000 0.000 0.000 0.000 0.000 -0.000 0.000 0.001 27.539 28.365 26.583 27.411 26.041 28.530 26.802 26.960 27.033 27.451 28.375 27.382 28.134 28.317 27.030 28.831 28.105 29.530 0.000 0.000 0.000 0.000 0.000 
0.000 0.000 0.000 0.000 0.000 0.000 0.000 0.001 23.147 26.512 25.523 28.815 28.545 25.743 27.920 28.413 25.935 28.623 28.681 27.152 29.534 27.589 28.736 26.498 27.743 0.000 0.000 0.000 0.000 0.000 0.000 
0.000 0.000 0.000 0.000 0.000 0.000 0.000 0.037 0.001 28.428 28.456 26.189 26.673 27.476 25.772 28.216 27.999 28.220 29.127 28.171 25.145 27.407 30.207 28.024 23.348 0.000 0.000 0.000 0.000 0.000 0.000 
0.000 0.000 0.000 0.000 0.000 0.000 0.000 5.940 8.200 0.050 25.380 29.195 28.367 28.393 27.370 26.740 25.254 27.928 30.348 27.706 27.749 26.705 28.784 25.061 0.000 0.000 0.000 0.000 0.000 0.000 0.000 
0.000 0.000 0.000 0.000 0.000 0.000 0.000 0.000 4.750 5.930 6.453 27.668 26.409 28.311 27.147 26.564 26.151 29.777 27.036 26.656 27.525 22.606 0.000 -0.000 0.000 0.000 0.000 0.000 0.000 0.000 0.000 
0.000 0.000 0.000 0.000 0.000 0.000 0.000 0.000 0.000 0.000 7.110 5.344 24.069 24.610 24.876 26.215 26.029 25.224 24.867 24.495 23.512 0.000 -0.000 0.000 0.000 0.000 0.000 0.000 0.000 0.000 0.000 
0.000 0.000 0.000 0.000 0.000 0.000 0.000 0.000 0.000 0.000 0.000 4.230 5.680 0.024 0.002 19.321 24.495 20.296 15.114 0.001 0.000 0.000 -0.000 0.000 0.000 0.000 0.000 0.000 0.000 0.000 0.000 
0.000 0.000 0.000 0.000 0.000 0.000 0.000 0.000 0.000 0.000 0.000 0.000 0.000 0.000 5.910 0.001 0.000 0.000 0.000 0.000 -0.000 -0.000 0.000 -0.000 0.000 0.000 0.000 0.000 0.000 0.000 0.000 
0.000 0.000 0.000 0.000 0.000 0.000 0.000 0.000 0.000 0.000 0.000 0.000 0.000 0.000 0.000 0.000 -0.000 0.000 -0.000 0.000 0.000 0.000 0.000 -0.000 0.000 0.000 0.000 0.000 0.000 0.000 0.000 
0.000 0.000 0.000 0.000 0.000 0.000 0.000 0.000 0.000 0.000 0.000 0.000 0.000 0.000 0.000 0.000 0.000 -0.000 0.000 0.000 -0.000 0.000 0.000 -0.000 0.000 0.000 0.000 0.000 0.000 0.000 0.000 
0.000 0.000 0.000 0.000 0.000 0.000 0.000 0.000 0.000 0.000 0.000 0.000 0.000 0.000 0.000 0.000 0.000 0.000 0.000 0.000 0.000 0.000 0.000 0.000 0.000 0.000 0.000 0.000 0.000 0.000 0.000 
0.000 0.000 0.000 0.000 0.000 0.000 0.000 0.000 0.000 0.000 0.000 0.000 0.000 0.000 0.000 0.000 0.000 0.000 0.000 0.000 0.000 0.000 0.000 0.000 0.000 0.000 0.000 0.000 0.000 0.000 0.000 
