# Vol_scan Display Grid (processed)
# Grid size: 31 x 31
# Format: reflectivity
# Ref point: (-32000.000000, 9000.000000)
# Grid res: 1000.000000 meters
0.000 0.000 0.000 0.000 0.000 0.000 0.000 0.000 0.000 0.000 0.000 0.000 0.000 0.000 0.000 0.000 0.000 0.000 0.000 0.000 0.000 0.000 0.000 0.000 0.000 0.000 0.000 0.000 0.000 0.000 0.000 
0.000 0.000 0.000 0.000 0.000 0.000 0.000 0.000 0.000 0.000 0.000 0.000 0.000 0.000 0.000 -0.000 0.000 -0.000 0.000 0.000 0.000 0.000 0.000 0.000 0.000 0.000 0.000 0.000 0.000 0.000 0.000 
0.000 0.000 0.000 0.000 0.000 0.000 0.000 0.000 0.000 0.000 0.000 0.000 0.000 0.000 0.000 -0.000 0.000 -0.000 0.000 0.000 0.000 0.000 0.000 0.000 0.000 0.000 0.000 0.000 0.000 0.000 0.000 
0.000 0.000 0.000 0.000 0.000 0.000 0.000 0.000 0.000 0.000 0.000 0.000 0.000 -0.000 0.000 0.000 0.000 0.000 -0.000 0.000 0.000 0.000 0.000 0.000 0.000 0.000 0.000 0.000 0.000 0.000 0.000 
0.000 0.000 0.000 0.000 0.000 0.000 0.000 0.000 0.000 0.000 0.000 0.000 0.000 13.145 23.155 20.849 23.184 22.453 25.802 -0.000 0.000 0.000 0.000 0.000 0.000 0.000 0.000 0.000 0.000 0.000 0.000 
0.000 0.000 0.000 0.000 0.000 0.000 0.000 0.000 0.000 -0.000 0.000 0.000 23.502 27.942 28.046 27.505 27.172 29.183 27.231 28.529 23.981 0.000 0.000 0.000 0.000 0.000 0.000 0.000 0.000 0.000 0.000 
0.000 0.000 0.000 0.000 0.000 0.000 0.000 0.000 0.000 -0.000 4.117 24.990 27.376 27.910 28.066 27.282 28.666 29.399 27.039 30.685 26.428 27.662 28.709 0.000 0.000 0.000 0.000 0.000 0.000 0.000 0.000 
0.000 0.000 0.000 0.000 0.000 0.000 0.000 0.000 0.000 0.001 26.124 29.343 27.200 26.476 27.807 29.681 27.390 27.841 28.132 26.382 27.968 27.509 29.447 23.995 0.000 0.000 0.000 0.000 0.000 0.000 0.000 
0.000 0.000 0.000 0.000 0.000 0.000 0.000 0.000 23.163 27.443 28.878 28.673 27.377 28.598 27.673 27.859 26.549 26.388 28.242 28.989 27.807 28.435 29.228 26.828 22.430 -0.000 0.000 0.000 0.000 0.000 0.000 
0.000 0.000 0.000 0.000 0.000 0.000 0.000 0.001 28.412 27.047 28.960 26.033 26.343 27.625 27.732 28.560 28.225 27.850 26.819 27.169 27.294 29.456 28.502 28.618 28.869 -0.000 -0.000 0.000 0.000 0.000 0.000 
0.000 0.000 0.000 -0.000 0.000 0.000 0.000 24.056 28.407 28.059 28.610 28.777 27.133 26.567 26.346 28.618 27.721 26.583 27.694 28.861 26.841 28.601 28.145 27.817 29.422 27.389 -0.000 -0.000 -0.000 0.000 0.000 
0.000 0.000 -0.000 0.000 -0.000 0.000 0.000 28.116 29.115 27.672 28.729 26.744 28.807 29.957 27.000 28.909 28.412 27.184 27.890 27.735 27.788 28.895 27.220 28.163 27.308 28.795 0.000 -0.000 -0.000 -0.000 0.000 
0.000 0.000 0.000 0.000 0.000 0.000 0.001 27.161 27.729 29.204 28.468 26.745 26.152 27.624 28.270 26.904 27.700 25.047 27.353 27.560 27.005 26.849 25.348 27.891 25.689 27.488 24.084 -0.000 0.000 0.000 0.000 
0.000 -0.000 -0.000 -0.000 -0.000 0.000 0.054 27.495 28.566 27.366 29.041 28.325 26.778 27.947 29.511 26.788 27.374 28.094 27.940 29.520 28.168 27.119 27.231 26.734 28.623 27.301 23.532 0.000 0.000 0.000 0.000 
0.000 0.000 -0.000 0.000 -0.000 0.000 0.045 28.542 26.769 27.548 27.257 26.073 28.959 27.271 28.788 28.310 27.868 28.238 28.864 25.834 28.015 26.346 28.965 26.802 28.123 26.233 27.157 0.000 0.000 0.000 0.000 
0.000 0.000 0.000 0.000 0.000 0.000 4.456 27.057 29.617 27.055 30.182 28.060 27.048 28.302 26.619 27.779 27.675 29.216 26.281 28.266 27.738 29.291 28.165 27.678 28.602 27.284 29.088 -0.000 0.000 0.000 0.000 
0.000 0.000 0.000 0.000 0.000 0.000 2.733 25.979 27.041 26.520 27.074 28.358 27.861 28.429 26.622 28.727 26.998 27.586 27.128 25.574 26.482 26.671 28.091 29.388 27.617 28.871 0.000 -0.000 0.000 0.000 0.000 
0.000 0.000 0.000 0.000 0.000 0.000 0.000 28.512 27.667 29.300 26.084 27.357 26.484 27.833 27.909 28.436 27.475 29.949 27.992 27.915 27.061 28.122 28.184 27.481 27.173 28.012 23.030 0.000 0.000 0.000 0.000 
0.000 0.000 0.000 0.000 0.000 0.000 0.000 22.873 27.584 27.921 27.727 26.301 28.839 26.712 27.075 27.946 28.223 27.728 26.762 29.721 27.860 28.524 26.290 25.982 27.575 25.727 0.000 0.000 0.000 0.000 0.000 
0.000 0.000 0.000 0.000 0.000 0.000 0.020 0.001 28.654 26.648 26.546 27.252 27.045 28.601 25.987 27.531 26.630 28.395 28.254 27.381 28.031 29.068 27.226 27.767 28.340 22.467 0.000 0.000 0.000 0.000 0.000 
0.000 0.000 0.000 0.000 0.000 0.000 0.000 0.020 26.967 27.323 30.828 26.956 27.117 27.938 27.034 28.573 27.155 28.570 26.915 30.272 27.612 29.022 27.908 27.435 27.955 -0.000 0.000 0.000 0.000 0.000 0.000 
0.000 0.000 0.000 0.000 0.000 0.000 0.000 4.030 2.052 29.805 27.865 27.927 25.964 28.374 25.901 26.899 28.117 29.212 28.067 27.834 27.530 28.909 28.043 23.319 0.000 -0.000 0.000 0.000 0.000 0.000 0.000 
0.000 0.000 0.000 0.000 0.000 0.000 0.000 0.000 4.930 6.011 28.033 28.847 28.432 26.731 28.217 27.442 26.448 29.271 28.261 28.633 27.467 29.175 27.130 21.860 0.000 0.000 0.000 0.000 0.000 0.000 0.000 
0.000 0.000 0.000 0.000 0.000 0.000 0.000 0.000 0.000 7.480 5.890 25.498 26.355 27.403 27.786 28.010 30.108 27.500 29.090 28.225 27.445 23.916 0.000 0.000 0.000 0.000 0.000 0.000 0.000 0.000 0.000 
0.000 0.000 0.000 0.000 0.000 0.000 0.000 0.000 0.000 0.000 5.680 5.210 2.204 21.489 22.826 25.391 23.159 25.206 25.188 21.853 0.000 0.000 -0.000 0.000 0.000 0.000 0.000 0.000 0.000 0.000 0.000 
0.000 0.000 0.000 0.000 0.000 0.000 0.000 0.000 0.000 0.000 0.000 0.000 0.000 0.010 0.000 0.000 0.000 0.000 0.000 0.000 0.000 0.000 -0.000 -0.000 0.000 0.000 0.000 0.000 0.000 0.000 0.000 
0.000 0.000 0.000 0.000 0.000 0.000 0.000 0.000 0.000 0.000 0.000 0.000 0.000 0.000 0.000 0.000 -0.000 0.000 0.000 -0.000 0.000 0.000 -0.000 0.000 0.000 0.000 0.000 0.000 0.000 0.000 0.000 
0.000 0.000 0.000 0.000 0.000 0.000 0.000 0.000 0.000 0.000 0.000 0.000 0.000 0.000 0.000 0.000 0.000 0.000 -0.000 0.000 0.000 0.000 0.000 0.000 0.000 0.000 0.000 0.000 0.000 0.000 0.000 
0.000 0.000 0.000 0.000 0.000 0.000 0.000 0.000 0.000 0.000 0.000 0.000 0.000 0.000 0.000 0.000 0.000 0.000 0.000 0.000 -0.000 -0.000 0.000 0.000 0.000 0.000 0.000 0.000 0.000 0.000 0.000 
0.000 0.000 0.000 0.000 0.000 0.000 0.000 0.000 0.000 0.000 0.000 0.000 0.000 0.000 0.000 0.000 0.000 0.000 0.000 0.000 0.000 0.000 -0.000 0.000 0.000 0.000 0.000 0.000 0.000 0.000 0.000 
0.000 0.000 0.000 0.000 0.000 0.000 0.000 0.000 0.000 0.000 0.000 0.000 0.000 0.000 0.000 0.000 0.000 0.000 0.000 0.000 0.000 0.000 0.000 0.000 0.000 0.000 0.000 0.000 0.000 0.000 0.000 
