# Vol_scan Display Grid (processed)
# Grid size: 29 x 25
# Format: reflectivity
# Ref point: (-74000.000000, 14000.000000)
# Grid res: 1000.000000 meters
0.000 0.000 0.000 0.000 0.000 0.000 0.000 0.000 0.000 0.000 0.000 0.000 0.000 0.000 0.000 0.000 0.000 0.000 0.000 0.000 0.000 0.000 0.000 0.000 0.000 
0.000 0.000 0.000 0.000 0.000 0.000 0.000 0.000 0.000 0.000 0.000 0.000 0.000 0.000 0.000 0.000 0.000 0.000 0.000 0.000 0.000 0.000 0.000 0.000 0.000 
0.000 0.000 0.000 0.000 0.000 -0.000 -0.000 0.000 -0.000 -0.000 0.000 0.000 0.000 0.000 0.000 0.000 0.000 0.000 0.000 0.000 0.000 0.000 0.000 0.000 0.000 
0.000 0.000 0.000 0.000 0.000 0.000 0.000 -0.000 -0.000 0.000 0.000 0.000 0.000 0.000 0.000 0.000 0.000 0.000 0.000 0.000 0.000 0.000 0.000 0.000 0.000 
0.000 0.000 0.000 0.000 0.000 -0.000 -0.000 -0.000 0.000 0.000 -0.000 0.000 -0.000 0.000 0.000 0.000 0.000 0.000 0.000 0.000 0.000 0.000 0.000 0.000 0.000 
0.000 0.000 0.000 -0.000 -0.000 0.000 0.000 0.000 0.000 0.000 0.000 0.000 0.000 0.000 -0.000 0.000 0.000 0.000 0.000 0.000 0.000 0.000 0.000 0.000 0.000 
0.000 0.000 -0.000 0.000 0.000 0.000 0.000 0.004 1.038 9.259 19.859 12.620 20.204 0.330 0.000 0.000 0.000 0.000 0.000 0.000 0.000 0.000 0.000 0.000 0.000 
0.000 0.000 0.000 0.000 0.000 0.007 11.208 21.888 24.923 26.813 27.952 24.584 29.126 24.402 24.027 22.272 0.000 0.000 0.000 0.000 0.000 0.000 0.000 0.000 0.000 
0.000 0.000 0.000 0.001 0.004 16.411 27.286 28.549 28.692 27.006 27.551 28.303 29.134 27.967 28.120 27.262 27.124 0.000 0.000 0.000 0.000 0.000 0.000 0.000 0.000 
0.000 0.000 0.009 0.004 21.513 28.797 29.046 27.584 28.591 28.471 27.386 27.220 29.673 27.420 25.085 27.984 27.369 27.405 21.901 0.000 0.000 0.000 0.000 0.000 0.000 
0.000 4.680 0.098 24.220 28.061 26.832 28.676 28.802 27.786 30.084 27.537 26.620 26.995 27.312 27.738 27.037 28.744 28.987 28.414 0.000 0.000 0.000 0.000 0.000 0.000 
5.500 0.037 7.906 27.764 28.072 27.185 29.238 29.687 26.067 27.440 26.726 27.869 28.137 27.820 27.621 28.612 27.573 26.953 25.591 27.303 -0.000 0.000 0.000 0.000 0.000 
6.730 7.276 25.746 28.055 29.532 27.139 28.142 29.379 28.414 30.302 25.654 27.942 27.760 26.477 29.483 27.040 27.634 27.857 28.879 27.952 24.633 -0.000 -0.000 0.000 0.000 
8.620 24.189 28.093 29.024 27.422 27.317 28.881 28.606 27.926 27.696 28.301 27.854 27.337 27.819 28.223 27.690 27.549 27.690 28.966 28.867 27.916 0.000 -0.000 -0.000 0.000 
6.720 14.439 27.037 29.262 27.952 28.547 26.555 27.999 29.860 27.619 27.205 26.574 26.370 26.092 27.700 29.059 27.235 27.092 28.179 27.190 28.229 0.000 -0.000 -0.000 0.000 
0.010 28.477 28.579 27.580 28.172 28.920 28.416 26.985 28.801 27.247 27.968 27.523 28.502 26.352 27.197 27.137 29.661 28.438 26.987 29.346 28.927 0.000 -0.000 0.000 0.000 
0.010 26.604 28.460 26.543 26.090 29.346 26.496 27.958 27.262 28.839 28.557 26.806 28.539 27.297 26.746 27.519 27.561 29.514 27.744 28.212 27.050 0.000 0.000 0.000 0.000 
0.002 28.775 27.213 29.271 27.179 27.870 26.848 26.855 28.890 27.693 27.306 26.183 26.022 27.530 29.262 28.470 27.486 28.995 28.380 27.684 28.142 -0.000 0.000 0.000 0.000 
0.000 10.839 27.694 27.601 27.719 26.128 27.458 28.529 25.653 25.572 26.088 26.722 28.202 26.602 24.609 26.720 28.508 27.848 29.784 28.271 29.942 0.000 0.000 0.000 0.000 
0.000 9.531 28.305 28.397 26.625 28.117 27.497 26.891 25.742 26.170 26.179 26.593 26.746 25.893 25.725 27.274 28.676 27.213 27.991 26.582 26.592 0.000 0.000 0.000 0.000 
0.000 0.509 26.847 29.441 30.442 28.787 27.391 26.584 27.044 26.566 26.476 25.493 25.009 27.243 25.002 27.179 27.885 27.964 28.058 28.513 27.082 0.000 0.000 0.000 0.000 
0.000 0.001 28.076 30.408 27.263 28.382 26.228 26.175 26.382 25.592 25.412 27.575 25.369 25.902 26.722 26.930 29.927 28.010 28.068 27.376 0.000 0.000 0.000 0.000 0.000 
0.000 0.000 1.133 27.967 27.434 26.369 25.891 27.168 25.651 27.574 24.979 25.794 27.614 25.389 25.064 27.849 27.500 28.077 28.822 23.392 0.000 0.000 0.000 0.000 0.000 
0.000 0.000 0.000 1.355 28.789 28.170 27.962 25.486 26.823 26.067 27.463 25.957 27.845 27.047 27.019 25.535 27.526 26.758 26.562 0.000 0.000 0.000 0.000 0.000 0.000 
0.000 0.000 0.000 0.002 24.973 27.448 26.910 29.290 26.842 26.942 26.000 27.027 26.066 25.916 25.894 25.484 28.633 26.604 19.596 0.000 0.000 0.000 0.000 0.000 0.000 
0.000 -0.000 0.000 0.000 0.000 22.338 25.933 25.779 27.005 26.658 25.843 25.957 25.774 27.142 26.817 29.220 24.830 0.000 0.000 0.000 0.000 0.000 0.000 0.000 0.000 
0.000 -0.000 0.000 0.000 0.000 0.000 0.000 25.373 23.971 21.564 22.766 25.846 27.761 25.920 27.305 15.477 0.000 0.000 0.000 0.000 0.000 0.000 0.000 0.000 0.000 
0.000 0.000 0.000 0.000 0.000 -0.000 0.000 0.000 0.000 -0.000 0.000 19.558 0.000 0.000 0.000 0.000 0.000 0.000 0.000 0.000 0.000 0.000 0.000 0.000 0.000 
0.000 0.000 0.000 0.000 0.000 0.000 0.000 0.000 0.000 0.000 0.000 0.000 0.000 0.000 0.000 0.000 0.000 0.000 0.000 0.000 0.000 0.000 0.000 0.000 0.000 
