# Vol_scan Display Grid (processed)
# Grid size: 29 x 31
# Format: reflectivity
# Ref point: (-77000.000000, 12000.000000)
# Grid res: 1000.000000 meters
0.000 0.000 0.000 0.000 0.000 0.000 -0.000 0.000 0.000 -0.000 0.000 0.000 0.000 0.000 0.000 0.000 0.000 0.000 0.000 0.000 0.000 0.000 0.000 0.000 0.000 0.000 0.000 0.000 0.000 0.000 0.000 
0.000 0.000 0.000 0.000 0.000 0.000 0.000 0.000 0.000 0.000 0.000 0.000 0.000 0.000 0.000 0.000 0.000 0.000 0.000 0.000 0.000 0.000 0.000 0.000 0.000 0.000 0.000 0.000 0.000 0.000 0.000 
0.000 0.000 0.000 0.000 -0.000 0.000 0.000 0.000 0.000 -0.000 0.000 0.264 0.000 0.013 6.560 5.940 0.000 0.000 0.000 0.000 0.000 0.000 0.000 0.000 0.000 0.000 0.000 0.000 0.000 0.000 0.000 
0.000 0.000 0.000 0.000 0.000 0.000 0.000 0.000 0.220 0.000 26.001 24.525 21.170 22.189 26.867 31.384 18.082 5.969 0.000 0.000 0.000 0.000 0.000 0.000 0.000 0.000 0.000 0.000 0.000 0.000 0.000 
0.000 0.000 0.000 0.000 0.000 0.000 -0.000 0.354 24.393 26.827 28.292 28.358 27.771 26.471 26.787 28.178 29.950 30.184 0.405 0.000 0.000 0.000 0.000 0.000 0.000 0.000 0.000 0.000 0.000 0.000 0.000 
0.000 0.000 0.000 0.000 0.000 0.000 27.088 23.571 29.064 28.407 28.758 28.700 26.831 28.089 28.646 26.995 29.311 28.366 25.339 10.785 0.000 0.000 0.000 0.000 0.000 0.000 0.000 0.000 0.000 0.000 0.000 
0.000 0.000 0.000 0.000 0.000 15.692 27.366 26.852 29.853 27.672 25.712 27.715 28.707 28.635 27.234 26.795 28.841 29.191 27.674 28.293 0.096 0.000 -0.000 -0.000 0.000 0.000 0.000 0.000 0.000 0.000 0.000 
0.000 0.000 0.000 0.000 -0.000 26.260 27.502 26.499 27.215 27.093 27.501 28.361 26.783 25.822 28.057 28.030 29.090 28.927 29.543 28.068 28.654 0.000 0.000 0.000 0.000 -0.000 0.000 0.000 0.000 0.000 0.000 
0.000 0.000 0.000 0.000 26.994 27.750 29.555 27.832 28.694 28.556 25.831 28.608 26.834 29.510 27.896 26.226 27.260 27.251 27.865 27.785 28.948 27.538 0.000 0.000 0.000 0.000 0.000 0.000 -0.000 0.000 0.000 
0.000 0.000 0.000 5.169 28.617 27.883 29.496 28.759 26.608 27.514 26.793 28.427 27.571 28.709 28.580 28.312 27.824 27.791 27.376 27.832 27.227 27.474 0.160 0.000 0.000 0.000 0.000 0.000 0.000 0.000 -0.000 
0.000 0.000 0.000 22.854 28.136 28.464 28.518 29.406 29.186 28.875 28.108 30.081 27.856 28.904 28.034 28.797 28.857 28.256 25.348 28.824 29.072 28.102 27.405 0.000 0.000 -0.000 0.000 0.000 0.000 0.000 0.000 
0.000 0.000 0.000 25.849 27.569 27.725 28.409 29.863 30.301 27.769 28.508 28.356 27.283 27.350 28.837 28.194 26.424 28.870 27.187 27.817 28.208 27.212 28.187 0.582 -0.000 0.000 0.000 -0.000 0.000 0.000 0.000 
0.000 0.000 0.000 -0.000 29.685 28.305 28.081 29.318 27.082 27.589 28.738 29.858 29.515 28.274 29.267 27.525 27.386 26.862 28.278 27.388 27.606 27.813 29.028 0.000 0.000 0.000 0.000 0.000 0.000 0.000 0.000 
0.000 0.000 0.000 25.657 27.864 28.837 28.937 28.549 30.998 30.869 29.159 27.920 30.461 26.912 29.086 28.531 28.345 26.271 27.629 28.694 27.996 27.281 29.128 0.000 0.000 0.000 0.000 0.000 0.000 0.000 0.000 
0.000 0.000 0.000 28.210 27.965 30.213 29.024 27.411 26.813 27.844 28.605 27.908 28.903 28.069 28.875 26.717 29.328 28.452 30.104 28.348 27.964 29.300 26.432 0.000 0.000 0.000 0.000 -0.000 0.000 0.000 0.000 
0.000 0.000 0.000 28.644 27.687 30.131 29.979 27.848 30.206 28.249 27.832 28.552 28.166 28.860 29.130 28.106 27.832 29.717 29.781 26.931 26.744 28.385 28.187 0.000 0.000 0.000 0.000 0.000 0.000 0.000 0.000 
0.000 0.000 -0.000 0.000 28.101 27.614 28.419 28.208 27.224 27.568 25.746 28.888 27.726 28.259 28.571 26.271 28.633 28.224 28.839 28.970 29.392 27.526 -0.000 0.000 0.000 0.000 -0.000 0.000 0.000 0.000 0.000 
0.000 0.000 -0.000 26.597 27.558 26.574 27.939 29.047 26.697 26.410 26.936 28.059 27.137 28.131 27.110 30.227 28.818 28.833 27.950 28.377 28.919 28.983 0.000 0.000 -0.000 0.000 0.000 0.000 0.000 0.000 0.000 
0.000 0.000 -0.000 0.000 27.336 27.251 26.639 27.832 27.102 29.919 27.602 28.647 27.309 27.685 27.906 27.221 27.397 28.346 27.329 28.624 28.837 20.467 0.000 0.000 0.000 0.000 0.000 0.000 0.000 0.000 0.000 
0.000 0.000 -0.000 -0.000 0.000 28.044 28.419 27.442 28.405 28.431 27.729 28.958 26.165 28.156 26.972 28.726 27.292 28.431 28.027 27.493 29.801 -0.000 -0.000 0.000 0.000 0.000 0.000 0.000 0.000 0.000 0.000 
0.000 0.000 0.000 0.000 0.000 0.000 26.509 28.168 28.008 27.737 28.046 27.896 27.049 25.913 28.112 27.465 28.175 27.052 27.823 28.408 0.000 -0.000 0.000 0.000 0.000 0.000 0.000 0.000 0.000 0.000 0.000 
0.000 0.000 0.000 0.000 0.000 0.000 0.000 22.412 28.708 27.908 27.017 28.019 26.256 27.372 26.915 28.663 26.855 27.464 25.024 25.020 0.000 0.000 0.000 0.000 0.000 0.000 0.000 0.000 0.000 0.000 0.000 
0.000 0.000 0.000 0.000 0.000 0.000 0.000 0.000 27.769 25.844 28.448 26.619 27.064 28.530 27.690 26.136 28.556 26.167 -0.000 -0.000 0.000 -0.000 0.000 0.000 0.000 0.000 0.000 0.000 0.000 0.000 0.000 
0.000 0.000 0.000 0.000 0.000 0.000 0.000 0.000 0.000 0.000 22.338 24.650 23.066 23.438 22.223 21.338 0.000 0.000 0.000 0.000 0.000 0.000 0.000 0.000 0.000 0.000 0.000 0.000 0.000 0.000 0.000 
0.000 0.000 0.000 0.000 0.000 0.000 0.000 0.000 0.000 0.000 0.000 0.000 0.000 0.000 0.000 0.000 -0.000 0.000 0.000 0.000 0.000 0.000 0.000 0.000 0.000 0.000 0.000 0.000 0.000 0.000 0.000 
0.000 0.000 0.000 0.000 0.000 0.000 0.000 0.000 0.000 0.000 0.000 0.000 0.000 0.000 0.000 0.000 0.000 -0.000 0.000 -0.000 0.000 0.000 0.000 0.000 0.000 0.000 0.000 0.000 0.000 0.000 0.000 
0.000 0.000 0.000 0.000 0.000 0.000 0.000 0.000 0.000 0.000 0.000 0.000 0.000 0.000 0.000 0.000 0.000 0.000 0.000 -0.000 0.000 0.000 0.000 0.000 0.000 0.000 0.000 0.000 0.000 0.000 0.000 
0.000 0.000 0.000 0.000 0.000 0.000 0.000 0.000 0.000 0.000 0.000 0.000 0.000 0.000 0.000 0.000 0.000 0.000 0.000 0.000 0.000 0.000 0.000 0.000 0.000 0.000 0.000 0.000 0.000 0.000 0.000 
0.000 0.000 0.000 0.000 0.000 0.000 0.000 0.000 0.000 0.000 0.000 0.000 0.000 0.000 0.000 0.000 0.000 0.000 0.000 0.000 0.000 0.000 0.000 0.000 0.000 0.000 0.000 0.000 0.000 0.000 0.000 
