# Vol_scan Display Grid (processed)
# Grid size: 30 x 28
# Format: reflectivity
# Ref point: (-83000.000000, 11000.000000)
# Grid res: 1000.000000 meters
0.000 0.000 0.000 0.000 0.000 0.000 0.000 0.000 0.000 0.000 0.000 0.000 0.000 0.000 0.000 0.000 0.000 0.000 0.000 0.000 0.000 0.000 0.000 0.000 0.000 0.000 0.000 0.000 
0.000 0.000 0.000 0.000 0.000 0.000 0.000 0.000 0.000 0.000 0.000 0.000 0.000 0.000 0.000 -0.000 0.000 -0.000 0.000 0.000 0.000 0.000 0.000 0.000 0.000 0.000 0.000 0.000 
0.000 0.000 0.000 0.000 0.000 0.000 0.000 0.000 0.000 0.000 0.000 -0.000 0.000 0.000 0.000 0.000 0.000 0.000 0.000 0.000 0.000 0.000 0.000 0.000 0.000 0.000 0.000 0.000 
0.000 0.000 0.000 0.000 0.000 0.000 0.000 0.000 0.000 0.000 0.000 0.000 0.000 0.000 0.000 0.000 0.000 0.000 -0.000 0.000 0.000 0.000 0.000 0.000 0.000 0.000 0.000 0.000 
0.000 0.000 0.000 0.000 0.000 0.000 0.000 0.000 0.000 0.000 0.000 0.000 0.000 0.000 -0.000 -0.000 0.000 0.000 -0.000 -0.000 0.000 0.000 0.000 0.000 0.000 0.000 0.000 0.000 
0.000 0.000 0.000 0.000 0.000 0.000 0.000 0.000 0.016 0.001 0.002 0.001 0.001 0.002 0.002 0.004 0.001 0.000 -0.000 -0.000 0.000 0.000 0.000 0.000 0.000 0.000 0.000 0.000 
0.000 0.000 0.000 0.000 0.000 0.000 5.440 0.039 0.001 5.715 12.297 20.549 25.533 24.148 22.018 23.712 23.131 21.055 0.004 0.000 -0.000 0.000 0.000 0.000 0.000 0.000 0.000 0.000 
0.000 0.000 0.000 0.000 0.000 6.300 4.240 7.065 10.725 22.445 29.218 27.347 28.730 27.735 27.571 26.537 29.877 28.469 24.897 17.829 0.061 0.000 0.000 0.000 0.000 0.000 0.000 0.000 
0.000 0.000 0.000 0.000 5.270 5.240 7.534 16.220 23.935 27.994 26.217 27.286 26.999 28.844 28.471 27.237 27.778 28.041 28.943 28.838 25.464 0.000 -0.000 0.000 0.000 0.000 0.000 0.000 
0.000 0.000 0.000 0.000 7.360 6.578 29.446 27.134 27.036 27.752 27.469 27.337 27.701 30.649 27.581 26.049 26.702 27.608 27.725 28.390 28.562 23.023 0.000 0.000 0.000 0.000 0.000 0.000 
0.000 0.000 0.000 6.240 4.341 26.141 26.585 28.720 26.642 26.064 26.280 27.599 27.953 25.875 29.288 27.609 28.394 28.328 30.571 28.185 27.135 27.528 23.712 0.000 0.000 0.000 0.000 0.000 
0.000 0.000 0.000 7.610 8.441 30.266 27.965 27.463 28.658 27.321 29.057 28.681 29.684 28.450 27.310 27.819 27.299 27.758 28.506 27.975 28.031 28.656 27.852 21.784 0.000 0.000 0.000 0.000 
0.000 0.000 5.680 0.157 0.015 27.028 28.634 28.921 27.718 27.424 26.361 28.390 27.666 26.525 28.924 27.245 27.458 26.906 29.013 27.272 27.523 28.907 26.687 26.824 0.000 0.000 0.000 0.000 
0.000 0.000 5.790 0.114 6.356 27.519 28.814 25.746 26.690 29.060 28.509 27.002 26.780 28.542 27.444 27.773 26.137 27.250 27.260 28.927 26.251 26.737 29.273 27.448 0.000 -0.000 0.000 0.000 
0.000 0.000 0.003 0.002 24.103 27.445 29.011 29.894 26.483 26.000 28.955 28.365 28.483 28.409 27.569 27.274 28.172 27.762 27.925 26.487 28.934 27.489 28.398 29.663 0.000 0.000 0.000 0.000 
0.000 0.000 0.000 0.000 25.512 27.470 27.302 26.549 28.149 26.792 28.900 27.910 29.559 29.326 28.001 28.095 30.735 26.607 29.176 25.877 27.576 26.640 28.107 29.973 0.000 0.000 -0.000 0.000 
0.000 -0.000 0.000 0.000 27.584 28.168 28.701 30.623 27.386 28.519 25.833 27.533 26.099 26.692 28.946 26.803 27.606 27.971 27.260 28.175 27.589 27.259 27.488 27.428 0.000 0.000 -0.000 0.000 
0.000 0.000 0.000 0.000 26.245 28.028 26.317 28.774 23.514 27.905 27.413 27.653 27.277 27.705 29.396 29.692 27.106 28.906 28.771 27.639 27.889 28.047 28.660 27.316 0.000 0.000 0.000 0.000 
0.000 0.000 0.000 0.000 27.592 26.396 29.317 29.115 28.961 29.062 26.302 28.409 28.123 29.139 28.414 26.580 27.936 26.263 28.208 28.992 29.821 29.211 27.720 26.974 0.000 -0.000 0.000 0.000 
0.000 0.000 0.000 0.000 0.052 25.843 27.534 27.821 27.714 29.500 28.138 27.608 28.552 28.184 29.509 27.739 26.412 28.409 29.093 27.656 29.317 28.004 27.519 26.647 -0.000 0.000 0.000 0.000 
0.000 0.000 0.000 -0.000 0.000 23.142 26.025 26.998 27.489 27.534 29.920 29.116 28.299 27.772 29.624 27.302 27.741 28.158 28.861 28.480 28.617 26.559 28.272 21.248 0.000 0.000 0.000 0.000 
0.000 0.000 0.000 0.000 0.000 21.801 27.526 28.732 27.825 29.079 27.044 27.799 29.332 26.923 26.665 27.297 27.561 25.682 27.596 26.445 28.803 27.849 27.687 0.000 0.000 0.000 0.000 0.000 
0.000 0.000 0.000 -0.000 0.000 0.000 26.333 28.621 29.205 29.197 29.263 28.857 30.132 26.062 28.236 27.454 27.143 28.043 29.275 27.089 27.693 27.998 21.960 0.000 0.000 0.000 0.000 0.000 
0.000 0.000 0.000 0.000 -0.000 0.000 0.000 26.262 29.567 27.174 27.358 28.369 26.415 29.655 29.031 27.636 27.802 26.878 27.313 28.935 27.839 23.501 0.000 0.000 0.000 0.000 0.000 0.000 
0.000 -0.000 0.000 0.000 -0.000 -0.000 0.000 -0.000 23.748 28.158 28.549 27.287 27.153 29.053 27.141 27.966 28.857 27.668 27.461 26.921 18.509 0.000 0.000 0.000 0.000 0.000 0.000 0.000 
0.000 0.000 0.000 0.000 0.000 -0.000 -0.000 0.000 0.000 0.000 24.519 25.544 28.278 27.487 26.994 28.238 29.234 24.623 24.467 0.000 0.000 0.000 0.000 0.000 0.000 0.000 0.000 0.000 
0.000 0.000 0.000 0.000 0.000 0.000 0.000 0.000 0.000 0.000 0.000 26.595 17.929 24.127 24.751 24.599 -0.000 0.000 0.000 0.000 0.000 0.000 0.000 0.000 0.000 0.000 0.000 0.000 
0.000 0.000 0.000 0.000 0.000 0.000 0.000 0.000 0.000 0.000 0.000 0.000 0.000 0.000 0.000 -0.000 0.000 0.000 0.000 0.000 0.000 0.000 0.000 0.000 0.000 0.000 0.000 0.000 
0.000 0.000 0.000 0.000 0.000 0.000 0.000 0.000 0.000 0.000 0.000 0.000 0.000 0.000 0.000 0.000 0.000 0.000 0.000 0.000 0.000 0.000 0.000 0.000 0.000 0.000 0.000 0.000 
0.000 0.000 0.000 0.000 0.000 0.000 0.000 0.000 0.000 0.000 0.000 0.000 0.000 0.000 0.000 0.000 0.000 0.000 0.000 0.000 0.000 0.000 0.000 0.000 0.000 0.000 0.000 0.000 
