# Vol_scan Display Grid (processed)
# Grid size: 31 x 32
# Format: reflectivity
# Ref point: (-58000.000000, 11000.000000)
# Grid res: 1000.000000 meters
0.000 0.000 0.000 0.000 0.000 0.000 0.000 0.000 0.000 0.000 0.000 0.000 0.000 0.000 0.000 0.000 0.000 0.000 0.000 0.000 0.000 0.000 0.000 0.000 0.000 0.000 0.000 0.000 0.000 0.000 0.000 0.000 
0.000 0.000 0.000 0.000 0.000 0.000 -0.000 -0.000 0.000 0.000 0.000 0.000 0.000 0.000 0.000 0.000 0.000 0.000 0.000 0.000 0.000 0.000 0.000 0.000 0.000 0.000 0.000 0.000 0.000 0.000 0.000 0.000 
0.000 0.000 0.000 0.000 0.000 0.000 0.000 0.000 0.000 0.000 -0.000 0.000 0.000 0.000 0.000 0.000 0.000 0.000 0.000 0.000 0.000 0.000 0.000 0.000 0.000 0.000 0.000 0.000 0.000 0.000 0.000 0.000 
0.000 0.000 0.000 0.000 0.000 0.000 0.000 -0.000 0.000 0.000 0.000 0.000 0.000 0.000 0.000 0.020 4.620 6.940 0.000 0.000 0.000 0.000 0.000 0.000 0.000 0.000 0.000 0.000 0.000 0.000 0.000 0.000 
0.000 0.000 0.000 0.000 0.000 -0.000 0.000 0.000 -0.000 0.000 0.001 6.168 24.630 6.285 13.238 12.832 12.012 5.870 6.080 6.030 0.000 0.000 0.000 0.000 0.000 0.000 0.000 0.000 0.000 0.000 0.000 0.000 
0.000 0.000 0.000 0.000 0.000 0.000 0.000 0.000 0.000 2.814 22.587 24.156 28.142 29.264 27.998 25.601 25.404 25.265 23.780 6.046 6.070 5.320 0.000 0.000 0.000 0.000 0.000 0.000 0.000 0.000 0.000 0.000 
0.000 0.000 0.000 0.000 0.000 0.000 0.000 5.598 24.540 26.196 27.798 27.717 26.583 29.582 27.576 25.878 26.455 27.163 27.341 28.174 26.340 0.016 0.000 0.000 0.000 0.000 0.000 0.000 0.000 0.000 0.000 0.000 
0.000 0.000 0.000 0.000 0.000 -0.000 0.003 24.575 27.941 26.722 26.674 26.584 28.040 28.541 26.992 26.571 25.245 27.147 26.677 26.385 25.912 11.752 0.054 0.000 0.000 0.000 0.000 0.000 0.000 0.000 0.000 0.000 
0.000 0.000 0.000 0.000 0.000 0.000 20.577 27.219 27.763 26.727 27.489 27.911 27.246 25.324 27.835 26.546 27.230 26.225 27.171 26.743 26.615 28.357 10.309 0.000 0.000 0.000 0.000 0.000 0.000 0.000 0.000 0.000 
0.000 0.000 0.000 0.000 0.000 24.970 27.153 27.265 28.524 27.396 27.313 26.471 27.291 25.736 26.919 26.583 28.653 26.508 26.817 27.627 25.770 26.328 24.836 0.001 0.000 0.000 0.000 0.000 0.000 0.000 0.000 0.000 
0.000 0.000 0.000 0.000 0.000 28.647 27.193 26.805 26.146 25.100 26.876 27.485 27.562 27.282 27.573 27.270 28.778 27.254 26.717 28.240 27.071 28.541 29.102 0.002 -0.000 0.000 0.000 0.000 0.000 0.000 0.000 0.000 
0.000 0.000 0.000 0.000 -0.000 26.949 26.616 27.619 27.518 26.043 29.670 28.159 27.921 28.635 28.097 25.682 27.406 26.982 27.106 26.163 26.398 27.458 28.489 27.292 0.000 0.000 -0.000 0.000 0.000 0.000 0.000 0.000 
0.000 0.000 0.000 0.000 27.716 26.224 27.247 28.293 28.418 27.946 29.334 28.949 27.246 25.737 26.943 28.192 27.029 27.243 26.661 28.409 27.363 26.763 27.393 28.404 0.000 0.000 0.000 -0.000 0.000 0.000 0.000 0.000 
0.000 0.000 0.000 -0.000 28.351 27.584 27.336 28.343 27.758 26.643 27.527 27.495 26.485 28.601 26.160 25.889 26.288 26.885 27.721 27.470 26.403 27.695 26.211 28.475 0.353 0.000 0.000 0.000 -0.000 0.000 0.000 0.000 
0.000 0.000 0.000 -0.000 27.466 27.739 27.418 27.477 26.785 28.362 27.484 27.677 28.509 27.904 26.452 28.086 28.621 28.148 26.457 28.645 26.750 27.516 27.485 26.795 0.002 0.000 -0.000 0.000 0.000 0.000 0.000 0.000 
0.000 0.000 -0.000 0.000 26.236 27.737 27.533 29.047 27.252 26.195 28.444 27.788 28.479 27.562 26.072 27.497 26.383 26.119 27.582 27.409 26.016 28.273 27.592 25.359 0.000 0.000 0.000 -0.000 0.000 0.000 0.000 0.000 
0.000 0.000 0.000 0.000 28.365 28.900 27.306 26.772 27.134 28.616 27.225 27.285 26.334 26.724 25.719 26.443 26.975 26.643 27.745 28.626 27.807 27.341 27.748 26.352 1.321 0.000 0.000 0.000 -0.000 -0.000 0.000 0.000 
0.000 0.000 0.000 -0.000 26.786 28.307 27.001 27.575 28.121 28.181 27.733 28.699 26.652 26.355 26.015 26.226 25.901 26.719 26.265 28.542 27.454 26.481 26.795 27.369 0.000 0.000 0.000 0.000 0.000 0.000 0.000 0.000 
0.000 -0.000 0.000 0.000 0.000 28.235 29.529 28.426 28.186 26.395 27.397 26.463 27.626 26.954 26.563 27.446 27.086 27.788 24.106 28.536 27.721 28.084 26.499 23.926 0.000 0.000 0.000 0.000 0.000 0.000 0.000 0.000 
0.000 0.000 0.000 -0.000 -0.000 26.313 27.001 29.685 27.320 28.069 26.652 28.002 27.562 25.808 25.078 26.915 24.756 25.252 27.055 28.568 25.750 27.318 27.602 0.000 0.000 0.000 0.000 0.000 0.000 0.000 0.000 0.000 
0.000 0.000 0.000 0.000 0.000 0.000 29.394 27.060 26.972 26.192 25.436 26.851 27.205 25.703 26.757 26.293 26.842 27.676 26.975 28.861 26.796 28.852 27.874 0.000 0.000 0.000 0.000 0.000 0.000 0.000 0.000 0.000 
0.000 0.000 0.000 0.000 0.000 0.000 0.000 27.268 26.281 28.756 27.280 26.011 25.664 28.829 26.276 27.703 26.053 26.325 26.974 26.107 27.628 27.746 0.000 0.000 0.000 0.000 0.000 0.000 0.000 0.000 0.000 0.000 
0.000 0.000 0.000 0.000 0.000 0.000 0.000 16.821 27.194 27.297 26.050 25.648 26.598 27.157 27.254 27.750 27.074 26.651 27.281 27.223 27.230 0.000 0.000 0.000 0.000 0.000 0.000 0.000 0.000 0.000 0.000 0.000 
0.000 0.000 0.000 0.000 0.000 0.000 0.000 0.000 19.596 21.403 27.946 26.825 26.309 26.234 25.851 26.859 27.807 26.587 26.593 22.384 -0.000 -0.000 0.000 0.000 0.000 0.000 0.000 0.000 0.000 0.000 0.000 0.000 
0.000 0.000 0.000 0.000 0.000 0.000 0.000 0.000 0.000 0.000 21.293 22.693 22.149 23.320 20.872 21.823 21.376 21.245 0.000 0.000 -0.000 0.000 0.000 0.000 0.000 0.000 0.000 0.000 0.000 0.000 0.000 0.000 
0.000 0.000 0.000 0.000 0.000 0.000 0.000 0.000 0.000 0.000 0.000 0.000 0.000 0.000 -0.000 0.000 0.000 -0.000 0.000 0.000 0.000 0.000 0.000 0.000 0.000 0.000 0.000 0.000 0.000 0.000 0.000 0.000 
0.000 0.000 0.000 0.000 0.000 0.000 0.000 0.000 0.000 0.000 0.000 0.000 0.000 0.000 0.000 0.000 -0.000 0.000 0.000 0.000 0.000 0.000 0.000 0.000 0.000 0.000 0.000 0.000 0.000 0.000 0.000 0.000 
0.000 0.000 0.000 0.000 0.000 0.000 0.000 0.000 0.000 0.000 0.000 0.000 0.000 0.000 0.000 0.000 0.000 -0.000 0.000 0.000 0.000 0.000 0.000 0.000 0.000 0.000 0.000 0.000 0.000 0.000 0.000 0.000 
0.000 0.000 0.000 0.000 0.000 0.000 0.000 0.000 0.000 0.000 0.000 0.000 0.000 0.000 0.000 0.000 0.000 -0.000 0.000 0.000 0.000 0.000 0.000 0.000 0.000 0.000 0.000 0.000 0.000 0.000 0.000 0.000 
0.000 0.000 0.000 0.000 0.000 0.000 0.000 0.000 0.000 0.000 0.000 0.000 0.000 0.000 0.000 0.000 0.000 0.000 0.000 0.000 0.000 0.000 0.000 0.000 0.000 0.000 0.000 0.000 0.000 0.000 0.000 0.000 
0.000 0.000 0.000 0.000 0.000 0.000 0.000 0.000 0.000 0.000 0.000 0.000 0.000 0.000 0.000 0.000 0.000 0.000 0.000 0.000 0.000 0.000 0.000 0.000 0.000 0.000 0.000 0.000 0.000 0.000 0.000 0.000 
