# Vol_scan Display Grid (processed)
# Grid size: 31 x 31
# Format: reflectivity
# Ref point: (-50000.000000, 12000.000000)
# Grid res: 1000.000000 meters
0.000 0.000 0.000 0.000 0.000 0.000 0.000 0.000 -0.000 0.000 0.000 0.000 0.000 0.000 0.000 0.000 0.000 0.000 0.000 0.000 0.000 0.000 0.000 0.000 0.000 0.000 0.000 0.000 0.000 0.000 0.000 
0.000 0.000 0.000 0.000 0.000 0.000 0.000 0.000 0.000 0.000 0.000 0.000 -0.000 0.000 0.000 0.000 0.000 0.000 0.000 0.000 0.000 0.000 0.000 0.000 0.000 0.000 0.000 0.000 0.000 0.000 0.000 
0.000 0.000 0.000 0.000 0.000 0.000 0.000 0.000 0.000 0.000 0.000 0.000 0.000 0.000 -0.000 0.000 0.000 0.000 0.000 0.000 0.000 0.000 0.000 0.000 0.000 0.000 0.000 0.000 0.000 0.000 0.000 
0.000 0.000 0.000 0.000 0.000 0.000 -0.000 -0.000 0.000 0.000 0.000 -0.000 0.000 0.000 0.000 0.000 -0.000 0.000 0.000 0.000 0.000 0.000 0.000 0.000 0.000 0.000 0.000 0.000 0.000 0.000 0.000 
0.000 0.000 0.000 0.000 0.000 -0.000 -0.000 0.000 0.000 0.000 0.000 0.003 0.004 0.003 0.004 0.013 0.036 5.813 4.520 0.000 0.000 0.000 0.000 0.000 0.000 0.000 0.000 0.000 0.000 0.000 0.000 
0.000 0.000 0.000 0.000 0.000 0.000 0.000 0.000 0.000 22.842 23.674 22.715 26.594 28.343 26.434 23.280 6.501 0.058 6.078 5.371 0.000 0.000 0.000 0.000 0.000 0.000 0.000 0.000 0.000 0.000 0.000 
0.000 0.000 0.000 0.000 0.000 -0.000 0.000 16.430 25.337 27.621 27.719 27.129 27.253 29.460 25.813 27.475 28.433 27.850 25.661 6.164 5.526 0.000 0.000 0.000 0.000 0.000 0.000 0.000 0.000 0.000 0.000 
0.000 0.000 0.000 0.000 0.000 -0.000 5.112 25.668 28.371 26.647 27.957 27.723 27.066 27.743 27.696 26.587 27.052 27.288 27.228 26.406 0.070 5.402 0.000 0.000 0.000 0.000 0.000 0.000 0.000 0.000 0.000 
0.000 0.000 0.000 0.000 0.000 24.704 26.752 29.657 27.591 27.660 26.724 26.916 26.679 26.916 27.627 27.333 26.726 26.971 28.750 26.278 24.384 0.021 7.035 -0.000 0.000 0.000 0.000 0.000 0.000 0.000 0.000 
0.000 0.000 0.000 0.000 0.381 27.575 26.940 27.678 27.843 28.120 27.158 26.845 28.044 27.712 26.860 27.888 26.277 26.052 26.626 28.708 27.321 24.834 0.001 0.004 -0.000 0.000 0.000 0.000 0.000 0.000 0.000 
0.000 0.000 0.000 -0.000 21.474 28.794 27.771 28.691 26.582 26.072 27.124 27.226 26.541 26.907 27.250 26.917 27.414 27.856 27.319 27.399 28.439 27.086 6.735 0.000 0.000 0.000 0.000 0.000 0.000 0.000 0.000 
0.000 0.000 0.000 23.983 28.576 28.163 26.833 27.845 28.378 27.393 28.697 27.707 27.663 29.115 28.316 27.417 27.204 28.353 27.086 26.210 27.514 26.229 24.066 0.001 0.000 0.000 0.000 0.000 0.000 0.000 0.000 
0.000 0.000 0.000 -0.000 27.793 26.628 26.852 28.665 28.169 28.651 28.833 28.167 28.562 27.609 27.012 27.512 29.544 27.660 26.916 25.649 27.804 27.756 27.146 0.004 -0.000 0.000 0.000 0.000 0.000 0.000 0.000 
0.000 0.000 0.000 27.129 26.240 26.451 27.442 28.671 28.827 27.859 26.971 27.827 26.660 28.105 27.306 28.148 27.515 28.122 28.824 28.942 28.009 26.422 27.629 0.004 0.000 0.000 0.000 0.000 0.000 0.000 0.000 
0.000 0.000 -0.000 27.530 26.327 27.589 26.663 27.776 27.517 28.309 27.473 26.036 27.591 27.324 28.702 25.815 26.973 27.803 26.879 28.260 27.892 29.288 27.392 0.005 0.000 0.000 0.000 0.000 0.000 -0.000 0.000 
0.000 0.000 0.000 26.532 27.425 26.772 27.676 28.225 26.975 26.365 32.169 38.679 38.313 36.260 38.865 36.141 27.699 27.095 27.557 26.149 27.558 28.162 26.854 0.001 0.000 0.000 0.000 0.000 0.000 0.000 0.000 
0.000 -0.000 -0.000 21.084 28.576 28.281 28.507 27.488 27.794 27.021 36.719 41.415 42.090 40.297 41.077 40.572 35.521 28.747 26.833 27.725 28.872 27.138 26.696 2.700 0.000 0.000 0.000 0.000 0.000 0.000 0.000 
0.000 0.000 0.000 23.184 29.493 26.807 26.771 27.054 25.989 39.389 41.618 41.240 43.016 41.452 41.565 44.650 41.603 37.757 28.627 27.435 27.961 27.967 29.625 0.002 0.000 0.000 0.000 0.000 -0.000 0.000 0.000 
0.000 0.000 0.000 19.333 27.832 27.002 26.838 28.911 40.940 44.249 40.897 40.704 41.083 41.461 41.642 40.688 40.614 41.905 28.049 28.891 28.908 27.245 28.335 0.000 0.000 0.000 0.000 0.000 0.000 0.000 0.000 
0.000 0.000 0.000 0.000 26.160 28.113 27.392 28.430 28.313 41.589 41.125 41.466 42.361 40.160 39.486 41.179 41.950 43.337 28.898 28.312 27.515 29.013 23.516 -0.000 0.000 0.000 -0.000 0.000 0.000 0.000 0.000 
0.000 0.000 0.000 0.000 22.331 26.199 27.695 26.595 41.260 41.767 42.106 40.158 41.727 41.177 39.775 40.210 41.432 41.414 28.735 28.482 29.532 28.400 0.000 -0.000 -0.000 0.000 0.000 0.000 0.000 0.000 0.000 
0.000 0.000 0.000 0.000 0.000 23.910 27.759 26.701 34.410 39.269 39.241 41.812 40.382 41.018 42.141 41.277 40.483 39.826 39.294 27.548 27.914 21.806 0.000 0.000 0.000 0.000 0.000 0.000 0.000 0.000 0.000 
0.000 0.000 0.000 0.000 0.000 0.000 26.014 27.405 28.896 43.293 41.835 41.154 42.102 40.538 41.536 42.104 41.011 38.819 28.026 28.302 23.847 0.000 0.000 0.000 0.000 0.000 0.000 0.000 0.000 0.000 0.000 
0.000 0.000 0.000 0.000 0.000 0.000 0.000 24.594 28.080 37.054 43.880 40.643 41.596 40.430 41.525 41.590 37.531 26.620 24.934 24.350 -0.000 0.000 0.000 0.000 0.000 0.000 0.000 0.000 0.000 0.000 0.000 
0.000 0.000 0.000 0.000 0.000 0.000 0.000 0.000 20.578 23.149 37.366 38.773 41.770 42.015 40.929 39.784 23.853 0.000 0.000 -0.000 0.000 0.000 0.000 0.000 0.000 0.000 0.000 0.000 0.000 0.000 0.000 
0.000 0.000 0.000 0.000 0.000 0.000 0.000 0.000 0.000 0.000 0.000 17.937 37.522 16.266 -0.000 -0.000 0.000 0.000 0.000 0.000 0.000 0.000 0.000 0.000 0.000 0.000 0.000 0.000 0.000 0.000 0.000 
0.000 0.000 0.000 0.000 0.000 0.000 0.000 0.000 0.000 0.000 0.000 0.000 -0.000 0.000 0.000 -0.000 -0.000 0.000 0.000 0.000 0.000 0.000 0.000 0.000 0.000 0.000 0.000 0.000 0.000 0.000 0.000 
0.000 0.000 0.000 0.000 0.000 0.000 0.000 0.000 0.000 0.000 0.000 0.000 0.000 -0.000 0.000 0.000 0.000 0.000 0.000 0.000 0.000 0.000 0.000 0.000 0.000 0.000 0.000 0.000 0.000 0.000 0.000 
0.000 0.000 0.000 0.000 0.000 0.000 0.000 0.000 0.000 0.000 0.000 0.000 0.000 0.000 0.000 0.000 0.000 0.000 0.000 0.000 0.000 0.000 0.000 0.000 0.000 0.000 0.000 0.000 0.000 0.000 0.000 
0.000 0.000 0.000 0.000 0.000 0.000 0.000 0.000 0.000 0.000 0.000 0.000 0.000 0.000 0.000 0.000 0.000 0.000 0.000 0.000 0.000 0.000 0.000 0.000 0.000 0.000 0.000 0.000 0.000 0.000 0.000 
0.000 0.000 0.000 0.000 0.000 0.000 0.000 0.000 0.000 0.000 0.000 0.000 0.000 0.000 0.000 0.000 0.000 0.000 0.000 0.000 0.000 0.000 0.000 0.000 0.000 0.000 0.000 0.000 0.000 0.000 0.000 
