# Vol_scan Display Grid (processed)
# Grid size: 31 x 31
# Format: reflectivity
# Ref point: (-33000.000000, 9000.000000)
# Grid res: 1000.000000 meters
0.000 0.000 0.000 0.000 0.000 0.000 0.000 0.000 0.000 0.000 0.000 0.000 0.000 0.000 0.000 0.000 -0.000 0.000 0.000 0.000 0.000 0.000 0.000 0.000 0.000 0.000 0.000 0.000 0.000 0.000 0.000 
0.000 0.000 0.000 0.000 0.000 0.000 0.000 0.000 0.000 0.000 0.000 0.000 0.000 0.000 0.000 0.000 0.000 0.000 0.000 0.000 0.000 0.000 0.000 0.000 0.000 0.000 0.000 0.000 0.000 0.000 0.000 
0.000 0.000 0.000 0.000 0.000 0.000 0.000 0.000 0.000 0.000 0.000 0.000 0.000 0.000 0.000 -0.000 0.000 0.000 0.000 0.000 0.000 0.000 0.000 0.000 0.000 0.000 0.000 0.000 0.000 0.000 0.000 
0.000 0.000 0.000 0.000 0.000 0.000 0.000 0.000 0.000 0.000 0.000 0.000 0.000 0.000 0.000 -0.000 0.000 0.000 0.000 0.000 0.000 0.000 0.000 0.000 0.000 0.000 0.000 0.000 0.000 0.000 0.000 
0.000 0.000 0.000 0.000 0.000 0.000 0.000 0.000 0.000 0.000 -0.000 0.000 -0.000 -0.000 17.864 26.192 23.224 25.615 23.526 22.428 0.000 0.000 0.000 0.000 0.000 0.000 0.000 0.000 0.000 0.000 0.000 
0.000 0.000 0.000 0.000 0.000 0.000 0.000 0.000 0.000 -0.000 0.000 23.915 27.379 27.332 28.137 28.382 29.801 28.774 27.082 27.913 29.866 23.489 0.000 0.000 0.000 0.000 0.000 0.000 0.000 0.000 0.000 
0.000 0.000 0.000 0.000 0.000 0.000 0.000 0.000 0.000 0.000 23.034 29.345 26.257 26.848 28.115 28.839 27.520 27.801 27.596 28.555 28.219 27.988 23.946 0.000 0.000 0.000 0.000 0.000 0.000 0.000 0.000 
0.000 0.000 0.000 0.000 0.000 0.000 0.000 0.000 1.139 17.465 26.912 26.808 27.889 27.663 27.176 28.321 27.692 28.506 27.730 28.494 28.765 27.060 27.548 28.728 0.000 0.000 0.000 0.000 0.000 0.000 0.000 
0.000 0.000 0.000 0.000 -0.000 0.000 -0.000 0.000 22.057 28.507 25.012 26.979 27.912 28.608 26.958 26.657 28.629 26.579 28.687 27.943 28.536 29.142 28.581 26.125 26.500 0.000 0.000 0.000 0.000 0.000 0.000 
0.000 0.000 0.000 0.000 0.000 -0.000 0.000 0.200 26.715 28.718 28.839 26.682 27.476 28.100 27.533 27.034 28.227 27.908 28.093 29.976 25.870 27.033 29.498 28.384 27.830 22.809 0.000 0.000 0.000 0.000 0.000 
0.000 0.000 0.000 -0.000 0.000 0.000 0.000 22.041 27.272 26.631 26.245 29.076 25.061 28.423 27.935 26.285 27.427 27.127 28.839 29.620 25.297 28.354 27.630 30.399 27.934 26.685 0.000 0.000 -0.000 0.000 0.000 
0.000 0.000 0.000 -0.000 0.000 0.000 0.001 27.245 27.384 28.052 28.207 28.849 29.120 27.576 29.657 27.686 28.022 27.671 29.701 28.255 27.906 26.798 29.728 27.782 27.710 28.071 22.792 -0.000 0.000 0.000 0.000 
0.000 0.000 -0.000 0.000 -0.000 0.000 0.000 26.950 26.992 29.369 27.224 28.378 28.926 27.457 27.013 26.679 26.702 26.910 28.046 28.818 27.573 28.890 26.986 28.167 28.823 28.374 30.086 -0.000 -0.000 0.000 0.000 
0.000 0.000 0.000 0.000 0.000 0.000 0.132 28.603 25.949 27.429 27.309 27.850 28.430 27.907 26.958 28.411 27.509 27.099 26.275 27.425 27.165 27.293 29.229 27.897 27.981 28.025 29.535 0.000 0.000 0.000 0.000 
0.000 0.000 0.000 -0.000 -0.000 0.000 0.069 27.812 28.881 28.186 26.943 26.776 26.776 27.999 27.855 28.309 27.615 30.173 27.882 28.073 28.656 26.784 29.101 26.856 27.714 25.439 29.508 0.000 0.000 0.000 0.000 
0.000 0.000 0.000 -0.000 -0.000 0.000 0.068 27.486 27.024 27.180 28.068 27.961 27.705 29.090 28.469 29.321 28.045 27.186 28.807 27.083 27.478 28.861 26.160 28.371 28.494 27.890 27.564 -0.000 -0.000 0.000 0.000 
0.000 0.000 0.000 0.000 0.000 0.000 0.002 27.116 27.410 26.889 27.730 29.502 28.778 26.712 28.835 26.128 28.399 27.122 27.161 26.356 28.152 28.608 27.658 28.113 28.392 27.081 25.364 0.000 0.000 0.000 0.000 
0.000 0.000 0.000 0.000 0.000 0.000 0.001 28.446 29.879 28.578 27.885 28.522 27.931 29.599 27.868 27.984 27.452 27.449 28.795 26.487 27.746 26.901 26.616 28.550 28.156 26.123 0.000 0.000 0.000 0.000 0.000 
0.000 0.000 0.000 0.000 0.000 0.000 0.000 14.971 28.934 28.326 28.016 27.194 29.225 29.702 29.685 28.829 27.923 27.733 26.318 28.293 27.214 26.354 26.394 26.642 27.807 29.308 0.000 0.000 0.000 0.000 0.000 
0.000 0.000 0.000 0.000 0.000 0.000 0.013 0.002 28.506 28.103 29.076 26.276 27.057 27.868 29.116 28.017 28.142 27.719 29.904 27.747 28.612 27.919 27.521 27.401 27.735 0.000 0.000 0.000 0.000 0.000 0.000 
0.000 0.000 0.000 0.000 0.000 0.000 0.000 0.005 26.825 27.694 27.981 28.582 27.141 28.490 26.521 28.156 29.316 27.315 27.389 29.358 29.649 27.586 27.865 27.419 24.731 0.000 0.000 0.000 0.000 0.000 0.000 
0.000 0.000 0.000 0.000 0.000 0.000 0.000 5.160 5.485 28.107 29.028 27.219 27.749 27.535 28.248 27.437 28.982 26.127 29.564 27.783 27.361 29.014 26.920 28.036 21.657 0.000 0.000 0.000 0.000 0.000 0.000 
0.000 0.000 0.000 0.000 0.000 0.000 0.000 0.000 8.130 7.470 27.328 27.589 30.027 26.753 28.679 27.506 26.732 28.345 28.007 28.116 27.361 27.676 26.132 0.000 0.000 0.000 0.000 0.000 0.000 0.000 0.000 
0.000 0.000 0.000 0.000 0.000 0.000 0.000 0.000 0.000 5.680 8.610 0.003 29.537 25.725 27.946 27.942 26.824 29.212 29.023 27.044 24.056 21.022 0.000 0.000 0.000 0.000 0.000 0.000 0.000 0.000 0.000 
0.000 0.000 0.000 0.000 0.000 0.000 0.000 0.000 0.000 0.000 0.000 4.360 0.018 0.001 26.227 22.561 22.216 25.897 22.104 21.651 0.002 0.000 0.000 0.000 -0.000 0.000 0.000 0.000 0.000 0.000 0.000 
0.000 0.000 0.000 0.000 0.000 0.000 0.000 0.000 0.000 0.000 0.000 0.000 0.000 8.720 0.000 0.000 0.000 0.000 0.000 -0.000 0.000 0.000 -0.000 0.000 0.000 0.000 0.000 0.000 0.000 0.000 0.000 
0.000 0.000 0.000 0.000 0.000 0.000 0.000 0.000 0.000 0.000 0.000 0.000 0.000 0.000 0.000 0.000 0.000 0.000 0.000 0.000 0.000 0.000 -0.000 0.000 0.000 0.000 0.000 0.000 0.000 0.000 0.000 
0.000 0.000 0.000 0.000 0.000 0.000 0.000 0.000 0.000 0.000 0.000 0.000 0.000 0.000 0.000 0.000 0.000 0.000 -0.000 -0.000 0.000 0.000 -0.000 0.000 0.000 0.000 0.000 0.000 0.000 0.000 0.000 
0.000 0.000 0.000 0.000 0.000 0.000 0.000 0.000 0.000 0.000 0.000 0.000 0.000 0.000 0.000 0.000 0.000 0.000 0.000 0.000 -0.000 0.000 0.000 0.000 0.000 0.000 0.000 0.000 0.000 0.000 0.000 
0.000 0.000 0.000 0.000 0.000 0.000 0.000 0.000 0.000 0.000 0.000 0.000 0.000 0.000 0.000 0.000 0.000 0.000 0.000 0.000 0.000 0.000 -0.000 0.000 0.000 0.000 0.000 0.000 0.000 0.000 0.000 
0.000 0.000 0.000 0.000 0.000 0.000 0.000 0.000 0.000 0.000 0.000 0.000 0.000 0.000 0.000 0.000 0.000 0.000 0.000 0.000 0.000 0.000 0.000 0.000 0.000 0.000 0.000 0.000 0.000 0.000 0.000 
