# Vol_scan Display Grid (processed)
# Grid size: 30 x 29
# Format: reflectivity
# Ref point: (-86000.000000, 11000.000000)
# Grid res: 1000.000000 meters
0.000 0.000 0.000 0.000 0.000 0.000 0.000 0.000 0.000 0.000 0.000 0.000 0.000 0.000 0.000 0.000 0.000 0.000 0.000 0.000 0.000 0.000 0.000 0.000 0.000 0.000 0.000 0.000 0.000 
0.000 0.000 0.000 0.000 0.000 0.000 0.000 0.000 0.000 0.000 0.000 0.000 0.000 0.000 0.000 -0.000 -0.000 -0.000 0.000 0.000 0.000 0.000 0.000 0.000 0.000 0.000 0.000 0.000 0.000 
0.000 0.000 0.000 0.000 0.000 0.000 0.000 0.000 0.000 0.000 0.000 0.000 0.000 0.000 0.000 0.000 0.000 -0.000 0.000 0.000 0.000 0.000 0.000 0.000 0.000 0.000 0.000 0.000 0.000 
0.000 0.000 0.000 0.000 0.000 0.000 0.000 0.000 0.000 0.000 0.000 0.000 0.000 0.000 0.000 -0.000 -0.000 0.000 0.000 -0.000 0.000 0.000 0.000 0.000 0.000 0.000 0.000 0.000 0.000 
0.000 0.000 0.000 0.000 0.000 0.000 0.000 0.000 0.000 0.000 0.000 0.000 -0.000 -0.000 0.000 -0.000 0.000 0.000 0.000 0.000 0.000 0.000 0.000 0.000 0.000 0.000 0.000 0.000 0.000 
0.000 0.000 0.000 0.000 0.000 0.000 0.000 0.000 0.000 0.008 0.001 0.000 0.000 0.000 0.000 0.000 0.000 0.000 -0.000 -0.000 0.000 0.000 0.000 0.000 0.000 0.000 0.000 0.000 0.000 
0.000 0.000 0.000 0.000 0.000 0.000 0.000 7.510 0.002 0.001 0.001 1.261 6.640 11.929 9.284 6.540 11.096 0.002 0.000 -0.000 0.000 0.000 0.000 0.000 0.000 0.000 0.000 0.000 0.000 
0.000 0.000 0.000 0.000 0.000 0.000 9.060 0.006 0.087 0.749 16.778 25.134 23.489 25.692 28.043 28.211 26.200 26.229 8.467 0.003 -0.000 -0.000 0.000 0.000 0.000 0.000 0.000 0.000 0.000 
0.000 0.000 0.000 0.000 0.000 7.820 0.087 0.123 24.547 24.635 28.958 27.315 27.931 28.527 28.584 27.990 27.150 27.732 26.702 21.873 18.052 0.000 0.000 0.000 0.000 0.000 0.000 0.000 0.000 
0.000 0.000 0.000 0.000 6.750 8.340 24.541 26.527 27.566 29.055 27.175 27.043 27.329 26.272 28.006 27.855 27.308 28.335 28.298 30.178 28.160 3.094 0.000 0.000 0.000 0.000 0.000 0.000 0.000 
0.000 0.000 0.000 8.070 7.510 7.190 31.962 27.560 27.692 27.696 27.988 28.185 27.310 26.451 28.553 27.705 28.448 27.704 28.654 29.587 29.959 26.512 21.632 0.000 0.000 0.000 0.000 0.000 0.000 
0.000 0.000 0.000 7.210 5.020 36.106 27.138 28.479 27.430 29.882 28.878 27.834 27.516 28.259 27.499 28.726 26.641 28.477 26.401 27.361 27.897 26.803 27.575 0.000 0.000 0.000 0.000 0.000 0.000 
0.000 0.000 0.000 0.004 0.071 27.349 29.196 29.151 28.384 25.604 28.362 27.343 28.776 26.412 28.722 28.603 28.005 27.220 27.754 28.786 28.751 28.380 28.052 0.000 0.000 0.000 0.000 0.000 0.000 
0.000 0.000 8.010 0.155 1.254 25.449 27.781 25.149 26.225 26.680 28.895 26.080 27.666 26.493 28.769 28.346 28.800 27.563 28.051 29.675 27.584 26.013 27.777 22.861 -0.000 0.000 0.000 0.000 0.000 
0.000 0.000 0.013 0.004 25.973 28.385 26.115 28.732 27.493 26.677 25.779 28.148 26.352 28.975 27.463 30.114 28.633 27.340 27.572 27.471 28.604 28.635 28.357 26.421 -0.000 0.000 0.000 0.000 0.000 
0.000 0.000 0.000 0.001 18.357 27.177 27.589 29.753 26.665 29.204 29.203 28.745 28.654 28.337 26.405 28.029 27.541 27.485 28.690 26.017 28.710 26.924 28.238 28.379 0.000 0.000 0.000 0.000 0.000 
0.000 0.000 0.000 0.001 28.262 27.679 28.042 27.954 28.361 28.332 28.292 28.886 27.518 29.170 28.095 28.444 29.064 26.480 27.407 27.789 27.737 26.042 29.562 27.595 0.000 0.000 -0.000 0.000 0.000 
0.000 -0.000 0.000 0.000 27.331 25.351 28.206 29.073 27.269 26.856 26.158 27.718 29.512 27.227 28.003 27.185 27.510 26.821 28.530 27.909 26.716 26.517 28.390 28.807 0.000 0.000 0.000 -0.000 0.000 
0.000 0.000 0.000 0.000 27.649 26.581 27.035 26.792 29.692 28.256 28.639 27.699 28.606 28.487 29.228 26.829 28.447 27.361 28.046 26.925 27.042 28.047 26.788 26.811 0.000 0.000 -0.000 -0.000 0.000 
0.000 0.000 0.000 0.000 0.076 29.680 26.702 27.413 27.608 26.797 29.296 27.750 28.417 27.960 28.142 28.048 27.754 26.850 29.254 27.565 27.802 29.218 27.629 28.349 0.000 0.000 0.000 0.000 0.000 
0.000 0.000 0.000 0.000 0.048 27.582 27.958 29.551 28.151 27.808 28.028 29.933 27.307 28.527 28.134 26.530 27.194 28.000 28.458 28.065 29.290 28.881 28.088 20.329 0.000 0.000 0.000 0.000 0.000 
-0.000 -0.000 0.000 0.000 0.001 24.399 26.705 27.497 27.465 28.237 28.476 28.106 26.685 29.224 27.948 26.807 28.541 27.528 28.825 27.619 28.517 28.297 28.097 0.000 0.000 0.000 0.000 0.000 0.000 
-0.000 0.000 0.000 0.000 -0.000 0.106 25.687 27.504 28.441 26.700 27.098 28.237 25.338 28.262 25.853 27.711 28.220 29.675 28.025 28.008 27.630 27.175 26.754 0.000 0.000 0.000 0.000 0.000 0.000 
0.000 0.000 -0.000 0.000 -0.000 0.000 24.689 28.590 28.966 29.628 27.148 28.478 28.275 27.199 28.274 27.212 26.690 26.832 27.064 28.373 28.161 22.973 0.000 0.000 0.000 0.000 0.000 0.000 0.000 
0.000 0.000 0.000 0.000 0.000 0.000 0.000 24.578 27.656 28.622 27.327 28.620 29.649 28.762 28.990 27.335 27.540 28.227 27.474 27.879 23.599 -0.000 0.000 0.000 0.000 0.000 0.000 0.000 0.000 
0.000 0.000 0.000 0.000 0.000 0.000 0.000 0.000 15.480 27.636 27.073 28.719 27.629 26.072 30.106 27.200 28.207 28.875 26.013 21.659 0.000 0.000 0.000 0.000 0.000 0.000 0.000 0.000 0.000 
0.000 0.000 0.000 0.000 0.000 0.000 0.000 0.000 0.000 -0.000 24.915 24.066 26.740 28.172 23.391 24.434 24.939 23.772 -0.000 0.000 0.000 0.000 0.000 0.000 0.000 0.000 0.000 0.000 0.000 
0.000 0.000 0.000 0.000 0.000 0.000 0.000 0.000 0.000 0.000 0.000 0.000 0.000 17.276 0.000 0.000 0.000 0.000 0.000 0.000 0.000 0.000 0.000 0.000 0.000 0.000 0.000 0.000 0.000 
0.000 0.000 0.000 0.000 0.000 0.000 0.000 0.000 0.000 0.000 0.000 0.000 0.000 0.000 0.000 -0.000 -0.000 -0.000 -0.000 0.000 0.000 0.000 0.000 0.000 0.000 0.000 0.000 0.000 0.000 
0.000 0.000 0.000 0.000 0.000 0.000 0.000 0.000 0.000 0.000 0.000 0.000 0.000 0.000 0.000 0.000 0.000 0.000 -0.000 0.000 0.000 0.000 0.000 0.000 0.000 0.000 0.000 0.000 0.000 
