# Vol_scan Display Grid (processed)
# Grid size: 31 x 32
# Format: reflectivity
# Ref point: (-49000.000000, 11000.000000)
# Grid res: 1000.000000 meters
0.000 0.000 0.000 0.000 0.000 0.000 0.000 0.000 0.000 -0.000 0.000 0.000 0.000 0.000 0.000 0.000 0.000 0.000 0.000 0.000 0.000 0.000 0.000 0.000 0.000 0.000 0.000 0.000 0.000 0.000 0.000 0.000 
0.000 0.000 0.000 0.000 0.000 0.000 0.000 0.000 0.000 0.000 -0.000 0.000 0.000 0.000 0.000 0.000 0.000 0.000 0.000 0.000 0.000 0.000 0.000 0.000 0.000 0.000 0.000 0.000 0.000 0.000 0.000 0.000 
0.000 0.000 0.000 0.000 0.000 0.000 0.000 -0.000 -0.000 0.000 0.000 0.000 -0.000 -0.000 0.000 0.000 0.000 0.000 0.000 0.000 0.000 0.000 0.000 0.000 0.000 0.000 0.000 0.000 0.000 0.000 0.000 0.000 
0.000 0.000 0.000 0.000 0.000 0.000 0.000 -0.000 0.000 0.000 -0.000 0.000 0.000 0.000 0.000 -0.000 0.000 0.000 0.000 0.000 0.000 0.000 0.000 0.000 0.000 0.000 0.000 0.000 0.000 0.000 0.000 0.000 
0.000 0.000 0.000 0.000 0.000 0.000 0.000 0.000 0.000 -0.000 0.000 0.000 0.004 0.003 0.004 0.004 0.000 0.039 0.000 0.000 0.000 0.000 0.000 0.000 0.000 0.000 0.000 0.000 0.000 0.000 0.000 0.000 
0.000 0.000 0.000 0.000 0.000 0.000 -0.000 0.000 0.000 0.000 0.039 21.652 20.959 23.542 23.763 23.505 21.760 16.252 0.106 5.455 6.040 0.000 0.000 0.000 0.000 0.000 0.000 0.000 0.000 0.000 0.000 0.000 
0.000 0.000 0.000 0.000 0.000 0.000 -0.000 0.000 0.000 17.085 27.021 25.689 27.498 28.002 27.264 27.649 27.486 28.112 23.111 15.489 5.846 5.790 0.000 0.000 0.000 0.000 0.000 0.000 0.000 0.000 0.000 0.000 
0.000 0.000 0.000 0.000 0.000 0.000 0.001 25.671 27.274 28.377 27.576 26.126 27.313 27.318 27.323 28.929 28.318 28.848 28.375 28.692 25.830 5.957 5.573 0.000 0.000 0.000 0.000 0.000 0.000 0.000 0.000 0.000 
0.000 0.000 0.000 0.000 0.000 0.000 0.266 26.255 27.907 28.457 28.486 26.700 27.986 27.771 27.087 27.842 25.799 27.451 26.533 26.854 28.184 28.429 0.093 0.070 0.000 0.000 0.000 0.000 0.000 0.000 0.000 0.000 
0.000 0.000 0.000 0.000 0.000 0.000 27.057 28.079 27.829 28.410 27.658 28.934 27.947 29.920 27.260 26.831 27.697 26.083 27.213 27.061 27.494 27.496 20.657 0.001 0.000 0.000 0.000 0.000 0.000 0.000 0.000 0.000 
0.000 0.000 0.000 0.000 -0.000 24.754 28.274 27.582 28.927 26.566 28.248 27.304 28.936 28.055 28.363 25.986 26.740 29.003 26.698 29.321 26.830 27.981 30.194 0.003 0.000 0.000 0.000 0.000 0.000 0.000 0.000 0.000 
0.000 0.000 0.000 -0.000 0.000 27.247 28.454 27.195 27.496 27.072 28.974 28.316 28.062 27.567 30.613 26.245 26.989 27.516 26.851 26.727 26.860 27.047 27.728 28.436 0.000 0.000 0.000 0.000 0.000 0.000 0.000 0.000 
0.000 0.000 0.000 0.000 25.514 27.778 28.417 26.647 26.945 27.761 28.794 28.295 29.906 28.871 27.623 29.145 28.764 27.996 27.426 27.565 27.472 26.914 27.738 26.236 0.001 0.000 -0.000 0.000 0.000 0.000 0.000 0.000 
0.000 0.000 0.000 0.000 23.384 27.821 27.151 25.858 28.760 27.214 26.695 27.332 27.215 27.542 27.510 28.490 27.392 27.697 28.249 27.043 29.232 27.457 26.767 28.231 0.001 0.000 0.000 -0.000 0.000 0.000 0.000 0.000 
0.000 0.000 0.000 0.000 27.567 27.235 27.277 27.781 27.860 27.206 29.462 27.126 26.804 30.005 28.099 27.797 27.619 29.140 27.379 25.980 28.236 27.820 27.257 28.199 0.001 0.000 0.000 0.000 -0.000 0.000 0.000 0.000 
0.000 0.000 0.000 -0.000 27.236 29.285 26.647 28.205 26.812 27.287 26.698 27.413 40.709 42.707 44.270 43.315 38.384 29.718 28.549 28.266 28.128 29.023 28.603 27.207 6.965 0.000 0.000 0.000 0.000 -0.000 -0.000 0.000 
0.000 0.000 0.000 -0.000 28.416 26.768 27.829 27.797 26.502 26.475 27.047 41.833 45.587 44.631 47.983 45.373 45.458 41.920 26.561 27.425 26.619 27.362 28.223 29.332 7.148 0.000 0.000 0.000 0.000 0.000 0.000 0.000 
0.000 -0.000 0.000 -0.000 27.109 28.262 27.320 27.424 26.803 26.359 45.819 46.025 46.732 46.166 45.385 45.917 43.770 45.531 39.874 28.240 29.043 27.266 26.842 27.763 0.001 0.000 0.000 0.000 0.000 0.000 0.000 0.000 
0.000 -0.000 0.000 0.000 0.000 26.975 27.002 26.808 26.724 27.444 45.329 46.018 45.148 43.537 43.255 45.864 44.991 43.698 45.901 26.786 28.756 29.373 27.557 27.608 0.000 0.000 0.000 -0.000 0.000 0.000 0.000 0.000 
0.000 -0.000 -0.000 -0.000 0.000 28.480 28.449 28.057 27.726 40.171 45.977 44.701 46.713 44.202 44.454 44.512 43.798 45.685 45.274 26.624 27.393 28.790 26.641 23.329 -0.000 -0.000 0.000 0.000 0.000 0.000 0.000 0.000 
0.000 0.000 0.000 0.000 -0.000 -0.000 29.829 29.010 27.076 46.176 45.581 46.633 45.658 45.005 45.555 45.295 46.255 44.220 48.533 44.290 27.820 27.887 29.354 0.000 0.000 -0.000 -0.000 0.000 0.000 0.000 0.000 0.000 
0.000 0.000 0.000 0.000 0.000 0.000 26.846 30.200 28.018 42.618 46.215 45.281 46.339 44.721 44.124 45.116 44.595 44.101 43.996 38.141 26.943 27.365 23.729 0.000 0.000 -0.000 0.000 0.000 0.000 0.000 0.000 0.000 
0.000 0.000 0.000 0.000 0.000 0.000 0.000 24.624 27.605 28.637 44.908 45.811 44.904 49.318 45.115 45.481 42.842 42.839 45.554 27.578 28.301 23.000 -0.000 0.000 0.000 0.000 0.000 0.000 0.000 0.000 0.000 0.000 
0.000 0.000 0.000 0.000 0.000 0.000 0.000 0.000 25.552 28.479 43.077 44.287 43.533 44.588 44.407 44.935 45.146 45.503 27.970 23.644 -0.000 0.000 0.000 0.000 0.000 0.000 0.000 0.000 0.000 0.000 0.000 0.000 
0.000 0.000 0.000 0.000 0.000 0.000 0.000 0.000 0.000 27.440 23.281 45.942 46.206 44.381 47.182 43.613 46.451 31.048 23.664 0.000 -0.000 0.000 0.000 0.000 0.000 0.000 0.000 0.000 0.000 0.000 0.000 0.000 
0.000 0.000 0.000 0.000 0.000 0.000 0.000 0.000 0.000 0.000 0.000 15.562 33.020 42.148 40.115 38.441 20.126 -0.000 0.000 0.000 0.000 0.000 0.000 0.000 0.000 0.000 0.000 0.000 0.000 0.000 0.000 0.000 
0.000 0.000 0.000 0.000 0.000 0.000 0.000 0.000 0.000 0.000 0.000 0.000 -0.000 -0.000 0.000 0.000 0.000 -0.000 0.000 -0.000 0.000 0.000 0.000 0.000 0.000 0.000 0.000 0.000 0.000 0.000 0.000 0.000 
0.000 0.000 0.000 0.000 0.000 0.000 0.000 0.000 0.000 0.000 0.000 0.000 0.000 -0.000 0.000 0.000 -0.000 -0.000 -0.000 0.000 0.000 0.000 0.000 0.000 0.000 0.000 0.000 0.000 0.000 0.000 0.000 0.000 
0.000 0.000 0.000 0.000 0.000 0.000 0.000 0.000 0.000 0.000 0.000 0.000 0.000 0.000 -0.000 -0.000 0.000 0.000 0.000 0.000 0.000 0.000 0.000 0.000 0.000 0.000 0.000 0.000 0.000 0.000 0.000 0.000 
0.000 0.000 0.000 0.000 0.000 0.000 0.000 0.000 0.000 0.000 0.000 0.000 0.000 0.000 0.000 0.000 0.000 0.000 0.000 0.000 0.000 0.000 0.000 0.000 0.000 0.000 0.000 0.000 0.000 0.000 0.000 0.000 
0.000 0.000 0.000 0.000 0.000 0.000 0.000 0.000 0.000 0.000 0.000 0.000 0.000 0.000 0.000 0.000 0.000 0.000 0.000 0.000 0.000 0.000 0.000 0.000 0.000 0.000 0.000 0.000 0.000 0.000 0.000 0.000 
