# Vol_scan Display Grid (processed)
# Grid size: 31 x 23
# Format: reflectivity
# Ref point: (-64000.000000, 15000.000000)
# Grid res: 1000.000000 meters
0.000 0.000 0.000 0.000 0.000 0.000 0.000 0.000 0.000 0.000 0.000 0.000 0.000 0.000 0.000 0.000 0.000 0.000 0.000 0.000 0.000 0.000 0.000 
0.000 0.000 0.000 0.000 0.000 0.000 0.000 0.000 0.000 0.000 0.000 0.000 0.000 0.000 0.000 0.000 0.000 0.000 0.000 0.000 0.000 0.000 0.000 
0.000 0.000 -0.000 0.000 0.000 -0.000 0.000 0.000 0.000 0.000 0.000 0.000 0.000 0.000 0.000 0.000 0.000 0.000 0.000 0.000 0.000 0.000 0.000 
0.000 0.000 0.000 -0.000 -0.000 0.000 -0.000 0.000 0.000 0.000 0.000 0.000 0.000 0.000 0.000 0.000 0.000 0.000 0.000 0.000 0.000 0.000 0.000 
0.000 0.000 0.000 0.000 -0.000 0.000 0.000 0.000 0.000 0.000 4.205 -0.000 0.000 0.000 0.000 0.000 0.000 0.000 0.000 0.000 0.000 0.000 0.000 
0.000 -0.000 0.000 0.000 0.000 0.078 7.611 22.187 22.353 22.086 26.693 24.171 22.513 19.968 0.000 0.000 0.000 0.000 0.000 0.000 0.000 0.000 0.000 
0.000 0.000 0.000 0.000 1.394 21.087 26.011 26.613 29.287 28.102 28.875 27.059 28.609 29.136 26.552 25.036 0.000 0.000 0.000 0.000 0.000 0.000 0.000 
0.000 0.000 0.004 1.886 25.709 25.580 27.780 28.866 25.549 27.399 28.141 27.165 26.562 27.849 28.793 29.697 28.766 0.000 0.000 0.000 0.000 0.000 0.000 
0.000 0.000 1.299 26.930 27.213 28.754 27.880 27.766 27.282 27.492 29.991 29.277 26.761 28.607 28.957 28.367 28.104 22.947 0.000 0.000 -0.000 -0.000 0.000 
0.000 0.004 27.725 27.902 27.541 26.097 28.011 30.403 27.241 28.205 26.658 26.843 27.432 27.740 29.709 29.208 28.318 25.992 24.495 0.000 0.000 0.000 0.000 
0.010 22.480 27.222 28.374 28.699 28.281 27.786 28.453 27.494 29.400 26.410 28.261 28.484 28.179 28.326 27.779 27.112 27.428 29.103 0.000 0.000 0.000 0.000 
0.004 27.152 27.746 28.582 29.421 28.868 28.167 27.660 26.954 29.503 26.949 26.711 27.633 26.300 28.252 27.355 29.231 27.429 28.232 26.866 -0.000 0.000 0.000 
7.211 27.094 29.848 28.987 28.282 27.842 28.269 28.797 28.368 27.547 28.050 30.255 28.114 27.211 28.105 29.376 28.329 29.328 27.843 28.047 -0.000 0.000 0.000 
13.666 28.596 28.533 27.306 29.095 28.558 27.913 28.362 26.417 28.448 27.119 26.663 27.495 27.661 27.006 27.118 28.010 26.231 26.925 28.355 0.000 0.000 0.000 
13.870 27.458 29.158 29.175 26.658 27.828 28.218 26.283 30.304 26.636 28.502 27.557 28.380 27.746 29.355 30.383 28.540 27.785 28.137 29.309 0.000 0.000 0.000 
26.312 28.260 28.418 26.981 28.439 30.231 26.073 27.420 27.795 25.305 26.492 26.610 26.818 27.329 28.398 27.651 27.323 27.435 27.817 27.977 0.000 0.000 0.000 
25.447 27.186 27.152 29.407 29.396 28.102 25.879 26.147 25.043 25.891 25.306 25.225 26.266 27.975 27.206 27.698 28.013 28.812 28.318 27.259 -0.000 0.000 0.000 
20.997 27.829 29.102 27.624 28.754 27.164 27.132 25.259 25.804 26.581 25.839 26.279 26.439 25.551 26.743 28.376 28.529 28.243 29.223 27.040 -0.000 0.000 0.000 
2.880 27.271 29.701 25.522 26.358 28.466 25.636 24.586 25.275 26.366 25.718 26.824 26.686 25.480 27.268 29.239 28.818 27.042 27.318 26.465 0.000 0.000 0.000 
0.036 25.910 29.617 28.085 26.437 25.576 24.226 25.662 25.338 26.739 25.591 27.371 26.592 27.057 26.691 27.635 28.214 28.015 27.371 21.911 0.000 0.000 0.000 
0.000 0.508 28.437 26.873 27.803 26.194 25.830 24.998 25.588 25.039 25.137 26.143 26.146 24.560 26.700 28.658 26.352 29.532 28.693 0.000 -0.000 -0.000 0.000 
0.000 0.001 26.503 28.016 27.083 28.530 25.353 25.661 25.285 24.280 24.434 25.579 25.439 27.782 25.385 28.785 28.288 26.433 19.158 0.000 0.000 0.000 0.000 
0.000 0.000 0.002 23.585 28.335 27.420 24.577 26.771 25.596 24.493 27.452 27.533 26.284 27.172 25.816 27.560 28.869 24.463 0.000 0.000 0.000 0.000 0.000 
0.000 0.000 0.000 0.001 23.374 29.601 26.178 26.546 25.034 25.421 23.824 25.173 26.839 26.148 26.953 26.551 29.279 0.000 0.000 0.000 0.000 0.000 0.000 
0.000 0.000 0.000 0.000 0.002 5.597 23.148 27.337 26.531 25.326 25.740 24.072 25.521 25.201 25.652 27.014 0.000 0.000 0.000 0.000 0.000 0.000 0.000 
0.000 0.000 0.000 0.000 0.000 0.000 0.000 0.002 19.878 20.401 22.282 20.596 25.737 0.000 0.000 0.000 0.000 0.000 0.000 0.000 0.000 0.000 0.000 
0.000 0.000 -0.000 0.000 0.000 -0.000 0.000 0.000 0.000 0.000 0.000 0.000 0.000 0.000 0.000 0.000 0.000 0.000 0.000 0.000 0.000 0.000 0.000 
0.000 -0.000 0.000 0.000 0.000 0.000 0.000 0.000 0.000 0.000 0.000 0.000 0.000 0.000 0.000 0.000 0.000 0.000 0.000 0.000 0.000 0.000 0.000 
0.000 -0.000 0.000 0.000 0.000 -0.000 -0.000 0.000 0.000 0.000 0.000 0.000 0.000 0.000 0.000 0.000 0.000 0.000 0.000 0.000 0.000 0.000 0.000 
0.000 0.000 0.000 0.000 0.000 0.000 0.000 0.000 0.000 0.000 0.000 0.000 0.000 0.000 0.000 0.000 0.000 0.000 0.000 0.000 0.000 0.000 0.000 
0.000 0.000 0.000 0.000 0.000 0.000 0.000 0.000 0.000 0.000 0.000 0.000 0.000 0.000 0.000 0.000 0.000 0.000 0.000 0.000 0.000 0.000 0.000 
