# Vol_scan Display Grid (processed)
# Grid size: 31 x 23
# Format: reflectivity
# Ref point: (-65000.000000, 15000.000000)
# Grid res: 1000.000000 meters
0.000 0.000 0.000 0.000 0.000 0.000 0.000 0.000 0.000 0.000 0.000 0.000 0.000 0.000 0.000 0.000 0.000 0.000 0.000 0.000 0.000 0.000 0.000 
0.000 -0.000 0.000 0.000 0.000 0.000 -0.000 0.000 0.000 0.000 0.000 0.000 0.000 0.000 0.000 0.000 0.000 0.000 0.000 0.000 0.000 0.000 0.000 
0.000 -0.000 0.000 0.000 0.000 0.000 -0.000 0.000 -0.000 0.000 0.000 0.000 0.000 0.000 0.000 0.000 0.000 0.000 0.000 0.000 0.000 0.000 0.000 
0.000 0.000 -0.000 0.000 0.000 -0.000 0.000 0.000 -0.000 0.000 -0.000 -0.000 0.000 0.000 0.000 0.000 0.000 0.000 0.000 0.000 0.000 0.000 0.000 
0.000 0.000 0.000 -0.000 0.000 0.000 0.000 0.000 0.323 12.296 9.499 5.934 0.000 0.000 0.000 0.000 0.000 0.000 0.000 0.000 0.000 0.000 0.000 
0.000 0.000 0.000 0.000 0.000 0.053 2.430 23.632 25.181 23.290 29.137 26.168 24.605 24.378 13.408 0.000 0.000 0.000 0.000 0.000 0.000 0.000 0.000 
0.000 0.000 0.000 0.037 2.316 23.179 25.067 30.671 27.876 28.862 30.107 27.891 29.717 28.483 27.924 24.585 0.000 0.000 0.000 0.000 0.000 0.000 0.000 
0.000 0.000 0.003 10.717 27.506 28.810 29.043 27.287 28.811 28.178 26.461 27.363 27.612 28.618 29.257 27.697 27.194 24.252 0.000 0.000 0.000 0.000 0.000 
0.000 0.000 21.156 26.059 27.701 27.400 27.877 27.440 27.441 27.820 27.373 26.013 28.025 28.067 26.837 29.271 27.989 29.411 0.000 0.000 0.000 0.000 0.000 
0.000 0.003 28.134 26.526 27.736 28.101 28.279 27.608 29.104 28.974 27.424 29.031 28.161 27.396 28.659 28.433 28.390 27.371 26.694 0.000 -0.000 -0.000 0.000 
0.075 24.956 28.637 29.956 28.385 27.184 28.151 28.482 26.394 27.324 27.250 27.315 27.197 27.285 27.958 26.572 26.935 27.333 26.329 0.000 0.000 0.000 0.000 
0.165 28.447 26.673 27.850 27.685 26.910 29.317 26.509 27.548 28.369 30.578 26.601 27.439 27.625 28.038 27.413 28.301 28.351 27.162 27.225 0.000 0.000 0.000 
23.684 28.185 29.406 29.367 27.334 26.805 27.983 27.604 28.706 27.094 28.275 26.961 27.417 28.774 28.596 27.040 27.589 28.297 27.656 28.737 -0.000 0.000 0.000 
18.424 29.284 28.281 28.414 28.534 26.989 27.049 28.171 28.090 28.622 28.339 27.969 28.648 26.338 27.564 28.627 26.996 26.740 28.089 28.008 -0.000 0.000 0.000 
23.778 29.363 28.134 27.406 28.979 26.768 28.430 28.464 27.977 26.934 28.046 28.943 27.475 27.491 28.792 28.206 28.657 27.476 29.207 27.366 0.000 0.000 0.000 
23.086 27.248 28.273 28.820 28.830 28.077 26.733 26.556 27.599 28.713 27.343 26.599 26.988 26.372 25.984 29.397 27.288 25.998 27.497 28.236 0.000 0.000 0.000 
14.888 27.751 27.656 28.824 28.877 29.294 30.178 24.623 23.170 26.345 26.098 27.101 26.003 25.269 28.466 28.503 27.857 27.336 28.014 29.256 0.000 0.000 0.000 
0.419 27.808 27.532 27.112 27.629 27.693 26.053 24.574 26.277 25.368 24.875 25.642 23.665 25.819 26.019 29.623 27.522 28.139 27.024 28.177 -0.000 0.000 0.000 
0.979 28.105 28.190 26.400 28.567 29.270 23.713 23.813 24.062 26.064 26.338 23.928 25.625 27.968 24.715 28.185 28.352 29.287 26.600 26.699 -0.000 0.000 0.000 
0.008 25.153 28.000 28.275 28.907 27.928 26.261 24.127 27.462 24.480 25.785 24.745 24.349 26.148 25.994 28.985 29.657 26.871 26.681 18.846 0.000 0.000 0.000 
-0.000 0.385 28.761 29.719 26.829 27.571 26.412 23.724 24.891 27.366 24.977 25.943 26.055 25.235 26.174 27.927 27.174 28.337 26.864 0.000 0.000 0.000 0.000 
0.000 0.000 19.354 28.279 28.309 26.617 25.987 23.375 25.585 24.489 25.583 27.230 25.910 26.071 26.588 27.823 26.600 27.820 19.597 0.000 0.000 0.000 0.000 
0.000 0.000 0.001 25.918 28.331 26.920 26.552 25.005 25.750 25.224 25.825 26.384 24.921 25.933 24.710 29.332 28.662 16.489 0.000 0.000 0.000 0.000 0.000 
0.000 0.000 0.000 0.000 19.467 26.893 26.616 25.375 24.589 25.636 25.560 25.648 25.754 24.744 27.586 27.994 25.640 0.000 0.000 0.000 0.000 0.000 0.000 
0.000 -0.000 0.000 0.000 0.000 0.001 25.349 24.373 27.584 24.737 24.949 24.688 26.424 27.494 25.743 0.000 0.000 0.000 0.000 0.000 0.000 0.000 0.000 
0.000 0.000 0.000 0.000 0.000 0.000 0.000 0.000 0.000 0.000 22.398 19.472 0.000 0.000 0.000 0.000 0.000 0.000 0.000 0.000 0.000 0.000 0.000 
0.000 0.000 0.000 -0.000 -0.000 0.000 -0.000 0.000 -0.000 0.000 0.000 0.000 0.000 0.000 0.000 0.000 0.000 0.000 0.000 0.000 0.000 0.000 0.000 
0.000 0.000 -0.000 0.000 -0.000 0.000 0.000 0.000 0.000 0.000 0.000 0.000 0.000 0.000 0.000 0.000 0.000 0.000 0.000 0.000 0.000 0.000 0.000 
0.000 0.000 0.000 -0.000 0.000 0.000 0.000 0.000 0.000 0.000 0.000 0.000 0.000 0.000 0.000 0.000 0.000 0.000 0.000 0.000 0.000 0.000 0.000 
0.000 0.000 0.000 0.000 0.000 0.000 0.000 0.000 0.000 0.000 0.000 0.000 0.000 0.000 0.000 0.000 0.000 0.000 0.000 0.000 0.000 0.000 0.000 
0.000 0.000 0.000 0.000 0.000 0.000 0.000 0.000 0.000 0.000 0.000 0.000 0.000 0.000 0.000 0.000 0.000 0.000 0.000 0.000 0.000 0.000 0.000 
