# Vol_scan Display Grid (processed)
# Grid size: 31 x 29
# Format: reflectivity
# Ref point: (-37000.000000, 12000.000000)
# Grid res: 1000.000000 meters
0.000 0.000 0.000 0.000 0.000 0.000 0.000 0.000 0.000 0.000 0.000 0.000 0.000 0.000 0.000 0.000 0.000 0.000 0.000 0.000 0.000 0.000 0.000 0.000 0.000 0.000 0.000 0.000 0.000 
0.000 0.000 0.000 0.000 0.000 0.000 0.000 0.000 0.000 0.000 0.000 -0.000 0.000 -0.000 0.000 0.000 0.000 0.000 0.000 0.000 0.000 0.000 0.000 0.000 0.000 0.000 0.000 0.000 0.000 
0.000 0.000 0.000 0.000 0.000 0.000 0.000 0.000 0.000 0.000 0.000 -0.000 0.000 0.000 0.000 0.000 0.000 0.000 0.000 0.000 0.000 0.000 0.000 0.000 0.000 0.000 0.000 0.000 0.000 
0.000 0.000 0.000 0.000 0.000 0.000 0.000 0.000 0.000 -0.000 -0.000 0.000 -0.000 0.000 0.000 -0.000 0.000 0.000 0.000 0.000 0.000 0.000 0.000 0.000 0.000 0.000 0.000 0.000 0.000 
0.000 0.000 0.000 0.000 0.000 0.000 0.000 0.000 0.000 0.000 0.000 -0.000 0.000 0.000 0.000 0.000 -0.000 0.000 0.000 0.000 0.000 0.000 0.000 0.000 0.000 0.000 0.000 0.000 0.000 
0.000 0.000 0.000 0.000 0.000 0.000 0.000 0.000 0.000 0.000 0.000 0.000 0.000 0.000 0.001 0.001 0.000 0.000 0.045 6.420 0.000 0.000 0.000 0.000 0.000 0.000 0.000 0.000 0.000 
0.000 0.000 0.000 0.000 0.000 0.000 0.000 -0.000 -0.000 8.668 10.079 19.193 23.176 19.167 21.224 22.210 6.566 1.294 0.072 0.044 6.380 0.000 0.000 0.000 0.000 0.000 0.000 0.000 0.000 
0.000 0.000 0.000 0.000 0.000 0.000 -0.000 0.002 6.571 24.651 28.326 28.667 26.612 27.694 27.535 25.203 26.996 23.284 20.139 0.079 0.039 4.440 0.000 0.000 0.000 0.000 0.000 0.000 0.000 
0.000 0.000 0.000 0.000 0.000 0.000 0.000 23.210 28.093 27.579 28.074 26.000 26.497 27.244 27.381 26.233 27.857 28.363 28.537 25.585 22.111 4.913 5.480 0.000 0.000 0.000 0.000 0.000 0.000 
0.000 0.000 0.000 0.000 0.000 0.032 23.253 28.104 27.923 27.866 28.418 27.879 28.168 28.222 28.562 29.027 26.998 28.447 26.858 28.033 26.765 6.266 5.560 6.380 0.000 0.000 0.000 0.000 0.000 
0.000 0.000 0.000 0.000 0.000 27.043 27.739 29.223 29.113 27.908 27.581 26.094 26.941 28.420 26.638 29.579 28.478 25.777 27.701 27.280 28.220 29.021 6.076 6.620 0.000 0.000 0.000 0.000 0.000 
0.000 0.000 0.000 0.000 0.000 28.879 27.913 28.336 29.881 27.892 28.032 27.086 27.592 27.508 26.223 27.102 26.937 28.179 27.749 27.965 27.870 27.999 5.422 0.137 5.540 0.000 0.000 0.000 0.000 
0.000 0.000 0.000 0.000 26.178 28.817 27.546 27.674 28.295 28.859 28.752 29.202 25.920 27.617 28.523 27.380 27.586 26.789 26.444 27.824 27.291 28.345 26.082 0.083 0.022 6.590 0.000 0.000 0.000 
0.000 0.000 -0.000 0.000 28.129 26.341 27.031 27.142 27.797 27.818 28.537 28.629 27.531 27.587 27.212 26.395 26.980 28.153 26.504 26.007 26.313 28.167 27.203 0.953 0.006 0.000 0.000 0.000 0.000 
0.000 0.000 0.000 24.109 27.671 28.004 25.552 28.282 28.046 27.853 26.186 28.536 28.149 27.999 27.817 28.517 28.191 26.490 27.135 29.134 26.336 27.739 28.632 1.206 0.000 0.004 0.000 0.000 0.000 
0.000 0.000 0.000 27.579 27.425 28.060 28.447 25.798 27.509 27.441 26.917 27.832 28.939 27.073 28.417 27.627 28.620 28.333 27.715 26.445 29.085 27.290 29.148 16.397 0.000 0.001 0.000 0.000 0.000 
0.000 0.000 0.000 26.530 28.298 27.207 28.196 28.765 27.394 27.121 26.855 26.460 27.772 27.581 29.955 27.408 27.809 27.849 27.569 28.638 28.834 28.472 27.497 1.023 0.000 0.000 -0.000 0.000 0.000 
0.000 0.000 -0.000 23.755 28.406 26.565 28.233 28.233 28.421 27.917 26.862 27.619 27.292 28.727 28.912 27.760 30.018 28.044 26.187 26.860 26.795 29.299 27.677 0.004 0.000 0.000 0.000 -0.000 0.000 
0.000 -0.000 0.000 15.197 26.417 27.173 26.361 28.282 27.584 26.560 28.885 27.606 29.370 29.188 27.078 27.918 28.969 28.084 28.143 27.461 28.545 26.771 27.550 0.003 0.000 0.000 0.000 -0.000 0.000 
0.000 -0.000 0.000 -0.000 27.303 28.633 27.810 28.393 26.854 27.647 27.592 27.009 27.541 27.563 27.434 27.262 28.050 27.992 27.024 27.649 27.821 26.679 27.696 0.038 0.000 -0.000 0.000 -0.000 0.000 
0.000 0.000 -0.000 0.000 25.800 28.188 28.795 27.365 27.383 27.182 27.636 27.412 27.320 27.277 28.714 28.277 29.012 30.539 27.982 28.808 26.050 27.025 24.483 0.000 -0.000 -0.000 -0.000 -0.000 -0.000 
0.000 0.000 0.000 0.000 20.819 25.959 28.235 28.296 27.464 28.718 28.278 27.227 28.365 27.478 27.831 27.824 28.692 27.727 28.787 27.075 27.962 26.420 23.443 0.000 0.000 -0.000 0.000 0.000 0.000 
0.000 0.000 0.000 0.000 0.000 25.286 27.557 27.193 27.861 28.594 26.609 28.558 28.330 28.822 27.611 28.676 27.358 27.843 28.027 28.403 27.541 23.769 0.000 0.000 0.000 0.000 0.000 -0.000 0.000 
0.000 0.000 0.000 0.000 0.000 -0.000 26.027 28.182 26.292 28.982 27.769 28.464 28.573 27.017 28.131 27.758 27.649 28.863 28.843 28.720 24.825 0.000 -0.000 0.000 0.000 0.000 0.000 0.000 0.000 
0.000 0.000 0.000 0.000 0.000 0.000 -0.000 25.507 27.175 29.043 27.676 28.402 26.663 27.786 28.009 27.458 27.856 26.932 26.537 24.189 0.001 0.000 -0.000 -0.000 0.000 0.000 0.000 0.000 0.000 
0.000 0.000 0.000 0.000 0.000 0.000 0.000 0.000 23.355 26.111 27.984 27.592 28.226 28.427 27.374 27.672 27.087 25.283 17.639 -0.000 0.000 -0.000 0.000 0.000 0.000 0.000 0.000 0.000 0.000 
0.000 0.000 0.000 0.000 0.000 0.000 0.000 0.000 0.000 0.000 19.559 22.271 22.184 25.370 23.503 23.301 21.534 0.000 0.000 0.000 0.000 0.000 0.000 0.000 0.000 0.000 0.000 0.000 0.000 
0.000 0.000 0.000 0.000 0.000 0.000 0.000 0.000 0.000 -0.000 0.000 0.000 0.000 0.000 0.000 -0.000 0.000 -0.000 0.000 0.000 0.000 0.000 0.000 0.000 0.000 0.000 0.000 0.000 0.000 
0.000 0.000 0.000 0.000 0.000 0.000 0.000 0.000 0.000 0.000 0.000 0.000 0.000 0.000 0.000 0.000 0.000 0.000 0.000 0.000 0.000 0.000 0.000 0.000 0.000 0.000 0.000 0.000 0.000 
0.000 0.000 0.000 0.000 0.000 0.000 0.000 0.000 0.000 0.000 0.000 0.000 0.000 0.000 0.000 0.000 0.000 0.000 0.000 0.000 0.000 0.000 0.000 0.000 0.000 0.000 0.000 0.000 0.000 
0.000 0.000 0.000 0.000 0.000 0.000 0.000 0.000 0.000 0.000 0.000 0.000 0.000 0.000 0.000 0.000 0.000 0.000 0.000 0.000 0.000 0.000 0.000 0.000 0.000 0.000 0.000 0.000 0.000 
