# Vol_scan Display Grid (processed)
# Grid size: 31 x 30
# Format: reflectivity
# Ref point: (-41000.000000, 12000.000000)
# Grid res: 1000.000000 meters
0.000 0.000 0.000 0.000 0.000 0.000 0.000 0.000 0.000 0.000 0.000 0.000 0.000 0.000 0.000 0.000 0.000 0.000 0.000 0.000 0.000 0.000 0.000 0.000 0.000 0.000 0.000 0.000 0.000 0.000 
0.000 0.000 0.000 0.000 0.000 0.000 0.000 0.000 -0.000 0.000 -0.000 0.000 0.000 0.000 0.000 0.000 0.000 0.000 0.000 0.000 0.000 0.000 0.000 0.000 0.000 0.000 0.000 0.000 0.000 0.000 
0.000 0.000 0.000 0.000 0.000 0.000 0.000 0.000 0.000 0.000 0.000 0.000 0.000 0.000 0.000 0.000 0.000 0.000 0.000 0.000 0.000 0.000 0.000 0.000 0.000 0.000 0.000 0.000 0.000 0.000 
0.000 0.000 0.000 0.000 0.000 0.000 0.000 0.000 0.000 0.000 0.000 0.000 0.000 0.000 0.000 -0.000 0.000 0.000 0.000 0.000 0.000 0.000 0.000 0.000 0.000 0.000 0.000 0.000 0.000 0.000 
0.000 0.000 0.000 0.000 0.000 0.000 0.000 0.000 0.000 0.000 0.000 0.000 0.000 0.001 0.000 0.001 0.000 0.000 0.000 0.000 0.000 0.000 0.000 0.000 0.000 0.000 0.000 0.000 0.000 0.000 
0.000 0.000 0.000 0.000 0.000 0.000 0.000 -0.000 0.000 0.001 0.910 10.805 18.734 15.568 14.992 0.187 0.307 0.007 2.762 0.000 0.000 0.000 0.000 0.000 0.000 0.000 0.000 0.000 0.000 0.000 
0.000 0.000 0.000 0.000 0.000 0.000 -0.000 0.000 3.798 18.829 28.214 28.600 27.886 28.177 26.600 27.148 25.295 25.122 1.720 6.039 0.000 0.000 0.000 0.000 0.000 0.000 0.000 0.000 0.000 0.000 
0.000 0.000 0.000 0.000 0.000 0.000 0.000 25.787 27.471 26.129 26.896 26.918 27.142 28.469 27.600 27.822 27.264 27.506 23.832 35.246 6.054 0.000 0.000 0.000 0.000 0.000 0.000 0.000 0.000 0.000 
0.000 0.000 0.000 0.000 0.000 0.002 23.634 27.481 27.788 26.481 27.828 29.366 26.590 27.970 27.280 27.287 28.148 28.058 27.330 28.039 26.711 4.888 0.000 0.000 0.000 0.000 0.000 0.000 0.000 0.000 
0.000 0.000 0.000 0.000 0.000 7.365 26.681 27.735 27.920 26.840 27.229 27.154 26.495 28.320 27.403 26.893 28.047 30.139 27.267 28.703 27.394 27.375 5.376 0.000 0.000 0.000 0.000 0.000 0.000 0.000 
0.000 0.000 0.000 0.000 18.262 27.392 26.538 28.330 27.785 27.527 27.783 26.490 27.319 28.089 27.283 25.906 27.684 28.350 28.778 28.544 30.521 27.018 1.105 0.120 0.000 0.000 0.000 0.000 0.000 0.000 
0.000 0.000 0.000 -0.000 28.885 27.869 28.251 27.955 26.968 26.624 27.750 28.714 27.097 27.340 27.287 28.565 28.686 28.783 26.865 28.453 27.157 28.469 23.115 0.006 0.000 0.000 0.000 0.000 0.000 0.000 
0.000 0.000 0.000 -0.000 27.094 29.751 29.084 28.070 27.043 26.733 27.466 27.357 27.962 27.896 27.866 28.480 26.566 28.865 28.005 27.834 26.851 28.169 28.055 0.003 0.000 0.000 0.000 0.000 0.000 0.000 
0.000 0.000 -0.000 26.871 28.174 29.046 29.396 28.625 29.429 27.261 28.146 27.778 27.726 27.202 27.048 27.583 27.626 28.668 27.482 28.224 28.438 27.876 29.123 0.175 0.000 0.000 0.000 0.000 0.000 0.000 
0.000 0.000 0.000 28.696 28.400 27.210 28.589 27.233 27.252 27.330 27.792 27.531 28.985 29.415 27.510 28.420 28.190 27.298 26.736 27.890 28.245 27.368 27.974 4.921 0.000 0.000 0.000 0.000 0.000 0.000 
0.000 -0.000 -0.000 0.000 26.900 26.094 28.747 29.262 30.200 29.006 27.881 28.118 26.747 26.938 28.285 26.777 27.686 27.674 26.322 27.446 27.386 29.126 28.225 2.309 0.000 0.000 0.000 0.000 0.000 0.000 
0.000 0.000 0.000 -0.000 26.790 27.548 28.065 27.790 27.254 28.713 28.862 30.097 29.064 29.087 28.715 28.288 27.619 27.612 27.782 26.944 27.024 25.579 27.562 0.498 0.000 0.000 0.000 0.000 0.000 0.000 
-0.000 0.000 0.000 27.232 26.970 27.746 27.677 28.382 28.014 27.808 29.052 31.026 29.114 28.405 27.310 28.216 30.136 29.309 29.336 27.410 25.978 26.970 26.840 3.088 0.000 0.000 0.000 0.000 0.000 0.000 
0.000 0.000 0.000 0.000 26.605 27.943 27.474 27.862 26.848 29.102 30.718 30.927 30.604 28.524 29.563 29.864 29.914 28.147 27.500 28.150 26.452 26.743 27.905 0.004 0.000 -0.000 0.000 0.000 0.000 0.000 
0.000 0.000 0.000 0.000 26.468 28.334 26.731 26.981 27.625 30.186 29.417 29.378 29.959 30.031 29.022 29.065 29.364 27.159 27.808 30.180 27.182 27.703 23.221 0.000 0.000 -0.000 0.000 0.000 -0.000 0.000 
0.000 0.000 0.000 0.000 22.801 27.918 26.353 28.504 27.190 29.683 28.621 29.750 29.169 29.741 30.007 28.927 30.287 30.042 28.119 26.785 26.620 28.776 0.003 0.000 -0.000 -0.000 -0.000 0.000 0.000 0.000 
0.000 0.000 0.000 0.000 0.000 25.418 26.652 27.826 30.532 27.889 27.466 29.591 28.498 28.481 29.578 29.409 31.766 29.879 28.127 26.711 26.480 25.792 0.000 -0.000 0.000 0.000 -0.000 -0.000 0.000 0.000 
0.000 0.000 0.000 0.000 0.000 -0.000 26.586 27.792 27.412 31.362 28.774 31.207 29.981 29.105 28.431 28.699 29.651 29.326 28.104 28.213 24.832 0.000 0.000 -0.000 0.000 0.000 0.000 0.000 0.000 0.000 
0.000 0.000 0.000 0.000 0.000 0.000 -0.000 24.981 27.706 27.950 28.384 30.001 30.596 30.224 29.526 28.334 29.572 27.733 27.627 28.620 17.684 0.000 0.000 0.000 0.000 0.000 0.000 0.000 0.000 0.000 
0.000 0.000 0.000 0.000 0.000 0.000 0.000 -0.000 22.547 26.503 28.114 28.965 30.493 31.633 28.781 29.251 30.431 29.074 25.030 0.000 0.000 0.000 0.000 0.000 0.000 0.000 0.000 0.000 0.000 0.000 
0.000 0.000 0.000 0.000 0.000 0.000 0.000 0.000 0.000 15.064 23.549 26.201 24.866 25.133 25.400 27.222 24.908 -0.000 0.000 0.000 0.000 0.000 0.000 0.000 0.000 0.000 0.000 0.000 0.000 0.000 
0.000 0.000 0.000 0.000 0.000 0.000 0.000 0.000 0.000 0.000 0.000 0.000 17.528 -0.000 0.000 0.000 -0.000 0.000 0.000 0.000 0.000 0.000 0.000 0.000 0.000 0.000 0.000 0.000 0.000 0.000 
0.000 0.000 0.000 0.000 0.000 0.000 0.000 0.000 0.000 0.000 0.000 0.000 0.000 0.000 0.000 0.000 0.000 0.000 0.000 0.000 0.000 0.000 0.000 0.000 0.000 0.000 0.000 0.000 0.000 0.000 
0.000 0.000 0.000 0.000 0.000 0.000 0.000 0.000 0.000 0.000 0.000 0.000 0.000 -0.000 0.000 0.000 0.000 0.000 0.000 0.000 0.000 0.000 0.000 0.000 0.000 0.000 0.000 0.000 0.000 0.000 
0.000 0.000 0.000 0.000 0.000 0.000 0.000 0.000 0.000 0.000 0.000 0.000 0.000 0.000 0.000 0.000 0.000 0.000 0.000 0.000 0.000 0.000 0.000 0.000 0.000 0.000 0.000 0.000 0.000 0.000 
0.000 0.000 0.000 0.000 0.000 0.000 0.000 0.000 0.000 0.000 0.000 0.000 0.000 0.000 0.000 0.000 0.000 0.000 0.000 0.000 0.000 0.000 0.000 0.000 0.000 0.000 0.000 0.000 0.000 0.000 
