# Vol_scan Display Grid (processed)
# Grid size: 31 x 29
# Format: reflectivity
# Ref point: (-43000.000000, 11000.000000)
# Grid res: 1000.000000 meters
0.000 0.000 0.000 0.000 0.000 0.000 0.000 0.000 0.000 0.000 0.000 0.000 0.000 0.000 0.000 0.000 0.000 0.000 0.000 0.000 0.000 0.000 0.000 0.000 0.000 0.000 0.000 0.000 0.000 
0.000 0.000 0.000 0.000 0.000 0.000 0.000 0.000 0.000 0.000 0.000 0.000 0.000 0.000 0.000 -0.000 -0.000 0.000 0.000 0.000 0.000 0.000 0.000 0.000 0.000 0.000 0.000 0.000 0.000 
0.000 0.000 0.000 0.000 0.000 0.000 0.000 0.000 0.000 0.000 0.000 0.000 0.000 -0.000 0.000 0.000 0.000 0.000 0.000 0.000 0.000 0.000 0.000 0.000 0.000 0.000 0.000 0.000 0.000 
0.000 0.000 0.000 0.000 0.000 0.000 0.000 0.000 0.000 0.000 0.000 0.000 21.827 24.391 22.472 22.063 22.875 0.000 -0.000 0.000 0.000 0.000 0.000 0.000 0.000 0.000 0.000 0.000 0.000 
0.000 0.000 0.000 0.000 0.000 0.000 0.000 0.000 -0.000 25.892 24.064 28.505 28.632 28.139 27.214 27.837 27.353 27.959 22.544 10.610 0.000 0.000 0.000 0.000 0.000 0.000 0.000 0.000 0.000 
0.000 0.000 0.000 0.000 0.000 -0.000 -0.000 0.000 23.947 26.020 26.664 27.577 27.242 27.853 28.478 27.298 28.899 28.687 27.598 27.209 22.549 0.000 0.000 0.000 0.000 0.000 0.000 0.000 0.000 
0.000 0.000 0.000 -0.000 -0.000 0.000 0.003 25.478 28.815 28.147 27.132 27.315 27.307 26.464 27.594 27.697 28.760 27.664 28.578 27.197 28.896 23.280 0.000 0.000 0.000 0.000 0.000 0.000 0.000 
-0.000 0.000 0.000 0.000 -0.000 0.000 6.785 25.888 27.289 29.465 28.811 27.594 28.744 26.614 26.039 28.655 27.852 27.705 27.961 29.574 27.646 27.207 23.793 0.000 0.000 0.000 0.000 0.000 0.000 
-0.000 -0.000 0.000 0.000 0.000 0.002 28.614 26.932 27.319 27.638 30.077 27.025 28.754 28.536 28.059 28.593 27.832 27.761 28.726 27.908 26.359 27.574 26.321 0.000 0.000 0.000 0.000 0.000 0.000 
0.000 0.000 -0.000 0.000 0.000 27.193 27.943 28.817 26.324 27.546 27.857 28.220 28.975 27.219 28.996 27.929 26.522 28.696 29.333 27.341 27.572 27.098 26.461 27.381 0.000 0.000 0.000 0.000 0.000 
-0.000 0.000 0.000 0.000 0.002 26.289 27.463 27.609 27.632 26.844 28.749 26.258 27.505 28.991 27.974 25.759 27.985 28.741 28.033 27.782 28.096 27.187 28.415 27.698 -0.000 -0.000 0.000 0.000 0.000 
0.000 -0.000 0.000 0.000 6.038 26.603 28.083 27.736 27.352 27.491 26.676 27.057 28.815 25.940 28.426 28.598 26.856 26.434 27.506 28.930 27.185 26.687 27.174 28.742 0.000 0.000 -0.000 0.000 0.000 
0.000 0.000 0.000 0.000 3.416 25.150 27.745 28.275 27.645 28.235 28.857 28.187 27.728 27.040 27.456 28.905 29.422 27.348 28.738 27.860 26.492 27.320 27.944 27.592 27.551 0.000 0.000 -0.000 0.000 
0.000 0.000 0.000 0.000 7.147 27.663 27.645 27.690 27.157 27.381 27.808 27.837 28.269 42.951 40.496 40.095 41.119 28.386 28.683 29.644 26.405 28.506 28.321 27.583 26.648 0.000 -0.000 0.000 0.000 
0.000 0.000 0.002 0.000 0.003 28.433 26.811 27.022 28.479 26.373 28.546 28.023 40.505 45.895 44.259 42.592 43.669 40.504 27.633 28.855 29.010 26.985 27.304 27.476 25.787 0.000 0.000 0.000 0.000 
0.000 0.000 0.050 0.000 5.850 27.384 28.783 30.260 27.090 25.941 39.895 42.316 43.442 44.283 41.173 45.828 43.904 42.866 42.901 29.120 27.635 27.542 27.329 29.427 22.098 0.000 0.000 0.000 0.000 
0.000 0.000 0.000 0.032 0.006 28.021 27.241 26.034 28.441 26.035 41.666 43.313 43.680 43.033 45.934 43.100 46.877 42.366 44.306 27.594 28.513 28.857 27.636 27.222 15.304 0.000 0.000 0.000 0.000 
0.000 0.000 0.000 0.019 0.030 25.273 29.175 27.933 29.499 28.302 44.167 44.609 41.960 44.963 44.579 42.264 44.674 43.534 44.419 35.930 27.610 27.210 27.999 27.310 0.000 0.000 0.000 0.000 0.000 
0.000 0.000 0.000 5.390 8.215 0.016 26.559 28.087 28.593 27.621 43.392 42.420 44.225 42.017 41.390 42.315 42.232 44.232 42.665 44.369 28.193 28.841 27.554 20.825 0.000 0.000 0.000 0.000 0.000 
0.000 0.000 0.000 0.000 2.860 5.818 29.463 26.555 27.682 28.197 43.055 40.407 41.672 43.689 41.788 42.617 42.202 41.572 44.355 42.422 27.848 29.462 26.894 -0.000 0.000 0.000 0.000 0.000 0.000 
0.000 0.000 0.000 0.000 8.510 7.420 6.139 26.967 29.043 25.990 41.275 43.823 42.286 43.255 41.707 44.894 45.068 44.350 44.293 28.120 28.714 23.575 17.277 0.000 0.000 0.000 0.000 0.000 0.000 
0.000 0.000 0.000 0.000 0.000 7.080 8.224 5.887 14.596 28.614 37.388 43.761 43.272 44.309 44.543 42.030 41.724 42.061 40.632 28.550 29.405 0.000 0.000 0.000 0.000 0.000 0.000 0.000 0.000 
0.000 0.000 0.000 0.000 0.000 0.000 4.240 8.665 0.025 9.824 17.085 38.270 41.248 44.499 42.099 43.890 42.977 44.463 22.314 25.682 0.000 0.000 0.000 0.000 0.000 0.000 0.000 0.000 0.000 
0.000 0.000 0.000 0.000 0.000 0.000 0.000 7.220 0.021 0.053 0.002 15.052 12.592 32.468 33.434 36.707 36.244 24.099 0.000 0.000 -0.000 0.000 0.000 0.000 0.000 0.000 0.000 0.000 0.000 
0.000 0.000 0.000 0.000 0.000 0.000 0.000 0.000 6.620 0.040 0.002 0.000 0.000 0.000 0.000 0.000 0.000 0.000 -0.000 0.000 0.000 0.000 0.000 0.000 0.000 0.000 0.000 0.000 0.000 
0.000 0.000 0.000 0.000 0.000 0.000 0.000 0.000 0.000 0.000 0.000 0.000 0.000 0.000 0.000 -0.000 0.000 0.000 0.000 -0.000 0.000 0.000 0.000 0.000 0.000 0.000 0.000 0.000 0.000 
0.000 0.000 0.000 0.000 0.000 0.000 0.000 0.000 0.000 0.000 0.000 -0.000 0.000 0.000 0.000 -0.000 -0.000 0.000 -0.000 0.000 0.000 0.000 0.000 0.000 0.000 0.000 0.000 0.000 0.000 
0.000 0.000 0.000 0.000 0.000 0.000 0.000 0.000 0.000 0.000 0.000 0.000 0.000 -0.000 0.000 0.000 0.000 0.000 -0.000 0.000 0.000 0.000 0.000 0.000 0.000 0.000 0.000 0.000 0.000 
0.000 0.000 0.000 0.000 0.000 0.000 0.000 0.000 0.000 0.000 0.000 0.000 0.000 0.000 -0.000 0.000 0.000 0.000 0.000 0.000 0.000 0.000 0.000 0.000 0.000 0.000 0.000 0.000 0.000 
0.000 0.000 0.000 0.000 0.000 0.000 0.000 0.000 0.000 0.000 0.000 0.000 0.000 0.000 0.000 0.000 0.000 -0.000 0.000 0.000 0.000 0.000 0.000 0.000 0.000 0.000 0.000 0.000 0.000 
0.000 0.000 0.000 0.000 0.000 0.000 0.000 0.000 0.000 0.000 0.000 0.000 0.000 0.000 0.000 0.000 0.000 0.000 0.000 0.000 0.000 0.000 0.000 0.000 0.000 0.000 0.000 0.000 0.000 
