# Vol_scan Display Grid (processed)
# Grid size: 31 x 30
# Format: reflectivity
# Ref point: (-38000.000000, 10000.000000)
# Grid res: 1000.000000 meters
0.000 0.000 0.000 0.000 0.000 0.000 0.000 0.000 0.000 0.000 0.000 0.000 0.000 0.000 0.000 0.000 0.000 0.000 0.000 0.000 0.000 0.000 0.000 0.000 0.000 0.000 0.000 0.000 0.000 0.000 
0.000 0.000 0.000 0.000 0.000 0.000 0.000 0.000 0.000 0.000 0.000 0.000 0.000 0.000 0.000 0.000 0.000 -0.000 0.000 0.000 0.000 0.000 0.000 0.000 0.000 0.000 0.000 0.000 0.000 0.000 
0.000 0.000 0.000 0.000 0.000 0.000 0.000 0.000 0.000 0.000 0.000 0.000 0.000 0.000 0.000 0.000 -0.000 0.000 -0.000 0.000 0.000 0.000 0.000 0.000 0.000 0.000 0.000 0.000 0.000 0.000 
0.000 0.000 0.000 0.000 0.000 0.000 0.000 0.000 0.000 0.000 0.000 0.000 -0.000 0.000 0.000 0.000 0.000 -0.000 -0.000 -0.000 0.000 0.000 0.000 0.000 0.000 0.000 0.000 0.000 0.000 0.000 
0.000 0.000 0.000 0.000 0.000 0.000 0.000 0.000 0.000 0.000 0.000 -0.000 -0.000 12.047 21.628 23.236 25.684 22.408 23.045 -0.000 0.000 0.000 0.000 0.000 0.000 0.000 0.000 0.000 0.000 0.000 
0.000 0.000 0.000 0.000 0.000 0.000 0.000 0.000 0.000 0.000 10.610 23.374 29.470 27.293 27.150 27.664 27.880 29.985 27.543 22.836 20.767 0.000 0.000 0.000 0.000 0.000 0.000 0.000 0.000 0.000 
0.000 0.000 0.000 0.000 0.000 0.000 0.000 0.000 -0.000 26.686 23.951 26.356 28.904 30.012 27.648 29.715 28.240 27.637 26.789 27.591 27.758 24.630 0.000 0.000 0.000 0.000 0.000 0.000 0.000 0.000 
0.000 0.000 0.000 0.000 0.000 0.000 0.000 0.000 21.173 29.972 27.942 28.937 28.467 28.651 29.195 28.191 27.228 27.864 27.577 27.488 27.969 26.572 25.203 0.000 0.000 0.000 0.000 0.000 0.000 0.000 
0.000 0.000 0.000 0.000 -0.000 -0.000 0.000 23.485 26.109 26.858 27.076 28.431 27.263 30.096 29.497 28.474 27.881 27.883 27.957 26.655 27.508 27.699 26.663 24.537 0.000 0.000 0.000 0.000 0.000 0.000 
0.000 0.000 0.000 -0.000 0.000 -0.000 0.001 25.382 27.055 29.020 28.189 26.087 28.939 28.979 28.070 28.215 27.601 27.721 29.301 27.477 28.108 27.816 26.965 26.300 22.664 -0.000 0.000 0.000 0.000 0.000 
0.000 0.000 0.000 -0.000 -0.000 0.001 8.333 27.000 28.677 26.586 27.586 28.071 27.335 26.523 27.108 27.859 27.590 28.510 27.732 27.783 27.722 27.522 27.574 26.973 28.130 -0.000 -0.000 0.000 0.000 0.000 
0.000 0.000 -0.000 -0.000 -0.000 0.001 27.439 28.447 27.216 28.900 28.928 27.848 25.634 26.805 28.094 27.268 28.062 27.786 27.333 27.009 27.767 26.429 27.043 27.982 27.930 -0.000 0.000 -0.000 0.000 0.000 
0.000 0.000 0.000 0.000 0.000 0.705 26.553 29.198 27.289 27.178 27.621 28.532 28.443 27.713 27.505 27.862 27.471 28.223 26.862 28.207 27.078 26.689 28.685 27.451 28.002 27.350 -0.000 0.000 0.000 0.000 
0.000 0.000 0.000 0.000 0.000 0.715 27.644 28.805 28.953 28.392 26.197 27.100 28.714 25.481 29.563 25.745 28.755 27.208 28.680 28.046 30.380 26.915 28.299 27.392 28.490 0.000 0.000 -0.000 0.000 0.000 
0.000 0.000 0.000 0.000 0.000 0.508 28.243 28.061 27.382 26.657 27.134 28.853 25.000 28.290 28.676 27.992 28.332 27.721 27.541 28.762 28.752 28.428 28.378 26.489 28.397 0.000 -0.000 0.000 0.000 0.000 
0.000 0.000 0.000 0.000 0.000 0.220 27.512 27.062 27.672 27.275 25.526 27.155 26.369 26.001 27.037 25.823 27.861 27.756 29.798 27.731 28.450 27.496 27.742 28.241 27.920 29.671 -0.000 0.000 0.000 0.000 
0.000 0.000 0.000 0.000 0.000 0.002 26.897 25.450 27.805 28.115 28.638 27.020 27.889 29.534 26.751 27.857 27.176 27.958 26.774 27.051 30.419 29.020 28.871 27.885 29.063 26.636 0.000 0.000 0.000 0.000 
0.000 0.000 0.000 0.000 0.000 0.002 29.971 27.967 28.742 26.530 26.622 28.532 28.465 27.908 28.710 28.396 28.858 27.286 27.410 28.429 27.707 26.606 29.087 28.739 26.771 0.000 0.000 0.000 0.000 0.000 
0.000 0.000 0.000 0.000 0.000 0.000 22.482 27.252 26.791 28.281 26.663 27.568 27.512 26.358 28.066 28.425 28.456 28.810 28.285 30.108 28.012 28.463 27.364 28.150 28.283 0.000 0.000 0.000 0.000 0.000 
0.000 0.000 0.000 0.000 0.000 0.044 0.003 28.244 28.339 27.130 27.672 29.040 26.733 27.491 29.985 27.117 28.520 27.719 26.901 28.970 28.351 27.628 29.191 26.244 25.764 0.000 0.000 0.000 0.000 0.000 
0.000 0.000 0.000 0.000 0.000 0.000 0.032 26.856 27.164 28.958 28.747 27.387 27.055 29.615 29.268 28.616 27.578 26.857 27.650 27.765 28.981 27.808 28.386 23.214 0.000 0.000 0.000 0.000 0.000 0.000 
0.000 0.000 0.000 0.000 0.000 0.000 6.220 5.411 27.023 28.748 29.251 27.311 26.357 27.249 28.495 24.251 27.905 30.892 25.618 30.141 27.661 29.883 27.808 17.166 0.000 0.000 0.000 0.000 0.000 0.000 
0.000 0.000 0.000 0.000 0.000 0.000 0.000 5.800 5.738 27.677 29.174 29.405 28.570 27.797 29.239 28.689 27.489 28.617 26.623 28.703 26.773 26.739 0.000 0.000 0.000 0.000 0.000 0.000 0.000 0.000 
0.000 0.000 0.000 0.000 0.000 0.000 0.000 0.000 4.990 0.018 25.346 23.316 28.389 27.739 27.630 26.337 26.619 27.179 26.619 22.579 24.037 0.000 0.000 0.000 0.000 0.000 0.000 0.000 0.000 0.000 
0.000 0.000 0.000 0.000 0.000 0.000 0.000 0.000 0.000 0.000 9.110 0.000 0.002 22.680 24.146 23.146 22.349 25.497 22.789 11.414 0.000 0.000 -0.000 0.000 0.000 0.000 0.000 0.000 0.000 0.000 
0.000 0.000 0.000 0.000 0.000 0.000 0.000 0.000 0.000 0.000 0.000 0.000 0.020 0.000 0.000 0.000 0.000 0.000 0.000 0.000 0.000 0.000 0.000 0.000 0.000 0.000 0.000 0.000 0.000 0.000 
0.000 0.000 0.000 0.000 0.000 0.000 0.000 0.000 0.000 0.000 0.000 0.000 0.000 0.000 0.000 0.000 -0.000 0.000 0.000 0.000 -0.000 0.000 0.000 0.000 0.000 0.000 0.000 0.000 0.000 0.000 
0.000 0.000 0.000 0.000 0.000 0.000 0.000 0.000 0.000 0.000 0.000 0.000 0.000 0.000 0.000 0.000 0.000 0.000 0.000 0.000 0.000 0.000 0.000 0.000 0.000 0.000 0.000 0.000 0.000 0.000 
0.000 0.000 0.000 0.000 0.000 0.000 0.000 0.000 0.000 0.000 0.000 0.000 0.000 0.000 0.000 0.000 0.000 0.000 0.000 0.000 0.000 0.000 0.000 0.000 0.000 0.000 0.000 0.000 0.000 0.000 
0.000 0.000 0.000 0.000 0.000 0.000 0.000 0.000 0.000 0.000 0.000 0.000 0.000 0.000 0.000 0.000 0.000 0.000 0.000 0.000 -0.000 0.000 0.000 0.000 0.000 0.000 0.000 0.000 0.000 0.000 
0.000 0.000 0.000 0.000 0.000 0.000 0.000 0.000 0.000 0.000 0.000 0.000 0.000 0.000 0.000 0.000 0.000 0.000 0.000 0.000 0.000 0.000 0.000 0.000 0.000 0.000 0.000 0.000 0.000 0.000 
