# Vol_scan Display Grid (processed)
# Grid size: 29 x 32
# Format: reflectivity
# Ref point: (-81000.000000, 11000.000000)
# Grid res: 1000.000000 meters
0.000 0.000 0.000 0.000 0.000 0.000 0.000 0.000 0.000 0.000 0.000 0.000 0.000 0.000 0.000 0.000 0.000 0.000 0.000 0.000 0.000 0.000 0.000 0.000 0.000 0.000 0.000 0.000 0.000 0.000 0.000 0.000 
0.000 0.000 0.000 0.000 0.000 0.000 0.000 0.000 0.000 0.000 0.000 0.000 0.000 0.000 0.000 0.000 0.000 0.000 0.000 0.000 0.000 0.000 0.000 0.000 0.000 0.000 0.000 0.000 0.000 0.000 0.000 0.000 
0.000 0.000 0.000 0.000 0.000 0.000 0.000 0.000 0.000 0.000 0.000 0.000 0.001 0.000 4.745 6.190 0.000 0.000 0.000 0.000 0.000 0.000 0.000 0.000 0.000 0.000 0.000 0.000 0.000 0.000 0.000 0.000 
0.000 0.000 0.000 -0.000 0.000 0.000 0.000 0.000 0.000 0.000 0.053 0.000 7.247 26.254 11.001 30.597 14.497 4.923 5.740 0.000 0.000 0.000 0.000 0.000 0.000 0.000 0.000 0.000 0.000 0.000 0.000 0.000 
0.000 0.000 0.000 0.000 0.000 -0.000 0.000 0.000 -0.000 7.115 24.343 21.412 29.250 27.281 28.672 29.555 28.397 29.970 31.522 0.013 3.270 0.000 0.000 0.000 0.000 0.000 0.000 0.000 0.000 0.000 0.000 0.000 
0.000 0.000 0.000 0.000 0.000 0.000 -0.000 5.032 27.918 24.965 29.984 26.911 27.018 29.019 29.287 27.804 29.588 28.812 29.420 26.362 0.000 0.001 0.000 0.000 0.000 0.000 0.000 0.000 0.000 0.000 0.000 0.000 
0.000 0.000 0.000 0.000 0.000 0.000 0.000 25.892 28.854 28.416 26.997 27.701 27.272 27.170 28.668 30.282 28.082 27.561 27.427 28.281 23.866 0.000 0.000 0.000 0.000 0.000 0.000 0.000 0.000 0.000 0.000 0.000 
0.000 0.000 0.000 0.000 0.000 24.493 7.681 28.878 28.411 27.194 29.356 27.882 27.650 27.894 30.745 26.725 27.316 27.673 30.254 27.689 29.372 23.258 0.000 0.000 0.000 0.000 0.000 0.000 0.000 0.000 0.000 0.000 
0.000 0.000 -0.000 0.000 0.000 28.101 28.461 26.757 28.740 28.189 26.872 28.575 27.734 28.090 28.137 29.075 27.136 28.033 27.134 27.880 27.392 28.360 6.024 0.000 0.000 0.000 0.000 0.000 0.000 0.000 0.000 0.000 
0.000 0.000 0.000 0.000 0.000 29.571 26.873 28.473 27.613 27.541 28.251 27.373 27.502 28.338 28.612 27.494 26.682 27.891 28.536 27.626 25.701 29.111 27.766 0.000 0.000 0.000 0.000 0.000 0.000 0.000 0.000 0.000 
0.000 0.000 0.000 0.000 0.000 29.551 28.071 26.548 25.944 26.521 28.103 27.521 26.942 29.130 28.439 27.812 28.093 28.819 27.955 27.929 27.573 29.363 27.827 22.849 -0.000 0.000 0.000 0.000 0.000 0.000 0.000 0.000 
0.000 0.000 0.000 0.000 26.618 27.443 28.227 28.020 28.220 29.519 28.101 28.179 28.369 28.643 27.369 29.308 28.952 28.657 27.226 27.365 26.544 27.410 29.058 28.024 0.000 -0.000 -0.000 0.000 0.000 0.000 0.000 0.000 
0.000 0.000 0.000 0.000 28.571 28.276 28.143 29.158 28.732 29.236 27.674 28.547 27.343 29.045 27.372 29.502 29.011 29.226 25.367 27.953 27.706 29.076 29.011 27.248 0.305 0.000 0.000 0.000 0.000 -0.000 0.000 0.000 
0.000 0.000 0.000 0.000 27.769 27.994 28.210 29.587 28.515 29.417 27.177 28.639 27.713 28.668 27.423 26.869 27.041 27.695 27.830 28.598 27.044 27.292 28.965 29.477 0.000 0.000 0.000 0.000 0.000 0.000 0.000 0.000 
0.000 0.000 0.000 0.000 28.119 30.174 28.421 28.781 28.359 27.939 27.217 27.918 28.188 28.783 27.402 28.272 27.080 28.640 28.406 26.341 26.766 28.381 28.021 28.503 0.000 0.000 -0.000 0.000 0.000 -0.000 0.000 0.000 
0.000 -0.000 0.000 0.000 26.892 29.086 29.023 29.825 30.369 29.771 29.854 30.162 28.742 27.604 27.358 29.866 27.614 28.678 26.972 27.814 28.628 29.532 29.094 25.550 0.002 -0.000 0.000 0.000 0.000 0.000 0.000 0.000 
0.000 -0.000 0.000 0.000 -0.000 29.588 28.363 27.337 28.784 28.790 27.854 28.692 29.025 26.993 27.233 28.554 28.449 29.314 27.546 28.524 27.602 29.919 28.945 28.852 0.000 0.000 0.000 0.000 0.000 0.000 0.000 0.000 
0.000 0.000 0.000 0.000 23.907 28.126 28.925 27.467 28.101 28.121 29.852 28.193 29.155 28.031 29.064 27.997 28.339 28.309 27.126 27.509 26.985 26.999 28.472 29.099 0.000 0.000 0.000 0.000 0.000 0.000 0.000 0.000 
0.000 -0.000 0.000 0.000 0.000 27.842 28.586 28.475 28.015 29.155 29.183 28.271 27.928 28.221 28.829 26.726 27.653 26.777 30.386 29.102 27.351 28.224 28.419 0.000 0.000 0.000 0.000 0.000 0.000 0.000 0.000 0.000 
-0.000 0.000 -0.000 -0.000 0.000 24.840 26.901 27.973 28.029 28.498 29.711 28.699 27.357 29.444 28.561 29.155 28.346 28.191 28.433 28.660 29.273 28.663 0.000 0.000 0.000 0.000 -0.000 0.000 0.000 0.000 0.000 0.000 
0.000 0.000 0.000 0.000 -0.000 0.000 24.029 28.544 28.772 29.477 27.301 28.119 30.009 29.761 28.487 29.013 28.128 28.333 30.493 28.163 29.042 24.472 0.000 -0.000 0.000 0.000 0.000 0.000 0.000 0.000 0.000 0.000 
0.000 0.000 0.000 0.000 0.000 0.000 0.000 24.871 28.182 28.307 28.515 27.660 28.205 28.431 28.369 28.058 27.701 27.857 28.873 28.426 21.289 0.000 0.000 0.000 -0.000 0.000 0.000 0.000 0.000 0.000 0.000 0.000 
0.000 0.000 0.000 0.000 0.000 0.000 0.000 0.000 0.000 25.519 28.100 28.952 28.027 30.475 29.340 28.326 28.470 28.460 25.439 25.978 -0.000 -0.000 0.000 0.000 0.000 0.000 0.000 0.000 0.000 0.000 0.000 0.000 
0.000 0.000 0.000 0.000 0.000 0.000 0.000 0.000 0.000 0.000 28.075 22.883 24.261 26.550 25.102 25.031 25.865 25.996 0.000 0.000 -0.000 -0.000 -0.000 0.000 0.000 0.000 0.000 0.000 0.000 0.000 0.000 0.000 
0.000 0.000 0.000 0.000 0.000 0.000 0.000 0.000 0.000 0.000 0.000 0.000 0.000 0.000 0.000 0.000 0.000 -0.000 0.000 0.000 0.000 0.000 -0.000 0.000 0.000 0.000 0.000 0.000 0.000 0.000 0.000 0.000 
0.000 0.000 0.000 0.000 0.000 0.000 0.000 0.000 0.000 0.000 0.000 0.000 0.000 0.000 0.000 0.000 0.000 0.000 0.000 -0.000 -0.000 0.000 0.000 0.000 0.000 0.000 0.000 0.000 0.000 0.000 0.000 0.000 
0.000 0.000 0.000 0.000 0.000 0.000 0.000 0.000 0.000 0.000 0.000 0.000 0.000 0.000 0.000 0.000 0.000 0.000 0.000 0.000 0.000 0.000 0.000 0.000 0.000 0.000 0.000 0.000 0.000 0.000 0.000 0.000 
0.000 0.000 0.000 0.000 0.000 0.000 0.000 0.000 0.000 0.000 0.000 0.000 0.000 0.000 0.000 0.000 0.000 0.000 0.000 0.000 0.000 -0.000 0.000 0.000 0.000 0.000 0.000 0.000 0.000 0.000 0.000 0.000 
0.000 0.000 0.000 0.000 0.000 0.000 0.000 0.000 0.000 0.000 0.000 0.000 0.000 0.000 0.000 0.000 0.000 0.000 0.000 0.000 0.000 0.000 0.000 0.000 0.000 0.000 0.000 0.000 0.000 0.000 0.000 0.000 
