# Vol_scan Display Grid (processed)
# Grid size: 31 x 32
# Format: reflectivity
# Ref point: (-61000.000000, 12000.000000)
# Grid res: 1000.000000 meters
0.000 0.000 0.000 0.000 0.000 0.000 0.000 0.000 -0.000 0.000 0.000 0.000 0.000 0.000 0.000 0.000 0.000 0.000 0.000 0.000 0.000 0.000 0.000 0.000 0.000 0.000 0.000 0.000 0.000 0.000 0.000 0.000 
0.000 0.000 0.000 0.000 0.000 0.000 -0.000 0.000 0.000 0.000 0.000 0.000 0.000 0.000 0.000 0.000 0.000 0.000 0.000 0.000 0.000 0.000 0.000 0.000 0.000 0.000 0.000 0.000 0.000 0.000 0.000 0.000 
0.000 0.000 0.000 0.000 0.000 0.000 -0.000 0.000 0.000 -0.000 0.000 0.000 0.000 0.012 0.022 4.780 0.000 0.000 0.000 0.000 0.000 0.000 0.000 0.000 0.000 0.000 0.000 0.000 0.000 0.000 0.000 0.000 
0.000 0.000 0.000 0.000 0.000 0.000 -0.000 0.000 0.000 0.000 0.000 0.001 0.001 6.902 0.005 0.030 0.023 5.510 0.000 0.000 0.000 0.000 0.000 0.000 0.000 0.000 0.000 0.000 0.000 0.000 0.000 0.000 
0.000 0.000 0.000 0.000 0.000 0.000 -0.000 0.000 0.002 23.811 21.672 21.536 21.930 25.402 27.305 25.869 26.453 23.293 7.302 5.080 0.000 0.000 0.000 0.000 0.000 0.000 0.000 0.000 0.000 0.000 0.000 0.000 
0.000 0.000 0.000 0.000 0.000 0.000 0.000 0.001 20.458 27.158 26.325 28.205 28.376 26.527 26.920 28.754 27.544 26.595 27.023 6.980 0.022 0.000 0.000 0.000 0.000 0.000 0.000 0.000 0.000 0.000 0.000 0.000 
0.000 0.000 0.000 -0.000 -0.000 0.002 24.024 27.718 27.690 26.685 26.765 27.563 29.813 27.374 27.387 28.009 27.601 29.584 27.191 24.482 0.005 0.017 0.000 0.000 0.000 0.000 0.000 0.000 0.000 0.000 0.000 0.000 
0.000 0.000 0.000 0.000 0.000 22.649 26.973 28.729 26.009 27.914 27.988 27.880 27.310 26.850 28.346 27.782 28.386 27.181 25.186 25.562 23.146 0.002 0.000 0.000 0.000 0.000 0.000 0.000 0.000 0.000 0.000 0.000 
0.000 0.000 0.000 0.000 0.000 25.553 27.464 27.588 27.694 26.316 28.199 28.575 27.594 27.329 27.066 28.329 26.291 25.533 27.464 26.079 27.735 23.108 0.001 0.000 -0.000 0.000 0.000 0.000 0.000 0.000 0.000 0.000 
0.000 0.000 0.000 0.000 29.036 27.261 27.998 26.535 28.927 28.623 28.327 27.575 26.608 27.929 27.075 27.662 28.038 27.231 26.401 28.973 26.247 27.758 0.001 0.000 0.000 0.000 0.000 0.000 0.000 0.000 0.000 0.000 
0.000 0.000 0.000 0.000 27.575 27.644 27.700 27.743 29.016 26.909 28.693 27.935 28.980 26.719 27.144 28.285 26.992 29.840 25.676 28.684 27.647 27.460 22.328 0.000 0.000 0.000 0.000 -0.000 0.000 0.000 0.000 0.000 
0.000 0.000 -0.000 0.000 26.251 28.303 26.753 27.549 27.786 28.150 26.904 26.946 26.784 28.608 25.586 26.374 27.662 26.284 27.617 27.127 26.973 28.026 27.714 0.001 0.000 0.000 0.000 0.000 -0.000 0.000 0.000 0.000 
0.000 0.000 0.000 27.899 27.902 26.805 28.041 28.312 26.536 27.420 27.113 27.900 28.228 27.428 27.831 27.123 26.986 25.785 26.468 27.098 26.984 27.988 26.963 0.001 0.000 0.000 0.000 -0.000 0.000 0.000 0.000 0.000 
0.000 0.000 0.000 27.824 28.734 27.985 29.196 28.458 26.550 25.474 26.285 28.196 28.115 27.474 27.101 27.828 27.893 26.953 26.739 27.006 28.072 27.547 27.529 0.000 0.000 -0.000 0.000 0.000 0.000 0.000 0.000 0.000 
0.000 0.000 -0.000 28.260 27.484 30.386 28.334 28.193 28.226 29.714 27.033 26.824 28.096 25.091 26.750 26.769 27.553 27.296 28.874 27.944 27.881 27.524 27.264 0.211 0.000 -0.000 0.000 0.000 -0.000 0.000 0.000 0.000 
0.000 0.000 0.000 27.608 28.539 28.920 26.398 27.937 27.013 28.776 26.829 28.765 27.089 26.871 24.959 25.722 28.017 28.212 27.948 26.355 25.368 27.868 28.012 0.000 0.000 0.000 -0.000 0.000 0.000 0.000 0.000 0.000 
0.000 -0.000 -0.000 26.316 28.208 27.689 28.570 28.245 29.145 24.702 26.729 25.336 25.552 26.458 26.035 24.466 25.985 26.651 27.402 26.350 28.273 30.209 23.117 0.000 0.000 0.000 0.000 -0.000 0.000 0.000 0.000 0.000 
0.000 0.000 -0.000 0.000 27.692 27.694 27.854 28.052 27.039 27.295 25.851 24.735 24.736 25.500 26.055 25.888 27.172 25.563 27.857 27.458 28.593 26.800 27.834 0.000 0.000 -0.000 0.000 0.000 0.000 0.000 0.000 0.000 
0.000 0.000 0.000 0.000 28.532 27.189 29.513 27.645 27.674 25.294 27.276 25.053 25.462 24.765 24.966 24.866 26.727 25.701 29.045 27.906 29.060 27.144 0.000 0.000 0.000 0.000 0.000 0.000 0.000 0.000 0.000 0.000 
0.000 0.000 0.000 0.000 0.000 27.768 27.704 28.382 26.953 27.159 24.754 25.937 26.230 26.693 26.299 25.706 25.102 24.600 28.145 27.595 27.613 21.712 0.000 0.000 0.000 0.000 0.000 0.000 0.000 0.000 0.000 0.000 
0.000 -0.000 0.000 0.000 0.000 22.513 29.176 27.465 25.109 26.316 26.283 26.270 24.515 27.296 25.618 27.105 25.953 26.548 28.606 28.967 27.126 23.953 -0.000 0.000 0.000 0.000 0.000 0.000 0.000 0.000 0.000 0.000 
0.000 0.000 0.000 0.000 -0.000 0.000 27.179 28.286 27.489 26.296 26.974 25.956 27.544 26.462 25.140 25.199 24.327 26.897 27.562 27.514 25.064 -0.000 -0.000 0.000 0.000 0.000 0.000 0.000 0.000 0.000 0.000 0.000 
0.000 0.000 0.000 0.000 0.000 0.000 0.000 22.583 28.113 27.856 25.168 26.848 26.308 27.751 27.266 25.533 26.526 27.001 24.497 0.000 0.000 0.000 0.000 0.000 0.000 0.000 0.000 0.000 0.000 0.000 0.000 0.000 
0.000 0.000 0.000 0.000 0.000 0.000 0.000 0.000 0.000 25.446 23.473 25.226 26.208 26.358 27.238 26.513 25.452 20.496 0.000 -0.000 0.000 -0.000 0.000 0.000 0.000 0.000 0.000 0.000 0.000 0.000 0.000 0.000 
0.000 0.000 0.000 0.000 0.000 0.000 0.000 0.000 0.000 0.000 -0.000 24.525 20.735 0.000 0.000 0.000 0.000 -0.000 0.000 0.000 0.000 0.000 0.000 0.000 0.000 0.000 0.000 0.000 0.000 0.000 0.000 0.000 
0.000 0.000 0.000 0.000 0.000 0.000 0.000 0.000 0.000 0.000 0.000 0.000 0.000 0.000 0.000 0.000 0.000 -0.000 -0.000 0.000 0.000 0.000 0.000 0.000 0.000 0.000 0.000 0.000 0.000 0.000 0.000 0.000 
0.000 0.000 0.000 0.000 0.000 0.000 0.000 0.000 0.000 0.000 0.000 0.000 0.000 -0.000 0.000 0.000 0.000 0.000 -0.000 0.000 0.000 0.000 0.000 0.000 0.000 0.000 0.000 0.000 0.000 0.000 0.000 0.000 
0.000 0.000 0.000 0.000 0.000 0.000 0.000 0.000 0.000 0.000 0.000 0.000 0.000 0.000 0.000 0.000 0.000 0.000 0.000 0.000 0.000 0.000 0.000 0.000 0.000 0.000 0.000 0.000 0.000 0.000 0.000 0.000 
0.000 0.000 0.000 0.000 0.000 0.000 0.000 0.000 0.000 0.000 0.000 0.000 0.000 0.000 0.000 0.000 0.000 0.000 0.000 0.000 0.000 0.000 0.000 0.000 0.000 0.000 0.000 0.000 0.000 0.000 0.000 0.000 
0.000 0.000 0.000 0.000 0.000 0.000 0.000 0.000 0.000 0.000 0.000 0.000 0.000 0.000 0.000 0.000 0.000 0.000 0.000 0.000 0.000 0.000 0.000 0.000 0.000 0.000 0.000 0.000 0.000 0.000 0.000 0.000 
0.000 0.000 0.000 0.000 0.000 0.000 0.000 0.000 0.000 0.000 0.000 0.000 0.000 0.000 0.000 0.000 0.000 0.000 0.000 0.000 0.000 0.000 0.000 0.000 0.000 0.000 0.000 0.000 0.000 0.000 0.000 0.000 
