# Vol_scan Display Grid (processed)
# Grid size: 31 x 24
# Format: reflectivity
# Ref point: (-58000.000000, 15000.000000)
# Grid res: 1000.000000 meters
0.000 0.000 0.000 0.000 0.000 0.000 0.000 0.000 0.000 0.000 0.000 0.000 0.000 0.000 0.000 0.000 0.000 0.000 0.000 0.000 0.000 0.000 0.000 0.000 
0.000 0.000 0.000 0.000 0.000 0.000 0.000 0.000 0.000 0.000 0.000 0.000 0.000 0.000 0.000 0.000 0.000 0.000 0.000 0.000 0.000 0.000 0.000 0.000 
0.000 0.000 0.000 0.000 0.000 0.000 0.000 0.000 -0.000 0.000 0.000 0.000 0.000 0.000 0.000 0.000 0.000 0.000 0.000 0.000 0.000 0.000 0.000 0.000 
0.000 0.000 0.000 -0.000 0.000 0.000 0.000 0.000 4.717 9.779 10.935 5.549 0.000 0.000 0.000 0.000 0.000 0.000 0.000 0.000 0.000 0.000 0.000 0.000 
0.000 0.000 0.000 -0.000 0.000 0.401 24.286 22.264 24.101 25.848 24.167 27.310 24.988 23.654 19.038 -0.000 0.000 0.000 0.000 0.000 0.000 0.000 0.000 0.000 
0.000 0.000 0.000 0.000 4.208 22.325 28.269 28.895 28.138 27.689 29.099 27.333 28.654 29.356 27.105 23.756 -0.000 0.000 0.000 -0.000 0.000 0.000 0.000 0.000 
0.000 0.000 0.000 8.830 27.420 28.092 28.731 26.881 27.528 26.991 28.880 28.959 27.706 27.554 28.645 28.777 23.583 -0.000 0.000 0.000 0.000 0.000 0.000 0.000 
0.000 0.000 7.820 27.939 28.888 27.750 27.753 25.599 29.060 29.238 29.361 28.221 28.334 26.983 27.720 28.119 27.498 27.082 0.000 0.000 0.000 0.000 0.000 0.000 
0.000 0.005 23.667 27.200 26.869 27.747 27.514 28.713 26.171 27.797 26.567 29.235 28.275 28.398 28.223 27.332 28.700 28.427 26.376 0.000 0.000 0.000 0.000 0.000 
0.000 10.638 27.168 27.945 29.531 25.335 27.629 27.491 26.946 27.734 26.624 28.078 28.368 28.036 28.447 27.148 29.621 27.305 28.712 19.751 0.000 0.000 0.000 0.000 
0.000 27.820 26.177 25.921 28.744 27.793 27.301 27.427 26.718 27.483 29.102 28.170 27.975 28.616 28.663 29.115 28.243 28.057 28.058 27.154 0.000 0.000 0.000 0.000 
0.000 28.444 27.582 28.485 27.007 28.422 27.745 30.513 27.551 30.470 28.157 27.769 27.972 29.196 28.267 28.081 27.849 29.261 28.568 27.044 0.000 0.000 0.000 0.000 
18.190 26.886 28.349 27.046 29.243 28.263 28.045 26.996 27.568 28.621 27.324 28.797 28.275 26.733 27.214 27.264 27.620 29.334 28.475 28.422 -0.000 0.000 0.000 0.000 
23.480 28.034 30.478 27.967 27.159 27.709 27.968 26.900 27.927 28.443 26.953 28.428 28.157 26.773 28.157 28.840 27.593 28.257 28.117 28.546 18.922 0.000 0.000 0.000 
14.917 27.786 27.036 28.219 27.537 26.421 28.871 28.861 26.453 28.385 27.432 29.545 27.589 27.098 27.157 29.099 29.421 29.189 27.892 27.319 22.793 0.000 0.000 0.000 
28.083 28.587 28.746 29.044 28.160 29.340 28.473 27.036 25.470 25.987 26.299 27.700 26.176 27.392 28.631 28.555 27.093 27.750 27.881 29.443 0.000 0.000 0.000 0.000 
7.060 27.989 28.223 26.137 29.902 28.770 27.073 26.516 26.246 26.874 25.718 25.912 26.453 26.457 27.682 28.209 28.107 29.491 26.811 27.315 0.000 0.000 0.000 0.000 
9.390 26.613 27.585 29.582 28.344 27.308 27.112 26.705 23.774 26.110 27.696 26.507 27.138 27.458 27.082 27.228 28.432 28.663 27.957 26.888 0.000 0.000 -0.000 0.000 
0.000 23.887 28.932 27.967 29.211 27.870 27.410 25.258 26.443 27.792 26.172 25.316 26.879 28.303 25.272 27.233 27.036 28.070 28.449 21.643 0.000 0.000 0.000 0.000 
0.000 2.381 28.307 26.835 27.788 26.482 24.530 25.372 24.445 24.723 26.328 26.227 25.840 29.486 26.729 27.007 28.100 28.714 29.241 -0.000 0.000 0.000 0.000 0.000 
0.000 0.065 25.092 28.007 26.911 27.851 28.044 25.642 24.383 26.418 27.376 28.501 25.959 27.423 26.747 27.394 28.424 25.724 16.920 0.000 0.000 0.000 0.000 0.000 
0.000 0.032 0.000 19.588 28.248 30.108 26.206 27.104 26.375 25.559 26.587 25.314 25.886 26.570 25.791 27.249 29.135 27.125 0.000 0.000 0.000 0.000 0.000 0.000 
0.000 -0.000 0.001 0.000 18.411 25.155 26.769 27.029 26.969 25.473 27.272 25.816 26.405 27.104 28.711 28.585 22.585 0.000 0.000 0.000 0.000 0.000 0.000 0.000 
0.000 0.000 0.001 0.000 0.001 0.001 27.131 22.600 24.815 26.191 26.865 25.606 22.837 21.888 27.322 23.468 0.000 0.000 0.000 0.000 0.000 0.000 0.000 0.000 
0.000 0.000 0.000 0.000 0.000 0.000 0.000 0.002 15.886 20.878 21.747 22.130 15.707 0.000 0.000 0.000 0.000 0.000 0.000 0.000 0.000 0.000 0.000 0.000 
0.000 0.000 0.000 0.000 0.000 0.000 0.000 0.000 0.000 -0.000 0.000 0.000 -0.000 0.000 0.000 0.000 0.000 0.000 0.000 0.000 0.000 0.000 0.000 0.000 
0.000 0.000 0.000 0.000 0.000 0.000 0.000 0.000 0.000 0.000 0.000 -0.000 0.000 0.000 0.000 0.000 0.000 0.000 0.000 0.000 0.000 0.000 0.000 0.000 
0.000 0.000 0.000 0.000 0.000 -0.000 -0.000 -0.000 0.000 0.000 0.000 0.000 0.000 0.000 0.000 0.000 0.000 0.000 0.000 0.000 0.000 0.000 0.000 0.000 
0.000 0.000 0.000 0.000 0.000 0.000 0.000 0.000 -0.000 0.000 0.000 0.000 0.000 0.000 0.000 0.000 0.000 0.000 0.000 0.000 0.000 0.000 0.000 0.000 
0.000 0.000 0.000 0.000 0.000 0.000 0.000 -0.000 0.000 0.000 0.000 0.000 0.000 0.000 0.000 0.000 0.000 0.000 0.000 0.000 0.000 0.000 0.000 0.000 
0.000 0.000 0.000 0.000 0.000 0.000 0.000 0.000 0.000 0.000 0.000 0.000 0.000 0.000 0.000 0.000 0.000 0.000 0.000 0.000 0.000 0.000 0.000 0.000 
