# Vol_scan Display Grid (processed)
# Grid size: 30 x 31
# Format: reflectivity
# Ref point: (-65000.000000, 12000.000000)
# Grid res: 1000.000000 meters
0.000 0.000 0.000 0.000 0.000 0.000 0.000 0.000 0.000 0.000 0.000 0.000 0.000 0.000 0.000 0.000 0.000 0.000 0.000 0.000 0.000 0.000 0.000 0.000 0.000 0.000 0.000 0.000 0.000 0.000 0.000 
0.000 0.000 0.000 0.000 -0.000 -0.000 0.000 -0.000 -0.000 0.000 0.000 0.000 -0.000 0.000 0.000 0.000 0.000 0.000 0.000 0.000 0.000 0.000 0.000 0.000 0.000 0.000 0.000 0.000 0.000 0.000 0.000 
0.000 0.000 0.000 0.000 0.000 0.000 0.000 -0.000 -0.000 0.000 -0.000 -0.000 0.000 0.000 5.480 0.000 0.000 0.000 0.000 0.000 0.000 0.000 0.000 0.000 0.000 0.000 0.000 0.000 0.000 0.000 0.000 
0.000 0.000 0.000 0.000 -0.000 0.000 0.000 0.000 0.000 0.000 0.000 0.001 0.001 0.000 0.022 0.020 6.270 7.350 0.000 0.000 0.000 0.000 0.000 0.000 0.000 0.000 0.000 0.000 0.000 0.000 0.000 
0.000 0.000 0.000 0.000 -0.000 0.000 0.000 0.000 0.001 0.000 0.001 21.214 23.718 24.114 25.382 13.890 26.341 5.344 5.610 5.760 0.000 0.000 0.000 0.000 0.000 0.000 0.000 0.000 0.000 0.000 0.000 
0.000 0.000 0.000 0.000 0.000 0.000 -0.000 0.001 23.899 25.647 27.305 26.616 29.233 28.012 28.020 29.655 28.511 27.764 25.281 0.009 6.840 0.000 0.000 0.000 0.000 0.000 0.000 0.000 0.000 0.000 0.000 
0.000 0.000 0.000 0.000 0.000 0.001 0.000 23.594 28.654 24.730 27.492 27.354 27.351 28.569 28.394 27.838 29.341 27.612 28.467 24.279 0.028 0.016 0.000 0.000 0.000 0.000 0.000 0.000 0.000 0.000 0.000 
0.000 0.000 0.000 -0.000 0.000 21.810 28.100 26.844 26.835 27.628 27.867 27.453 26.448 30.165 26.619 27.028 26.848 28.628 27.986 25.862 22.962 0.001 0.000 0.000 -0.000 0.000 0.000 0.000 0.000 0.000 0.000 
0.000 0.000 0.000 0.000 0.000 25.358 26.704 28.719 26.387 28.702 28.500 28.394 29.741 25.408 27.636 27.766 27.970 27.070 26.964 27.671 27.289 0.001 0.000 0.000 0.000 0.000 0.000 0.000 0.000 0.000 0.000 
0.000 0.000 0.000 -0.000 0.000 26.542 27.848 26.406 25.909 27.284 28.646 26.703 27.986 26.773 27.078 27.136 25.879 27.487 29.519 28.333 28.871 27.415 0.000 -0.000 -0.000 -0.000 0.000 0.000 0.000 0.000 0.000 
0.000 0.000 0.000 3.427 28.332 28.351 28.248 27.815 27.079 27.693 26.970 27.951 26.007 28.899 28.184 27.114 27.974 27.281 27.859 27.180 28.385 27.558 23.751 0.000 0.000 0.000 -0.000 0.000 0.000 0.000 0.000 
0.000 0.000 0.000 20.057 26.339 28.427 27.671 26.839 27.842 26.924 27.761 27.853 28.531 29.111 27.364 27.182 28.479 27.514 26.096 27.988 27.083 27.818 10.548 0.001 0.000 0.000 -0.000 -0.000 -0.000 0.000 0.000 
0.000 0.000 0.000 0.000 27.664 26.848 26.830 27.548 27.073 27.233 27.477 28.196 27.425 27.664 27.929 27.148 27.377 29.484 27.702 26.833 27.244 28.930 28.368 0.000 -0.000 0.000 0.000 -0.000 0.000 -0.000 0.000 
0.000 -0.000 0.000 27.294 26.084 26.082 28.121 27.718 27.489 26.731 26.500 26.353 27.369 28.438 25.830 26.569 27.678 27.924 30.101 27.841 26.596 26.966 29.630 25.666 0.000 0.000 0.000 0.000 0.000 -0.000 0.000 
0.000 0.000 0.000 27.462 27.778 26.952 27.206 27.101 26.681 28.579 26.204 25.947 24.489 25.029 26.187 26.863 28.598 28.366 27.422 29.760 27.082 25.853 27.476 0.000 0.000 -0.000 0.000 -0.000 0.000 0.000 0.000 
0.000 0.000 -0.000 27.636 27.748 27.323 29.159 26.128 26.850 27.015 25.146 26.949 22.992 23.516 24.797 25.974 26.785 26.304 27.564 27.602 26.510 27.437 26.092 23.573 -0.000 0.000 0.000 0.000 0.000 0.000 0.000 
0.000 -0.000 0.000 28.451 28.865 27.442 29.223 29.158 28.254 24.108 24.973 24.794 24.549 25.325 23.101 23.704 25.202 27.516 26.326 26.501 25.757 28.098 27.684 0.000 0.000 0.000 0.000 0.000 0.000 0.000 0.000 
-0.000 0.000 0.000 26.185 26.787 27.916 28.180 27.120 25.979 24.041 24.677 25.528 25.329 26.241 25.530 24.553 24.379 25.640 27.249 27.312 26.936 26.597 23.092 0.000 0.000 -0.000 0.000 0.000 0.000 0.000 0.000 
0.000 0.000 -0.000 -0.000 27.993 26.829 28.970 28.385 24.648 23.985 25.018 24.226 24.876 23.450 24.519 25.337 23.862 26.427 27.043 27.440 27.860 25.458 27.388 0.000 0.000 0.000 0.000 0.000 0.000 0.000 0.000 
0.000 0.000 0.000 0.000 26.322 28.106 26.729 27.029 26.049 25.309 24.151 25.062 25.679 23.200 23.959 23.783 24.191 24.184 26.369 26.888 26.735 27.468 -0.000 -0.000 0.000 0.000 0.000 0.000 0.000 0.000 0.000 
0.000 -0.000 0.000 -0.000 0.000 28.164 29.291 28.730 28.561 26.052 26.568 26.694 25.305 23.857 23.864 24.364 24.748 24.710 26.768 26.209 27.567 0.000 0.000 -0.000 0.000 0.000 0.000 0.000 0.000 0.000 0.000 
0.000 0.000 0.000 0.000 -0.000 22.978 28.600 27.599 25.728 25.566 24.219 25.295 23.876 23.794 25.173 26.188 26.485 23.579 29.119 26.981 0.000 0.000 0.000 0.000 0.000 0.000 0.000 0.000 0.000 0.000 0.000 
0.000 0.000 0.000 0.000 0.000 0.000 19.059 26.277 26.830 25.937 24.099 26.067 25.149 25.955 25.354 26.084 25.812 27.019 28.895 22.510 -0.000 0.000 0.000 0.000 0.000 0.000 0.000 0.000 0.000 0.000 0.000 
0.000 0.000 0.000 0.000 0.000 0.000 0.000 0.000 24.047 27.688 26.543 24.863 24.581 24.376 24.785 25.759 25.987 24.983 25.122 0.000 0.000 -0.000 -0.000 0.000 0.000 0.000 0.000 0.000 0.000 0.000 0.000 
0.000 0.000 0.000 0.000 0.000 0.000 0.000 0.000 0.000 0.000 24.386 21.803 22.336 19.130 19.729 23.647 0.000 0.000 0.000 0.000 0.000 0.000 0.000 0.000 0.000 0.000 0.000 0.000 0.000 0.000 0.000 
0.000 0.000 0.000 0.000 0.000 0.000 0.000 0.000 0.000 0.000 0.000 0.000 0.000 0.000 0.000 0.000 0.000 -0.000 0.000 -0.000 0.000 0.000 0.000 0.000 0.000 0.000 0.000 0.000 0.000 0.000 0.000 
0.000 0.000 0.000 0.000 0.000 0.000 0.000 0.000 0.000 0.000 0.000 0.000 0.000 0.000 -0.000 -0.000 0.000 0.000 -0.000 0.000 0.000 0.000 0.000 0.000 0.000 0.000 0.000 0.000 0.000 0.000 0.000 
0.000 0.000 0.000 0.000 0.000 0.000 0.000 0.000 0.000 0.000 0.000 0.000 0.000 0.000 0.000 0.000 0.000 0.000 0.000 0.000 0.000 0.000 0.000 0.000 0.000 0.000 0.000 0.000 0.000 0.000 0.000 
0.000 0.000 0.000 0.000 0.000 0.000 0.000 0.000 0.000 0.000 0.000 0.000 0.000 0.000 0.000 0.000 0.000 0.000 0.000 0.000 0.000 0.000 0.000 0.000 0.000 0.000 0.000 0.000 0.000 0.000 0.000 
0.000 0.000 0.000 0.000 0.000 0.000 0.000 0.000 0.000 0.000 0.000 0.000 0.000 0.000 0.000 0.000 0.000 0.000 0.000 0.000 0.000 0.000 0.000 0.000 0.000 0.000 0.000 0.000 0.000 0.000 0.000 
