# Vol_scan Display Grid (processed)
# Grid size: 31 x 23
# Format: reflectivity
# Ref point: (-59000.000000, 16000.000000)
# Grid res: 1000.000000 meters
-0.000 0.000 0.000 0.000 0.000 0.000 0.000 0.000 0.000 0.000 0.000 0.000 0.000 0.000 0.000 0.000 0.000 0.000 0.000 0.000 0.000 0.000 0.000 
0.000 -0.000 0.000 0.000 0.000 0.000 0.000 0.000 0.000 0.000 0.000 0.000 0.000 0.000 0.000 0.000 0.000 0.000 0.000 0.000 0.000 0.000 0.000 
0.000 0.000 0.000 -0.000 0.000 0.000 0.000 -0.000 0.000 0.000 0.000 0.000 0.000 0.000 0.000 0.000 0.000 0.000 0.000 0.000 0.000 0.000 0.000 
0.000 0.000 -0.000 0.000 0.000 0.000 0.000 8.504 24.981 17.785 10.140 13.870 0.000 0.000 0.000 0.000 0.000 0.000 0.000 0.000 0.000 0.000 0.000 
0.000 0.000 0.000 0.000 0.296 26.136 24.822 27.923 28.179 27.748 29.581 25.845 24.317 23.072 0.000 0.000 0.000 0.000 0.000 0.000 0.000 0.000 0.000 
0.000 0.000 0.000 8.414 24.832 27.763 25.538 27.438 26.616 27.834 28.882 28.450 28.176 28.860 22.795 24.936 -0.000 0.000 0.000 0.000 0.000 0.000 0.000 
0.000 0.000 21.980 27.244 28.833 27.464 27.378 27.286 28.035 29.704 27.487 28.291 28.774 27.379 28.937 28.227 20.376 -0.000 -0.000 0.000 0.000 0.000 0.000 
0.000 8.961 27.439 28.207 28.279 27.373 28.110 27.938 29.186 27.540 28.192 27.470 28.813 28.010 27.067 26.334 27.543 20.731 0.000 0.000 0.000 0.000 0.000 
8.428 27.295 28.377 28.126 29.258 26.911 28.756 28.470 29.634 27.483 28.395 29.139 28.221 28.275 28.442 28.624 28.016 27.628 0.000 0.000 0.000 0.000 0.000 
8.465 29.093 28.138 27.915 27.573 26.569 28.781 26.843 27.620 28.378 28.363 27.501 27.547 28.536 30.197 27.122 27.322 28.385 24.437 0.000 0.000 0.000 0.000 
27.167 28.165 28.112 27.984 27.001 28.222 27.688 29.323 29.196 26.233 27.267 25.682 27.664 27.974 28.644 27.406 27.038 27.893 28.374 0.000 0.000 0.000 0.000 
26.604 27.123 29.468 27.007 28.617 28.244 27.865 26.653 28.460 27.905 30.747 27.332 28.145 28.164 27.956 27.692 28.775 28.998 26.813 0.000 0.000 0.000 0.000 
27.679 28.294 27.794 27.082 29.479 26.589 28.592 27.876 28.211 27.834 29.038 27.664 26.389 27.223 27.623 26.957 27.910 28.440 28.715 0.000 0.000 0.000 0.000 
29.457 29.659 28.503 28.849 26.750 27.032 27.877 27.120 27.720 25.696 28.283 27.820 27.453 28.149 28.397 28.646 27.839 28.787 27.593 22.195 0.000 0.000 0.000 
25.421 26.709 28.041 28.753 26.885 28.114 27.678 26.914 25.901 26.362 26.581 26.467 29.111 26.234 28.616 28.534 28.727 27.535 28.173 19.379 0.000 0.000 0.000 
28.984 29.506 29.819 29.531 27.414 28.617 23.575 24.846 27.139 25.861 27.753 27.159 27.688 29.160 28.336 27.380 28.386 27.772 27.097 0.000 0.000 0.000 0.000 
27.683 28.461 28.131 27.087 27.426 27.224 25.553 26.091 26.873 26.762 25.728 26.273 26.523 25.888 27.303 27.193 28.424 28.015 29.152 0.000 0.000 0.000 0.000 
28.522 28.269 27.223 28.182 29.202 25.761 26.568 26.934 25.131 25.829 27.152 23.848 25.345 25.667 28.111 27.549 27.289 28.136 28.256 0.000 0.000 0.000 0.000 
23.134 25.911 29.023 27.212 27.922 26.149 26.031 25.741 25.995 27.377 26.355 26.931 26.019 26.621 27.680 28.351 27.586 27.968 19.119 0.000 0.000 0.000 0.000 
0.680 28.340 28.722 27.573 28.352 26.521 26.428 26.105 24.929 25.277 24.520 25.040 29.067 27.353 27.360 27.304 27.847 25.089 0.000 0.000 0.000 0.000 0.000 
0.048 1.341 27.495 28.070 27.825 27.207 25.018 25.540 26.839 26.293 25.645 26.098 25.966 25.141 26.826 27.826 25.996 18.656 0.000 0.000 0.000 0.000 0.000 
0.012 0.001 22.611 25.729 27.481 26.197 26.286 26.036 25.743 26.453 25.845 25.392 24.832 25.618 28.206 27.819 23.748 0.000 0.000 0.000 0.000 0.000 0.000 
0.000 0.000 0.000 13.894 23.789 27.448 27.145 24.775 25.878 25.851 26.047 25.290 26.433 27.197 29.981 0.000 0.000 0.000 0.000 0.000 0.000 0.000 0.000 
-0.000 0.000 0.000 0.000 0.000 23.167 24.944 21.186 24.228 23.492 23.160 22.413 25.097 24.653 0.000 0.000 0.000 0.000 0.000 0.000 0.000 0.000 0.000 
0.000 0.000 0.000 0.000 0.000 0.000 0.000 0.000 20.892 18.536 0.000 0.000 0.000 0.000 0.000 0.000 0.000 0.000 0.000 0.000 0.000 0.000 0.000 
0.000 0.000 0.000 -0.000 0.000 0.000 -0.000 0.000 0.000 0.000 -0.000 0.000 0.000 0.000 0.000 0.000 0.000 0.000 0.000 0.000 0.000 0.000 0.000 
0.000 0.000 0.000 0.000 0.000 0.000 0.000 0.000 0.000 0.000 0.000 0.000 0.000 0.000 0.000 0.000 0.000 0.000 0.000 0.000 0.000 0.000 0.000 
0.000 0.000 -0.000 0.000 0.000 0.000 0.000 0.000 0.000 0.000 0.000 0.000 0.000 0.000 0.000 0.000 0.000 0.000 0.000 0.000 0.000 0.000 0.000 
0.000 0.000 0.000 0.000 0.000 -0.000 0.000 0.000 0.000 0.000 0.000 0.000 0.000 0.000 0.000 0.000 0.000 0.000 0.000 0.000 0.000 0.000 0.000 
0.000 0.000 0.000 0.000 0.000 0.000 0.000 0.000 0.000 0.000 0.000 0.000 0.000 0.000 0.000 0.000 0.000 0.000 0.000 0.000 0.000 0.000 0.000 
0.000 0.000 0.000 0.000 0.000 0.000 0.000 0.000 0.000 0.000 0.000 0.000 0.000 0.000 0.000 0.000 0.000 0.000 0.000 0.000 0.000 0.000 0.000 
