# Vol_scan Display Grid (processed)
# Grid size: 29 x 28
# Format: reflectivity
# Ref point: (-79000.000000, 12000.000000)
# Grid res: 1000.000000 meters
0.000 0.000 0.000 0.000 0.000 0.000 0.000 0.000 0.000 0.000 0.000 0.000 0.000 0.000 0.000 0.000 0.000 0.000 0.000 0.000 0.000 0.000 0.000 0.000 0.000 0.000 0.000 0.000 
0.000 0.000 0.000 0.000 0.000 0.000 0.000 0.000 0.000 0.000 0.000 0.000 0.000 0.000 0.000 0.000 0.000 0.000 0.000 0.000 0.000 0.000 0.000 0.000 0.000 0.000 0.000 0.000 
0.000 0.000 0.000 0.000 0.000 0.000 0.000 0.000 -0.000 0.000 0.000 -0.000 -0.000 -0.000 0.000 0.000 0.000 0.000 0.000 0.000 0.000 0.000 0.000 0.000 0.000 0.000 0.000 0.000 
0.000 0.000 0.000 0.000 0.000 0.000 0.000 0.000 0.000 0.000 0.000 -0.000 -0.000 -0.000 0.000 0.000 0.000 0.000 0.000 0.000 0.000 0.000 0.000 0.000 0.000 0.000 0.000 0.000 
0.000 0.000 0.000 0.000 0.000 0.000 0.000 0.000 0.000 0.000 0.000 -0.000 -0.000 0.000 -0.000 -0.000 0.000 0.000 0.000 0.000 0.000 0.000 0.000 0.000 0.000 0.000 0.000 0.000 
0.000 0.000 0.000 0.000 0.000 0.000 0.000 0.000 0.000 -0.000 0.000 0.000 0.000 0.000 -0.000 0.000 -0.000 0.000 0.000 0.000 0.000 0.000 0.000 0.000 0.000 0.000 0.000 0.000 
0.000 0.000 0.000 0.000 0.000 0.000 0.000 0.001 0.000 0.000 0.001 10.498 9.057 11.715 2.564 0.000 0.000 0.000 0.000 0.000 0.000 0.000 0.000 0.000 0.000 0.000 0.000 0.000 
0.000 0.000 0.000 0.000 0.000 3.580 0.008 0.002 0.003 9.753 21.211 22.610 26.217 26.423 27.722 25.276 20.222 12.039 0.000 0.000 0.000 0.000 0.000 0.000 0.000 0.000 0.000 0.000 
0.000 0.000 0.000 0.000 7.270 0.003 0.015 9.307 26.008 27.154 29.200 26.881 28.081 28.755 28.278 29.195 25.557 26.385 25.464 7.320 0.000 0.000 0.000 0.000 0.000 0.000 0.000 0.000 
0.000 0.000 0.000 5.820 3.250 0.060 10.543 27.562 26.376 27.800 28.600 27.683 29.211 30.075 27.987 26.508 27.461 27.271 27.154 26.417 0.000 0.000 0.000 0.000 0.000 0.000 0.000 0.000 
0.000 0.000 0.000 5.200 7.860 24.715 26.722 27.577 27.036 28.067 29.260 26.502 29.573 30.507 29.689 27.395 27.645 27.290 28.714 27.755 26.792 0.000 -0.000 0.000 0.000 0.000 0.000 0.000 
0.000 0.000 5.870 3.557 28.912 28.126 27.210 28.203 28.141 28.747 29.544 27.396 27.370 27.895 27.857 27.676 27.414 27.404 28.552 28.460 27.064 28.101 -0.000 0.000 0.000 0.000 0.000 0.000 
0.000 0.000 5.200 6.603 29.022 25.451 28.253 27.937 29.317 30.266 26.680 27.827 27.519 28.557 26.288 27.062 28.875 28.550 28.348 27.296 27.296 27.897 21.669 0.000 0.000 0.000 0.000 0.000 
0.000 7.010 0.028 31.164 26.062 28.951 26.642 30.470 29.830 27.926 28.363 28.635 27.615 26.697 27.894 27.706 27.155 28.993 25.636 26.654 27.959 28.983 23.901 0.000 0.000 0.000 0.000 0.000 
0.000 4.740 0.153 12.934 27.315 30.415 25.964 28.591 29.191 26.169 30.614 27.087 28.247 27.067 27.469 29.150 27.256 26.903 27.579 29.013 28.199 28.713 28.547 0.000 0.000 -0.000 0.000 0.000 
0.000 6.400 0.012 23.598 28.102 27.518 27.345 27.576 27.676 27.724 28.206 28.526 29.142 26.796 27.339 27.257 28.026 26.709 29.118 28.555 28.962 29.502 28.424 0.000 0.000 0.000 0.000 0.000 
0.000 0.076 0.004 27.755 25.119 27.893 30.106 28.449 28.346 27.773 27.779 26.557 28.702 27.770 28.847 29.466 27.837 27.899 27.388 27.497 27.256 28.271 29.064 -0.000 0.000 0.000 0.000 0.000 
0.000 0.006 0.000 25.871 28.413 26.537 28.338 29.895 29.168 28.135 28.626 27.910 28.303 27.168 28.503 26.151 26.852 28.752 27.926 25.243 26.838 29.015 26.765 0.000 0.000 0.000 0.000 0.000 
0.000 0.001 0.000 28.348 27.955 26.866 28.637 28.665 26.898 29.723 29.008 25.052 27.353 27.143 27.733 28.526 28.970 29.026 29.241 27.576 27.003 29.715 27.071 0.000 0.000 0.000 0.000 0.000 
0.000 0.000 0.000 0.201 29.755 27.556 28.407 27.797 26.591 28.265 26.182 28.178 27.616 24.678 28.670 26.661 27.032 26.340 29.191 26.620 26.968 27.011 27.941 -0.000 0.000 0.000 0.000 0.000 
0.000 0.000 0.000 0.201 28.751 26.927 30.405 29.629 27.526 26.259 26.931 28.580 27.729 28.099 26.898 27.436 28.319 28.483 27.422 28.145 27.672 29.033 28.126 0.000 0.000 0.000 0.000 0.000 
0.000 0.000 0.000 0.001 26.899 28.224 27.711 28.500 28.212 27.322 28.892 28.159 27.945 27.275 27.708 27.100 27.917 26.035 27.995 28.665 27.907 26.044 18.158 0.000 0.000 0.000 0.000 0.000 
0.000 -0.000 0.000 0.000 0.377 27.187 26.037 27.056 28.440 26.561 26.692 26.658 26.823 26.768 26.361 28.580 27.768 26.726 28.352 28.193 28.674 26.222 0.000 0.000 0.000 0.000 0.000 0.000 
0.000 -0.000 0.000 0.000 0.001 27.290 30.875 27.036 29.597 26.493 27.023 25.600 27.260 25.134 27.823 28.789 27.683 27.036 29.654 29.671 26.570 -0.000 0.000 0.000 0.000 0.000 0.000 0.000 
0.000 -0.000 -0.000 0.000 0.000 0.000 24.256 26.805 27.274 26.251 28.590 27.202 26.241 28.584 26.800 27.837 26.452 28.911 28.300 26.633 11.723 0.000 0.000 0.000 0.000 0.000 0.000 0.000 
0.000 0.000 0.000 -0.000 0.000 0.000 0.000 25.852 26.820 29.251 26.184 26.541 27.601 26.601 27.684 28.508 28.197 27.227 26.408 -0.000 0.000 0.000 0.000 0.000 0.000 0.000 0.000 0.000 
0.000 -0.000 0.000 0.000 0.000 0.000 -0.000 -0.000 -0.000 22.596 25.878 26.890 27.199 24.418 29.407 27.222 24.244 21.446 0.000 0.000 0.000 0.000 0.000 0.000 0.000 0.000 0.000 0.000 
0.000 0.000 0.000 0.000 0.000 0.000 0.000 0.000 0.000 0.000 -0.000 19.666 20.314 22.404 0.000 -0.000 0.000 -0.000 0.000 0.000 -0.000 0.000 0.000 0.000 0.000 0.000 0.000 0.000 
0.000 0.000 0.000 0.000 0.000 0.000 0.000 0.000 0.000 0.000 0.000 0.000 0.000 0.000 0.000 0.000 0.000 0.000 0.000 0.000 0.000 0.000 0.000 0.000 0.000 0.000 0.000 0.000 
