# Vol_scan Display Grid (processed)
# Grid size: 31 x 31
# Format: reflectivity
# Ref point: (-31000.000000, 9000.000000)
# Grid res: 1000.000000 meters
0.000 0.000 0.000 0.000 0.000 0.000 0.000 0.000 0.000 0.000 0.000 0.000 0.000 0.000 0.000 0.000 -0.000 0.000 0.000 0.000 0.000 0.000 0.000 0.000 0.000 0.000 0.000 0.000 0.000 0.000 0.000 
0.000 0.000 0.000 0.000 0.000 0.000 0.000 0.000 0.000 0.000 0.000 0.000 0.000 0.000 0.000 0.000 0.000 0.000 0.000 0.000 0.000 0.000 0.000 0.000 0.000 0.000 0.000 0.000 0.000 0.000 0.000 
0.000 0.000 0.000 0.000 0.000 0.000 0.000 0.000 0.000 0.000 0.000 0.000 0.000 0.000 0.000 0.000 0.000 -0.000 0.000 0.000 0.000 0.000 0.000 0.000 0.000 0.000 0.000 0.000 0.000 0.000 0.000 
0.000 0.000 0.000 0.000 0.000 0.000 0.000 0.000 0.000 0.000 0.000 0.000 0.000 -0.000 -0.000 0.000 0.000 -0.000 -0.000 0.000 0.000 0.000 0.000 0.000 0.000 0.000 0.000 0.000 0.000 0.000 0.000 
0.000 0.000 0.000 0.000 0.000 0.000 0.000 0.000 0.000 0.000 0.000 0.000 0.000 0.000 -0.000 18.869 24.729 0.000 -0.000 -0.000 0.000 0.000 0.000 0.000 0.000 0.000 0.000 0.000 0.000 0.000 0.000 
0.000 0.000 0.000 0.000 0.000 0.000 0.000 0.000 0.000 0.000 0.000 0.000 19.996 23.809 28.436 26.169 26.178 29.017 28.593 24.211 22.116 0.000 0.000 0.000 0.000 0.000 0.000 0.000 0.000 0.000 0.000 
0.000 0.000 0.000 0.000 0.000 0.000 0.000 0.000 -0.000 -0.000 0.000 23.534 28.481 26.649 26.996 27.734 27.994 27.115 28.494 29.147 28.084 28.548 27.656 0.000 0.000 0.000 0.000 0.000 0.000 0.000 0.000 
0.000 0.000 0.000 0.000 0.000 0.000 0.000 0.000 0.000 22.835 23.767 26.255 27.263 26.945 29.576 27.876 27.773 27.565 25.946 26.991 27.469 30.094 28.325 27.201 0.000 0.000 0.000 0.000 0.000 0.000 0.000 
0.000 0.000 0.000 0.000 0.000 0.000 0.000 0.000 20.776 27.839 28.427 27.601 25.779 28.149 27.409 28.499 28.493 28.013 27.487 27.478 28.785 29.634 27.333 27.665 22.876 0.000 0.000 0.000 0.000 0.000 0.000 
0.000 0.000 0.000 -0.000 -0.000 0.000 0.000 0.001 27.860 27.097 28.757 29.258 25.194 28.261 28.105 26.149 27.902 28.830 28.372 27.801 27.420 30.337 28.856 29.200 29.305 0.000 -0.000 0.000 0.000 0.000 0.000 
0.000 0.000 0.000 0.000 -0.000 0.000 0.000 19.134 29.695 27.990 27.725 29.691 28.051 27.533 26.413 29.293 29.138 28.696 29.205 28.051 27.984 28.573 27.977 29.545 30.071 27.489 0.000 0.000 -0.000 0.000 0.000 
-0.000 0.000 0.000 0.000 0.000 0.000 -0.000 27.002 28.002 28.191 28.428 26.955 28.935 27.578 25.675 30.855 26.961 28.691 27.727 27.027 26.292 27.349 28.991 27.252 28.507 28.919 0.000 0.000 0.000 0.000 0.000 
0.000 0.000 -0.000 -0.000 -0.000 0.000 0.000 26.115 29.819 27.128 27.674 29.676 28.171 28.591 28.299 28.402 28.760 28.057 27.326 28.759 27.850 27.352 27.815 27.718 27.381 26.667 -0.000 0.000 0.000 0.000 0.000 
0.000 0.000 0.000 0.000 -0.000 0.000 0.072 27.178 28.676 28.582 28.291 26.227 27.024 27.458 26.936 25.571 27.616 27.973 27.275 28.490 26.393 28.007 28.019 26.913 27.129 28.111 26.950 0.000 0.000 0.000 0.000 
0.000 0.000 0.000 0.000 0.000 0.000 3.852 28.131 27.302 29.324 27.910 28.820 28.672 28.792 28.633 28.325 26.859 28.057 28.999 28.410 28.010 25.741 26.698 27.225 27.672 27.308 25.995 -0.000 -0.000 0.000 0.000 
0.000 0.000 0.000 0.000 0.000 0.000 10.405 28.405 28.910 28.784 27.405 27.373 28.380 29.118 28.815 26.943 27.421 27.132 27.580 27.197 28.579 28.041 27.104 28.676 26.221 28.310 26.458 -0.000 0.000 0.000 0.000 
0.000 -0.000 0.000 0.000 0.000 0.000 0.001 30.152 26.386 26.984 29.670 26.781 27.707 26.919 26.641 28.140 27.108 27.856 28.309 27.349 28.073 26.529 27.045 26.730 25.842 28.610 25.947 0.000 0.000 0.000 0.000 
0.000 0.000 0.000 -0.000 0.000 0.000 0.000 27.184 27.424 28.571 28.375 26.808 27.400 27.310 27.389 28.850 27.032 28.227 28.076 27.420 28.341 28.059 27.904 27.197 25.613 27.634 0.000 0.000 0.000 0.000 0.000 
0.000 0.000 0.000 0.000 -0.000 0.000 0.000 24.670 26.409 28.806 26.441 27.549 27.894 27.361 28.530 27.469 27.523 26.436 30.273 25.763 27.818 29.072 26.195 28.351 27.357 27.434 26.364 0.000 0.000 0.000 0.000 
0.000 0.000 0.000 0.000 0.000 0.000 0.000 4.611 29.247 26.231 28.354 25.856 29.685 28.737 27.783 28.091 27.475 27.531 29.382 28.379 28.408 27.891 27.777 28.083 28.791 19.757 -0.000 0.000 0.000 0.000 0.000 
0.000 0.000 0.000 0.000 0.000 0.000 5.710 0.000 23.852 27.434 26.836 27.193 27.597 27.818 25.840 28.833 28.897 28.101 28.001 27.109 24.760 27.407 27.822 29.237 26.802 -0.000 0.000 0.000 0.000 0.000 0.000 
0.000 0.000 0.000 0.000 0.000 0.000 0.000 8.290 0.006 25.554 28.106 26.580 27.782 29.197 28.782 27.236 26.858 26.391 28.777 29.253 27.761 29.762 27.845 28.281 25.747 -0.000 0.000 0.000 0.000 0.000 0.000 
0.000 0.000 0.000 0.000 0.000 0.000 0.000 0.000 5.920 6.529 27.881 29.434 28.167 27.733 28.569 28.946 27.255 27.887 27.409 29.240 26.962 28.542 23.299 19.625 0.000 0.000 0.000 0.000 0.000 0.000 0.000 
0.000 0.000 0.000 0.000 0.000 0.000 0.000 0.000 0.000 6.510 8.267 28.388 27.853 29.562 27.042 26.671 26.435 27.663 27.735 27.660 28.571 25.102 21.530 0.000 -0.000 0.000 0.000 0.000 0.000 0.000 0.000 
0.000 0.000 0.000 0.000 0.000 0.000 0.000 0.000 0.000 0.000 7.230 7.080 0.004 25.984 24.338 25.501 27.558 25.728 24.747 25.380 23.152 -0.000 -0.000 -0.000 -0.000 0.000 0.000 0.000 0.000 0.000 0.000 
0.000 0.000 0.000 0.000 0.000 0.000 0.000 0.000 0.000 0.000 0.000 0.000 2.410 0.006 0.000 0.000 0.000 0.000 0.000 0.000 0.000 0.000 -0.000 0.000 0.000 0.000 0.000 0.000 0.000 0.000 0.000 
0.000 0.000 0.000 0.000 0.000 0.000 0.000 0.000 0.000 0.000 0.000 0.000 0.000 0.000 0.000 0.011 0.000 0.000 0.000 0.000 0.000 0.000 -0.000 -0.000 0.000 0.000 0.000 0.000 0.000 0.000 0.000 
0.000 0.000 0.000 0.000 0.000 0.000 0.000 0.000 0.000 0.000 0.000 0.000 0.000 0.000 0.000 0.000 -0.000 0.000 -0.000 0.000 -0.000 -0.000 0.000 0.000 0.000 0.000 0.000 0.000 0.000 0.000 0.000 
0.000 0.000 0.000 0.000 0.000 0.000 0.000 0.000 0.000 0.000 0.000 0.000 0.000 0.000 0.000 0.000 0.000 0.000 -0.000 0.000 -0.000 0.000 0.000 0.000 0.000 0.000 0.000 0.000 0.000 0.000 0.000 
0.000 0.000 0.000 0.000 0.000 0.000 0.000 0.000 0.000 0.000 0.000 0.000 0.000 0.000 0.000 0.000 0.000 0.000 0.000 0.000 -0.000 0.000 0.000 0.000 0.000 0.000 0.000 0.000 0.000 0.000 0.000 
0.000 0.000 0.000 0.000 0.000 0.000 0.000 0.000 0.000 0.000 0.000 0.000 0.000 0.000 0.000 0.000 0.000 0.000 0.000 0.000 0.000 0.000 0.000 0.000 0.000 0.000 0.000 0.000 0.000 0.000 0.000 
