# Vol_scan Display Grid (processed)
# Grid size: 31 x 30
# Format: reflectivity
# Ref point: (-41000.000000, 10000.000000)
# Grid res: 1000.000000 meters
0.000 0.000 0.000 0.000 0.000 0.000 0.000 0.000 0.000 0.000 0.000 0.000 0.000 0.000 0.000 0.000 0.000 0.000 -0.000 0.000 0.000 0.000 0.000 0.000 0.000 0.000 0.000 0.000 0.000 0.000 
0.000 0.000 0.000 0.000 0.000 0.000 0.000 0.000 0.000 0.000 0.000 0.000 0.000 0.000 0.000 0.000 -0.000 0.000 0.000 0.000 0.000 0.000 0.000 0.000 0.000 0.000 0.000 0.000 0.000 0.000 
0.000 0.000 0.000 0.000 0.000 0.000 0.000 0.000 0.000 0.000 0.000 0.000 0.000 0.000 0.000 -0.000 -0.000 0.000 0.000 -0.000 0.000 0.000 0.000 0.000 0.000 0.000 0.000 0.000 0.000 0.000 
0.000 0.000 0.000 0.000 0.000 0.000 0.000 0.000 0.000 0.000 0.000 0.000 -0.000 0.000 0.000 -0.000 0.000 0.000 0.000 0.000 0.000 0.000 0.000 0.000 0.000 0.000 0.000 0.000 0.000 0.000 
0.000 0.000 0.000 0.000 0.000 0.000 0.000 0.000 0.000 0.000 0.000 23.086 23.615 23.152 27.199 27.199 26.644 28.258 21.715 20.126 -0.000 0.000 0.000 0.000 0.000 0.000 0.000 0.000 0.000 0.000 
0.000 0.000 0.000 0.000 0.000 0.000 0.000 0.000 -0.000 9.699 29.079 28.380 28.227 28.067 26.510 28.209 27.529 26.922 26.854 29.137 25.279 22.943 0.000 0.000 0.000 0.000 0.000 0.000 0.000 0.000 
0.000 0.000 0.000 0.000 0.000 0.000 0.000 0.000 22.474 23.434 27.124 29.049 29.008 28.662 29.553 28.469 28.154 27.956 28.187 27.547 27.068 28.052 27.472 0.000 0.000 0.000 0.000 0.000 0.000 0.000 
0.000 -0.000 -0.000 0.000 0.000 0.000 0.000 0.001 26.360 27.001 27.955 28.427 26.935 28.505 26.518 27.850 28.726 26.801 27.506 28.689 27.761 29.487 28.555 28.437 0.000 0.000 0.000 0.000 0.000 0.000 
0.000 0.000 0.000 0.000 0.000 0.000 0.001 26.310 28.016 28.401 28.183 28.005 28.600 27.302 27.390 27.840 27.995 27.555 27.641 27.857 27.250 27.784 28.399 28.778 0.000 0.000 0.000 0.000 0.000 0.000 
0.000 -0.000 0.000 -0.000 0.000 0.000 6.243 28.754 27.906 29.456 28.921 27.187 29.399 28.498 28.270 28.091 27.837 26.888 26.427 28.046 27.806 27.416 29.071 28.862 22.245 0.000 0.000 0.000 0.000 0.000 
0.000 0.000 0.000 0.000 0.000 0.001 27.180 27.109 28.771 25.563 26.128 27.880 27.630 27.651 27.065 28.937 28.888 27.068 27.348 29.471 27.080 29.823 27.637 28.338 27.786 0.000 0.000 0.000 0.000 0.000 
0.000 0.000 -0.000 0.000 0.000 0.002 29.367 27.225 28.594 28.746 26.475 26.961 27.697 26.362 28.105 28.501 28.458 26.048 26.998 27.850 26.360 27.538 28.368 26.934 28.336 0.000 0.000 -0.000 0.000 0.000 
0.000 0.000 0.000 0.000 0.000 0.002 27.384 27.606 28.151 29.585 28.629 28.931 27.690 28.297 27.965 27.785 27.747 28.801 27.698 26.287 28.303 27.825 26.125 28.183 26.691 26.417 0.000 0.000 0.000 0.000 
0.000 0.000 0.000 0.000 0.000 17.492 29.212 28.456 27.551 28.154 28.460 27.627 27.927 29.382 29.287 29.963 28.673 27.585 27.290 27.424 27.874 26.766 28.576 28.324 27.273 29.038 0.000 0.000 0.000 0.000 
0.000 0.000 0.000 0.000 0.000 8.524 27.953 29.193 28.594 28.071 28.568 28.172 28.277 35.976 34.372 34.034 35.221 33.459 33.484 28.534 26.715 29.127 26.900 26.639 28.875 27.106 0.000 0.000 0.000 0.000 
0.000 0.000 0.000 0.000 0.000 0.446 27.735 26.383 27.607 28.305 26.638 26.796 34.889 36.225 34.618 35.558 35.972 35.383 37.900 34.497 27.183 29.183 27.382 27.762 27.654 28.323 -0.000 0.000 0.000 0.000 
0.000 0.000 0.000 0.008 0.000 0.003 29.395 28.201 26.057 28.801 27.931 33.686 37.782 35.590 38.117 35.459 35.409 37.845 36.698 37.328 29.160 27.979 28.639 27.789 27.872 0.000 -0.000 0.000 0.000 0.000 
0.000 0.000 0.000 0.000 0.037 0.000 27.701 28.367 29.017 26.538 27.828 36.465 34.786 37.346 35.233 36.375 35.511 34.816 37.720 37.240 33.575 27.300 28.844 28.880 27.569 0.000 0.000 0.000 0.000 0.000 
0.000 0.000 0.000 0.000 0.000 9.568 3.938 27.046 29.801 28.160 27.491 36.052 36.342 35.376 36.709 35.538 36.341 35.914 35.744 37.251 35.673 28.686 28.020 27.740 24.662 0.000 0.000 0.000 0.000 0.000 
0.000 0.000 0.000 0.000 0.000 0.023 2.498 28.966 26.657 28.604 34.340 38.162 35.471 36.672 37.463 36.282 34.562 34.280 35.531 36.027 35.550 27.561 30.180 30.106 0.000 0.000 0.000 0.000 0.000 0.000 
0.000 0.000 0.000 0.000 0.000 0.000 6.102 4.404 29.204 27.758 27.897 37.369 35.022 35.784 36.133 37.802 36.413 35.561 38.508 36.528 31.516 28.452 29.082 26.663 0.000 0.000 0.000 0.000 0.000 0.000 
0.000 0.000 0.000 0.000 0.000 0.000 0.000 6.778 25.173 21.269 28.563 33.652 35.522 34.258 36.182 38.003 37.798 37.354 36.914 36.068 27.516 27.976 -0.000 0.000 0.000 0.000 0.000 0.000 0.000 0.000 
0.000 0.000 0.000 0.000 0.000 0.000 0.000 0.000 6.645 0.115 22.968 29.932 35.613 35.563 38.745 36.341 38.595 36.232 34.038 32.435 22.894 20.452 -0.000 0.000 0.000 0.000 0.000 0.000 0.000 0.000 
0.000 0.000 0.000 0.000 0.000 0.000 0.000 0.000 0.000 6.468 0.118 24.458 24.200 34.746 35.480 32.084 31.387 29.642 28.035 23.354 18.890 0.000 0.000 0.000 0.000 0.000 0.000 0.000 0.000 0.000 
0.000 0.000 0.000 0.000 0.000 0.000 0.000 0.000 0.000 0.000 0.039 0.040 0.000 0.003 0.003 24.579 24.870 0.000 0.000 0.000 0.000 0.000 0.000 0.000 0.000 0.000 0.000 0.000 0.000 0.000 
0.000 0.000 0.000 0.000 0.000 0.000 0.000 0.000 0.000 0.000 0.000 0.043 0.001 0.000 0.000 0.000 0.000 0.000 0.000 0.000 0.000 -0.000 0.000 0.000 0.000 0.000 0.000 0.000 0.000 0.000 
0.000 0.000 0.000 0.000 0.000 0.000 0.000 0.000 0.000 0.000 0.000 0.000 0.000 0.000 -0.000 0.000 0.000 -0.000 0.000 0.000 0.000 0.000 0.000 0.000 0.000 0.000 0.000 0.000 0.000 0.000 
0.000 0.000 0.000 0.000 0.000 0.000 0.000 0.000 0.000 0.000 0.000 0.000 0.000 0.000 0.000 0.000 -0.000 -0.000 -0.000 0.000 0.000 0.000 0.000 0.000 0.000 0.000 0.000 0.000 0.000 0.000 
0.000 0.000 0.000 0.000 0.000 0.000 0.000 0.000 0.000 0.000 0.000 0.000 0.000 0.000 0.000 0.000 0.000 0.000 0.000 0.000 0.000 0.000 0.000 0.000 0.000 0.000 0.000 0.000 0.000 0.000 
0.000 0.000 0.000 0.000 0.000 0.000 0.000 0.000 0.000 0.000 0.000 0.000 0.000 0.000 0.000 0.000 0.000 0.000 0.000 0.000 0.000 0.000 0.000 0.000 0.000 0.000 0.000 0.000 0.000 0.000 
0.000 0.000 0.000 0.000 0.000 0.000 0.000 0.000 0.000 0.000 0.000 0.000 0.000 0.000 0.000 0.000 0.000 0.000 0.000 0.000 0.000 0.000 0.000 0.000 0.000 0.000 0.000 0.000 0.000 0.000 
