# Vol_scan Display Grid (processed)
# Grid size: 28 x 27
# Format: reflectivity
# Ref point: (-76000.000000, 13000.000000)
# Grid res: 1000.000000 meters
0.000 0.000 0.000 0.000 0.000 0.000 0.000 0.000 0.000 0.000 0.000 0.000 0.000 0.000 0.000 0.000 0.000 0.000 0.000 0.000 0.000 0.000 0.000 0.000 0.000 0.000 0.000 
0.000 0.000 0.000 0.000 0.000 0.000 0.000 0.000 0.000 -0.000 -0.000 -0.000 0.000 0.000 0.000 0.000 0.000 0.000 0.000 0.000 0.000 0.000 0.000 0.000 0.000 0.000 0.000 
0.000 0.000 0.000 0.000 0.000 0.000 0.000 -0.000 0.000 -0.000 0.000 0.000 0.000 0.000 0.000 0.000 0.000 0.000 0.000 0.000 0.000 0.000 0.000 0.000 0.000 0.000 0.000 
0.000 0.000 0.000 0.000 0.000 0.000 0.000 0.000 0.000 0.000 -0.000 0.000 -0.000 0.000 0.000 0.000 0.000 0.000 0.000 0.000 0.000 0.000 0.000 0.000 0.000 0.000 0.000 
0.000 0.000 0.000 0.000 0.000 0.000 0.000 0.000 0.000 0.000 0.000 0.000 0.000 -0.000 0.000 0.000 0.000 0.000 0.000 0.000 0.000 0.000 0.000 0.000 0.000 0.000 0.000 
0.000 0.000 0.000 0.000 0.000 0.000 0.000 0.000 0.000 0.000 0.005 0.002 0.000 0.000 0.000 -0.000 0.000 0.000 0.000 0.000 0.000 0.000 0.000 0.000 0.000 0.000 0.000 
0.000 0.000 0.000 0.000 0.000 -0.000 0.000 0.002 9.631 12.931 25.857 23.761 25.899 21.612 7.662 5.369 -0.000 0.000 0.000 0.000 0.000 0.000 0.000 0.000 0.000 0.000 0.000 
0.000 0.000 0.000 0.000 0.007 0.000 8.077 17.021 24.772 27.365 26.744 27.767 25.961 28.137 27.610 27.411 24.870 14.510 0.000 0.000 0.000 0.000 0.000 0.000 0.000 0.000 0.000 
0.000 0.000 0.000 7.210 0.077 4.923 24.886 26.147 29.130 27.972 27.284 27.724 27.468 28.321 27.182 29.971 28.162 26.973 23.434 0.000 0.000 0.000 0.000 0.000 0.000 0.000 0.000 
0.000 0.000 4.210 0.011 3.980 26.575 27.554 28.300 29.855 28.935 28.723 28.330 27.155 27.958 29.111 26.538 27.677 26.155 27.760 23.659 -0.000 0.000 0.000 0.000 0.000 0.000 0.000 
0.000 6.410 6.730 0.078 23.915 26.050 27.162 26.662 28.754 26.814 28.157 27.981 26.570 27.332 28.864 27.686 27.472 27.517 29.657 29.394 21.667 0.000 0.000 0.000 0.000 0.000 0.000 
0.000 6.770 7.635 22.165 29.878 26.646 28.440 27.180 27.851 28.549 29.825 28.452 28.672 29.720 26.936 29.234 26.593 29.313 27.719 26.883 27.676 0.000 0.000 0.000 0.000 0.000 0.000 
0.000 7.040 6.693 27.335 29.223 28.183 26.211 29.526 26.886 27.013 27.286 27.842 28.111 29.677 27.145 28.614 27.043 28.749 28.572 27.575 28.614 26.607 -0.000 0.000 0.000 0.000 0.000 
0.000 2.588 26.673 28.420 27.967 28.121 29.883 29.414 28.605 27.823 29.446 28.423 28.200 26.248 27.425 25.785 28.160 28.152 26.151 29.113 29.082 27.225 -0.000 0.000 0.000 0.000 0.000 
0.000 0.410 10.884 28.413 26.783 27.603 27.352 27.316 28.368 26.633 27.696 27.363 28.037 26.906 29.041 26.953 26.053 28.675 30.746 26.699 27.297 26.613 -0.000 -0.000 0.000 0.000 0.000 
0.000 0.301 27.719 28.392 26.150 26.740 29.883 27.250 27.673 28.733 27.884 28.408 28.701 25.914 29.193 29.745 26.955 27.532 27.807 28.345 29.688 28.361 -0.000 -0.000 -0.000 0.000 0.000 
0.000 0.011 27.479 26.382 28.665 27.473 29.066 28.834 27.896 29.080 28.481 28.006 26.782 28.016 28.259 28.090 26.842 26.820 28.582 29.160 27.438 28.261 0.000 0.000 0.000 0.000 0.000 
0.000 0.001 29.868 27.429 28.470 28.143 27.861 28.213 28.244 27.020 25.345 26.571 26.477 27.702 29.366 26.301 27.080 28.125 28.510 27.099 27.250 26.558 0.000 0.000 0.000 0.000 0.000 
0.000 0.000 12.886 27.580 28.126 28.999 28.049 28.962 28.119 26.334 28.345 26.179 26.042 27.926 28.097 27.563 26.671 26.727 27.811 28.031 27.723 27.892 -0.000 0.000 0.000 0.000 0.000 
0.000 0.000 8.023 27.783 31.687 28.317 27.068 30.161 27.004 26.361 26.403 27.393 25.897 28.354 27.507 27.736 27.133 28.632 28.034 28.265 28.266 29.507 0.000 0.000 0.000 0.000 0.000 
0.000 0.000 0.001 28.548 28.891 29.793 28.319 26.991 26.617 26.194 25.215 26.594 25.545 27.879 27.407 28.128 26.662 27.269 27.828 27.190 30.441 25.898 0.000 0.000 0.000 0.000 0.000 
-0.000 0.000 0.000 25.533 27.072 28.929 28.242 26.210 25.485 27.279 25.939 26.079 26.172 27.406 26.394 28.036 27.555 28.731 27.009 29.073 28.031 0.000 0.000 0.000 0.000 0.000 0.000 
0.000 0.000 0.000 0.001 23.595 27.894 28.651 27.930 27.094 26.629 28.444 26.995 25.692 27.482 27.029 26.178 26.028 28.669 28.156 27.717 21.871 0.000 0.000 0.000 0.000 0.000 0.000 
0.000 0.000 0.000 0.000 0.954 28.051 27.258 28.004 25.149 26.877 25.859 28.225 27.200 26.827 26.642 26.981 27.057 26.433 28.489 23.761 0.000 0.000 0.000 0.000 0.000 0.000 0.000 
0.000 -0.000 -0.000 0.000 0.000 0.001 23.972 27.583 26.188 27.420 27.226 26.632 27.658 28.513 26.928 26.930 27.718 28.112 23.375 -0.000 0.000 0.000 0.000 0.000 0.000 0.000 0.000 
0.000 -0.000 -0.000 0.000 0.000 0.000 0.000 12.694 24.686 27.448 26.877 26.486 25.971 25.942 29.045 26.146 23.880 16.730 0.000 0.000 -0.000 0.000 0.000 0.000 0.000 0.000 0.000 
0.000 0.000 0.000 0.000 -0.000 0.000 0.000 0.000 0.000 22.092 21.992 23.416 21.175 26.246 24.745 20.701 0.000 -0.000 -0.000 0.000 -0.000 0.000 0.000 0.000 0.000 0.000 0.000 
0.000 0.000 0.000 0.000 0.000 0.000 0.000 0.000 0.000 0.000 0.000 0.000 0.000 0.000 0.000 0.000 0.000 0.000 0.000 0.000 0.000 0.000 0.000 0.000 0.000 0.000 0.000 
