# Vol_scan Display Grid (processed)
# Grid size: 29 x 27
# Format: reflectivity
# Ref point: (-80000.000000, 12000.000000)
# Grid res: 1000.000000 meters
0.000 0.000 0.000 0.000 0.000 0.000 0.000 0.000 0.000 0.000 0.000 0.000 0.000 0.000 0.000 0.000 0.000 0.000 0.000 0.000 0.000 0.000 0.000 0.000 0.000 0.000 0.000 
0.000 0.000 0.000 0.000 0.000 0.000 0.000 0.000 0.000 -0.000 -0.000 0.000 -0.000 -0.000 0.000 0.000 0.000 0.000 0.000 0.000 0.000 0.000 0.000 0.000 0.000 0.000 0.000 
0.000 0.000 0.000 0.000 0.000 0.000 0.000 0.000 -0.000 -0.000 0.000 0.000 0.000 0.000 0.000 0.000 0.000 0.000 0.000 0.000 0.000 0.000 0.000 0.000 0.000 0.000 0.000 
0.000 0.000 0.000 0.000 0.000 0.000 0.000 0.000 -0.000 0.000 0.000 0.000 -0.000 -0.000 0.000 -0.000 0.000 0.000 0.000 0.000 0.000 0.000 0.000 0.000 0.000 0.000 0.000 
0.000 0.000 0.000 0.000 0.000 0.000 0.000 0.000 -0.000 -0.000 -0.000 -0.000 -0.000 -0.000 0.000 0.000 0.000 0.000 0.000 0.000 0.000 0.000 0.000 0.000 0.000 0.000 0.000 
0.000 0.000 0.000 0.000 0.000 0.000 0.000 0.000 0.000 0.000 0.000 0.000 0.000 0.000 0.000 0.000 0.000 0.000 0.000 0.000 0.000 0.000 0.000 0.000 0.000 0.000 0.000 
0.000 0.000 0.000 0.000 0.000 0.000 0.000 0.010 0.000 0.002 3.888 7.853 21.693 21.717 7.880 0.044 0.031 0.000 0.000 0.000 0.000 0.000 0.000 0.000 0.000 0.000 0.000 
0.000 0.000 0.000 0.000 0.000 6.290 0.009 0.003 7.898 19.335 22.766 27.478 28.146 28.420 26.993 24.043 24.779 24.793 3.129 0.000 0.000 0.000 0.000 0.000 0.000 0.000 0.000 
0.000 0.000 0.000 0.000 4.930 0.002 0.016 17.338 24.585 28.682 27.692 28.260 27.967 29.534 29.228 27.626 26.781 27.829 26.107 0.390 0.000 0.000 0.000 0.000 0.000 0.000 0.000 
0.000 0.000 0.000 7.600 5.160 0.084 23.076 28.772 25.951 29.449 27.876 26.567 27.224 29.205 27.774 28.948 29.065 27.005 26.396 26.551 8.994 0.000 0.000 0.000 0.000 0.000 0.000 
0.000 0.000 0.000 7.100 5.932 26.027 27.354 27.632 27.557 27.630 27.634 27.968 30.078 27.611 26.897 29.041 27.926 28.370 27.139 26.880 25.095 0.000 0.000 0.000 0.000 0.000 0.000 
0.000 0.000 6.640 7.155 26.093 30.009 28.219 26.169 28.806 27.872 28.785 28.111 27.001 27.947 28.641 27.384 27.056 27.181 25.948 27.306 28.110 25.171 0.000 0.000 0.000 0.000 0.000 
0.000 0.000 6.640 4.931 26.427 27.229 27.249 27.556 28.897 27.631 27.309 29.586 29.105 28.453 27.433 27.512 26.529 28.078 27.567 26.505 30.396 26.504 -0.000 0.000 0.000 0.000 0.000 
0.000 6.050 4.492 24.577 27.452 24.995 28.445 28.387 30.070 28.963 28.971 28.235 27.359 28.444 28.997 26.379 28.451 27.164 28.796 28.227 29.362 28.142 27.978 0.000 -0.000 0.000 0.000 
0.000 5.080 0.188 23.402 26.581 27.465 27.726 28.695 29.395 29.055 27.048 27.523 28.097 28.018 28.469 27.385 26.497 26.641 29.804 28.533 28.495 28.625 28.916 0.000 0.000 0.000 0.000 
0.000 8.530 0.023 26.945 27.647 27.895 27.882 29.133 27.220 29.182 27.644 27.826 27.172 26.192 28.362 26.312 28.174 27.862 28.403 28.737 26.945 27.605 27.061 0.000 0.000 -0.000 0.000 
0.000 0.008 0.002 27.614 28.102 28.935 28.250 27.259 28.460 28.066 28.565 29.236 29.106 28.466 27.566 28.065 28.993 26.403 29.740 28.208 28.807 28.166 27.031 0.000 0.000 0.000 0.000 
0.000 0.007 0.000 29.091 27.923 28.991 28.478 27.124 28.258 28.304 25.478 25.357 28.698 27.055 27.696 27.757 28.159 28.508 28.420 29.888 27.129 27.970 28.495 -0.000 0.000 0.000 0.000 
0.000 0.000 0.000 6.724 27.487 27.292 27.189 27.820 27.654 28.933 26.884 27.174 26.767 25.785 27.427 26.722 26.008 29.288 29.384 28.476 27.998 28.289 27.774 0.000 0.000 0.000 0.000 
0.000 -0.000 0.000 5.596 27.356 27.801 27.350 28.014 27.867 28.550 27.537 28.670 28.336 26.967 27.098 27.406 26.761 28.491 26.625 26.679 28.289 25.685 29.034 0.000 0.000 0.000 0.000 
0.000 0.000 0.000 0.000 28.447 27.964 27.697 28.055 28.680 28.691 29.353 27.571 26.928 27.682 29.390 26.133 29.014 26.863 28.036 28.097 28.008 28.403 24.500 0.000 0.000 0.000 0.000 
0.000 0.000 0.000 0.001 25.679 28.461 29.820 29.164 26.526 26.429 27.779 26.864 26.101 28.415 28.130 27.875 27.067 27.777 28.052 28.488 28.153 27.593 0.000 0.000 0.000 0.000 0.000 
0.000 0.000 0.000 0.000 0.175 26.773 27.591 28.154 26.987 27.159 29.070 27.210 26.415 27.622 27.403 28.262 27.117 26.356 28.689 28.651 26.732 24.579 0.000 0.000 0.000 0.000 0.000 
-0.000 -0.000 -0.000 0.000 0.000 0.001 27.814 29.224 27.494 26.698 27.157 25.796 28.787 25.600 28.085 27.042 27.589 27.925 28.420 28.904 26.287 0.000 0.000 0.000 0.000 0.000 0.000 
0.000 -0.000 0.000 -0.000 0.000 0.000 22.110 26.456 26.092 27.324 27.626 28.226 27.420 27.090 27.735 26.727 27.257 27.168 26.481 25.303 -0.000 0.000 0.000 0.000 0.000 0.000 0.000 
0.000 -0.000 0.000 0.000 0.000 0.000 0.000 24.408 23.554 27.042 27.431 27.206 26.178 26.653 29.254 25.898 27.147 28.184 23.933 -0.000 0.000 0.000 0.000 0.000 0.000 0.000 0.000 
0.000 0.000 0.000 0.000 0.000 -0.000 -0.000 0.000 0.000 -0.000 22.532 24.296 23.517 28.402 27.048 22.829 21.826 0.000 0.000 -0.000 0.000 0.000 0.000 0.000 0.000 0.000 0.000 
0.000 0.000 0.000 0.000 0.000 0.000 0.000 0.000 0.000 0.000 0.000 0.000 0.000 0.000 19.869 -0.000 0.000 0.000 0.000 0.000 0.000 0.000 0.000 0.000 0.000 0.000 0.000 
0.000 0.000 0.000 0.000 0.000 0.000 0.000 0.000 0.000 0.000 0.000 0.000 0.000 0.000 0.000 0.000 0.000 0.000 0.000 0.000 0.000 0.000 0.000 0.000 0.000 0.000 0.000 
