# Vol_scan Display Grid (processed)
# Grid size: 29 x 32
# Format: reflectivity
# Ref point: (-89000.000000, 11000.000000)
# Grid res: 1000.000000 meters
0.000 0.000 0.000 0.000 0.000 0.000 0.000 0.000 0.000 0.000 0.000 0.000 0.000 0.000 0.000 0.000 0.000 0.000 0.000 0.000 0.000 0.000 0.000 0.000 0.000 0.000 0.000 0.000 0.000 0.000 0.000 0.000 
0.000 0.000 0.000 0.000 -0.000 -0.000 0.000 0.000 0.000 0.000 0.000 -0.000 -0.000 -0.000 0.000 0.000 0.000 0.000 0.000 0.000 0.000 0.000 0.000 0.000 0.000 0.000 0.000 0.000 0.000 0.000 0.000 0.000 
0.000 0.000 0.000 0.000 -0.000 -0.000 -0.000 0.000 0.000 -0.000 0.000 0.000 0.000 0.006 0.004 6.970 4.430 0.000 0.000 0.000 0.000 0.000 0.000 0.000 0.000 0.000 0.000 0.000 0.000 0.000 0.000 0.000 
0.000 0.000 0.000 -0.000 0.000 0.000 0.000 0.000 0.000 0.004 0.003 25.386 11.759 19.851 30.492 29.217 28.131 6.551 7.640 -0.000 0.000 0.000 0.000 0.000 0.000 0.000 0.000 0.000 0.000 0.000 0.000 0.000 
0.000 0.000 0.000 -0.000 -0.000 -0.000 0.000 0.000 0.003 24.723 22.939 28.554 27.484 28.804 28.835 27.886 26.327 29.442 28.589 0.005 0.011 -0.000 -0.000 0.000 0.000 0.000 0.000 0.000 0.000 0.000 0.000 0.000 
0.000 0.000 0.000 0.000 0.000 -0.000 0.000 27.068 24.214 27.663 27.925 26.557 27.600 28.919 28.169 30.260 28.470 30.012 26.605 28.402 0.006 0.000 0.000 -0.000 -0.000 0.000 0.000 0.000 0.000 0.000 0.000 0.000 
0.000 0.000 0.000 0.000 0.000 0.000 26.847 27.798 29.464 29.664 27.683 28.125 27.800 26.824 28.606 29.383 28.822 27.767 27.893 28.523 27.118 0.003 0.000 0.000 0.000 0.000 -0.000 0.000 0.000 0.000 0.000 0.000 
0.000 0.000 0.000 0.000 -0.000 29.168 29.168 26.959 28.588 27.199 29.191 28.695 28.398 28.740 27.443 28.020 29.168 28.152 29.328 28.383 27.538 20.920 25.198 0.000 0.000 0.000 0.000 0.000 -0.000 -0.000 0.000 0.000 
0.000 0.000 -0.000 -0.000 0.000 30.227 28.350 28.330 27.708 28.690 27.273 28.914 26.536 27.605 28.813 29.818 28.261 28.139 26.333 29.709 28.918 27.062 18.892 0.000 0.000 -0.000 0.000 -0.000 0.000 0.000 -0.000 -0.000 
0.000 0.000 0.000 0.000 0.000 27.074 27.750 30.134 29.614 28.852 27.416 30.150 27.513 28.100 28.501 26.582 28.013 29.801 28.469 28.838 26.933 30.611 28.252 -0.000 -0.000 0.000 0.000 -0.000 0.000 -0.000 0.000 0.000 
0.000 0.000 0.000 0.062 0.079 27.810 27.575 27.814 28.036 27.788 28.540 29.701 28.181 27.127 26.609 27.077 27.914 29.651 27.849 27.169 27.479 28.030 27.607 0.000 0.000 0.000 -0.000 0.000 0.000 -0.000 0.000 -0.000 
0.000 0.000 -0.000 -0.000 0.000 27.330 26.956 27.300 27.627 26.834 27.996 29.765 27.904 25.438 26.821 27.914 29.309 28.700 28.305 29.267 27.779 27.867 27.893 29.485 0.000 0.000 -0.000 0.000 -0.000 0.000 0.000 0.000 
0.000 0.000 0.000 0.000 28.122 28.166 28.998 29.472 27.857 28.511 28.432 29.187 28.885 26.962 27.805 27.344 27.404 28.760 27.629 30.041 27.017 27.561 28.575 29.463 0.000 0.000 0.000 0.000 -0.000 0.000 0.000 0.000 
0.000 0.000 0.000 0.000 29.075 27.028 27.713 28.894 28.490 27.605 27.425 29.332 28.428 28.780 29.437 28.266 27.289 28.480 28.481 27.140 25.736 26.975 29.467 0.001 0.000 0.000 0.000 0.000 0.000 0.000 0.000 0.000 
0.000 0.000 0.000 0.000 28.399 27.706 29.723 27.217 28.320 27.733 28.543 29.708 27.473 28.787 27.757 28.082 28.839 27.032 28.627 28.850 27.172 28.775 27.980 27.182 -0.000 0.000 -0.000 0.000 0.000 0.000 0.000 0.000 
0.000 0.000 -0.000 0.000 27.364 28.359 29.448 26.237 26.816 27.695 30.321 27.909 27.544 27.076 27.794 27.727 30.129 28.230 29.255 28.734 26.495 29.735 26.560 27.289 0.000 -0.000 0.000 0.000 -0.000 0.000 0.000 0.000 
0.000 0.000 -0.000 0.000 26.151 27.140 28.317 27.892 28.255 27.655 28.422 27.515 30.185 28.631 27.983 29.008 27.955 27.778 27.903 27.745 27.558 28.472 28.496 27.582 0.000 0.000 0.000 -0.000 0.000 0.000 0.000 0.000 
0.000 0.000 0.000 0.000 0.000 30.011 27.220 28.698 28.114 27.839 26.422 27.956 27.827 25.841 26.279 27.695 27.227 27.990 28.671 27.672 27.216 26.690 27.850 0.000 0.000 0.000 0.000 0.000 0.000 0.000 0.000 0.000 
0.000 0.000 0.000 0.000 0.000 26.369 27.574 29.153 29.132 27.730 29.086 27.255 29.613 25.576 29.508 27.318 28.520 28.048 28.033 29.008 28.846 28.253 28.426 -0.000 -0.000 0.000 0.000 0.000 0.000 0.000 0.000 0.000 
0.000 0.000 0.000 0.000 0.000 -0.000 27.633 27.582 30.012 27.348 28.227 27.529 28.970 26.800 28.270 26.461 26.511 28.984 27.882 27.205 27.479 28.664 0.000 0.000 0.000 -0.000 -0.000 0.000 0.000 0.000 0.000 0.000 
0.000 -0.000 -0.000 0.000 -0.000 0.000 0.000 28.365 28.368 28.622 28.110 27.174 27.966 26.792 29.109 29.566 27.336 26.614 27.656 28.226 24.142 25.854 0.000 0.000 0.000 0.000 0.000 0.000 0.000 0.000 0.000 0.000 
0.000 0.000 0.000 0.000 0.000 0.000 -0.000 0.000 26.258 27.445 28.497 28.404 27.964 28.425 27.936 27.704 27.011 29.458 25.322 29.216 0.000 -0.000 0.000 0.000 0.000 0.000 0.000 0.000 0.000 0.000 0.000 0.000 
0.000 0.000 0.000 0.000 0.000 0.000 0.000 0.000 0.000 30.196 23.737 27.407 28.514 25.817 27.575 28.567 27.343 29.284 23.542 0.000 0.000 -0.000 0.000 -0.000 0.000 0.000 0.000 0.000 0.000 0.000 0.000 0.000 
0.000 0.000 0.000 0.000 0.000 0.000 0.000 0.000 0.000 0.000 0.000 24.252 27.398 22.236 27.090 25.415 0.000 23.684 0.000 0.000 0.000 0.000 0.000 -0.000 0.000 0.000 0.000 0.000 0.000 0.000 0.000 0.000 
0.000 0.000 0.000 0.000 0.000 0.000 0.000 0.000 0.000 0.000 0.000 0.000 0.000 0.000 0.000 -0.000 0.000 0.000 0.000 0.000 0.000 0.000 0.000 0.000 0.000 0.000 0.000 0.000 0.000 0.000 0.000 0.000 
0.000 0.000 0.000 0.000 0.000 0.000 0.000 0.000 0.000 0.000 0.000 0.000 0.000 0.000 0.000 0.000 0.000 0.000 0.000 -0.000 0.000 0.000 0.000 0.000 0.000 0.000 0.000 0.000 0.000 0.000 0.000 0.000 
0.000 0.000 0.000 0.000 0.000 0.000 0.000 0.000 0.000 0.000 0.000 0.000 0.000 0.000 0.000 0.000 0.000 0.000 0.000 0.000 -0.000 -0.000 0.000 0.000 0.000 0.000 0.000 0.000 0.000 0.000 0.000 0.000 
0.000 0.000 0.000 0.000 0.000 0.000 0.000 0.000 0.000 0.000 0.000 0.000 0.000 0.000 0.000 0.000 0.000 0.000 0.000 0.000 0.000 0.000 0.000 0.000 0.000 0.000 0.000 0.000 0.000 0.000 0.000 0.000 
0.000 0.000 0.000 0.000 0.000 0.000 0.000 0.000 0.000 0.000 0.000 0.000 0.000 0.000 0.000 0.000 0.000 0.000 0.000 0.000 0.000 0.000 0.000 0.000 0.000 0.000 0.000 0.000 0.000 0.000 0.000 0.000 
