# Vol_scan Display Grid (processed)
# Grid size: 30 x 24
# Format: reflectivity
# Ref point: (-60000.000000, 15000.000000)
# Grid res: 1000.000000 meters
0.000 0.000 0.000 -0.000 0.000 0.000 0.000 0.000 0.000 0.000 0.000 0.000 0.000 0.000 0.000 0.000 0.000 0.000 0.000 0.000 0.000 0.000 0.000 0.000 
0.000 0.000 0.000 0.000 -0.000 0.000 0.000 0.000 0.000 0.000 0.000 0.000 0.000 0.000 0.000 0.000 0.000 0.000 0.000 0.000 0.000 0.000 0.000 0.000 
0.000 0.000 -0.000 0.000 0.000 -0.000 0.000 0.000 0.000 0.000 0.000 0.000 0.000 0.000 0.000 0.000 0.000 0.000 0.000 0.000 0.000 0.000 0.000 0.000 
0.000 0.000 0.000 0.000 0.000 0.000 0.114 0.190 22.034 18.002 24.267 16.103 27.686 0.000 0.000 0.000 0.000 0.000 0.000 0.000 0.000 0.000 0.000 0.000 
0.000 0.000 0.000 0.000 0.126 5.298 21.290 27.113 29.369 28.263 27.735 26.917 26.259 24.184 26.490 0.000 0.000 0.000 0.000 0.000 0.000 0.000 0.000 0.000 
0.000 0.000 0.000 1.604 7.448 27.479 29.247 27.834 26.424 28.300 27.422 28.081 27.345 28.139 29.362 26.025 24.364 0.000 0.000 0.000 0.000 0.000 0.000 0.000 
0.000 0.000 0.028 21.433 27.696 26.183 26.706 27.334 27.515 27.167 27.945 28.439 29.579 28.642 28.930 28.377 29.014 23.634 0.000 0.000 0.000 0.000 0.000 0.000 
0.000 0.000 19.756 27.451 29.143 27.607 26.576 28.331 28.491 27.542 26.990 28.269 27.540 29.334 26.650 28.719 27.445 25.914 -0.000 0.000 -0.000 0.000 0.000 0.000 
0.000 9.636 26.976 27.571 26.641 28.900 27.307 27.976 27.378 27.646 27.570 30.978 26.297 28.683 27.114 29.739 27.759 28.298 28.053 -0.000 0.000 0.000 0.000 0.000 
0.000 26.511 28.193 30.392 26.687 28.772 28.098 26.681 27.703 27.541 27.791 27.110 27.158 28.610 28.373 29.439 26.921 28.474 27.086 24.937 0.000 0.000 0.000 0.000 
0.000 29.283 29.068 27.452 27.058 27.270 26.482 26.979 27.456 28.079 27.609 28.232 29.202 29.014 27.149 27.870 29.221 26.742 27.043 27.339 0.000 0.000 0.000 0.000 
0.000 28.491 27.904 29.066 27.595 26.761 28.355 27.709 28.591 27.595 26.447 27.969 28.062 29.787 27.383 27.315 26.727 30.147 25.978 29.286 0.000 0.000 0.000 0.000 
24.039 26.947 29.645 28.056 26.556 27.639 28.249 28.981 27.211 28.041 26.651 28.624 27.919 28.072 30.184 28.039 27.961 29.863 26.044 28.192 0.000 0.000 0.000 0.000 
0.000 27.744 29.680 29.185 28.672 27.327 27.998 26.990 29.402 29.311 27.672 26.983 27.103 29.650 28.553 28.427 27.256 26.437 27.892 28.246 -0.000 0.000 0.000 0.000 
0.000 27.509 30.218 26.906 27.479 28.116 28.219 28.324 26.379 26.920 26.187 26.120 27.690 26.853 26.715 27.838 27.954 27.184 29.683 28.026 21.612 0.000 0.000 0.000 
0.000 27.160 26.098 29.198 26.849 26.505 29.213 25.663 27.239 25.354 25.639 26.711 25.180 26.184 28.141 26.125 28.563 27.129 27.901 28.115 0.000 0.000 0.000 0.000 
0.000 28.764 29.521 27.387 29.540 27.814 25.475 27.608 25.682 26.682 24.748 25.281 27.151 26.621 26.011 27.801 27.457 26.719 28.894 26.956 -0.000 -0.000 0.000 0.000 
0.000 27.892 28.515 27.872 26.723 29.465 26.613 24.977 25.136 25.314 25.195 25.011 25.165 26.145 25.842 27.132 29.489 27.689 26.571 25.725 0.000 0.000 0.000 0.000 
0.000 16.646 28.086 27.819 28.025 28.389 25.789 25.160 25.861 24.770 24.427 25.476 28.520 27.810 24.693 25.604 27.730 28.665 26.981 13.273 0.000 0.000 0.000 0.000 
0.000 0.260 26.273 29.045 26.345 27.956 25.351 26.182 25.761 24.734 25.321 25.762 27.388 24.565 25.714 28.076 28.545 28.186 27.537 -0.000 0.000 0.000 0.000 0.000 
0.000 0.001 0.392 27.142 28.276 29.552 24.023 27.175 27.286 25.466 25.792 25.528 24.760 26.423 26.556 28.337 26.913 22.519 0.000 0.000 0.000 0.000 0.000 0.000 
0.000 0.002 0.000 15.820 26.217 29.577 24.887 25.494 27.122 27.178 26.276 25.510 27.679 25.361 25.437 28.282 26.072 0.000 0.000 0.000 0.000 0.000 0.000 0.000 
0.000 0.001 0.000 0.000 0.001 22.795 28.431 27.805 24.945 27.015 26.158 26.302 24.474 27.778 27.739 29.941 0.000 0.000 0.000 0.000 0.000 0.000 0.000 0.000 
0.000 0.000 0.000 0.000 0.000 0.000 0.001 23.314 21.886 21.530 22.991 22.185 21.181 27.631 21.747 0.000 0.000 0.000 0.000 0.000 0.000 0.000 0.000 0.000 
0.000 -0.000 0.000 0.000 0.000 0.000 0.000 0.000 0.000 0.000 0.000 0.000 0.000 0.000 0.000 0.000 0.000 0.000 0.000 0.000 0.000 0.000 0.000 0.000 
0.000 0.000 0.000 0.000 0.000 0.000 0.000 -0.000 -0.000 0.000 0.000 0.000 0.000 0.000 0.000 0.000 0.000 0.000 0.000 0.000 0.000 0.000 0.000 0.000 
0.000 0.000 0.000 0.000 -0.000 0.000 0.000 0.000 0.000 -0.000 0.000 0.000 0.000 0.000 0.000 0.000 0.000 0.000 0.000 0.000 0.000 0.000 0.000 0.000 
0.000 0.000 0.000 0.000 0.000 -0.000 0.000 0.000 0.000 0.000 0.000 0.000 0.000 0.000 0.000 0.000 0.000 0.000 0.000 0.000 0.000 0.000 0.000 0.000 
0.000 0.000 0.000 0.000 0.000 0.000 0.000 0.000 0.000 0.000 0.000 0.000 0.000 0.000 0.000 0.000 0.000 0.000 0.000 0.000 0.000 0.000 0.000 0.000 
0.000 0.000 0.000 0.000 0.000 0.000 0.000 0.000 0.000 0.000 0.000 0.000 0.000 0.000 0.000 0.000 0.000 0.000 0.000 0.000 0.000 0.000 0.000 0.000 
