# Vol_scan Display Grid (processed)
# Grid size: 31 x 23
# Format: reflectivity
# Ref point: (-62000.000000, 15000.000000)
# Grid res: 1000.000000 meters
0.000 0.000 -0.000 -0.000 0.000 0.000 0.000 0.000 0.000 0.000 0.000 0.000 0.000 0.000 0.000 0.000 0.000 0.000 0.000 0.000 0.000 0.000 0.000 
0.000 0.000 0.000 -0.000 -0.000 0.000 0.000 0.000 0.000 0.000 0.000 0.000 0.000 0.000 0.000 0.000 0.000 0.000 0.000 0.000 0.000 0.000 0.000 
0.000 0.000 0.000 0.000 -0.000 0.000 0.000 -0.000 0.000 0.000 0.000 0.000 0.000 0.000 0.000 0.000 0.000 0.000 0.000 0.000 0.000 0.000 0.000 
-0.000 -0.000 0.000 0.000 -0.000 0.000 -0.000 0.000 0.000 0.000 0.000 0.000 0.000 0.000 0.000 0.000 0.000 0.000 0.000 0.000 0.000 0.000 0.000 
0.000 0.000 -0.000 0.000 0.000 0.147 0.213 24.693 23.615 25.126 23.508 23.469 23.093 26.339 0.000 0.000 0.000 0.000 0.000 0.000 0.000 0.000 0.000 
0.000 0.000 0.000 0.000 0.075 5.822 26.102 27.562 27.611 27.493 26.379 28.308 29.115 28.582 23.865 9.426 -0.000 0.000 0.000 0.000 0.000 0.000 0.000 
0.000 0.000 0.000 3.421 25.058 30.570 27.305 27.608 27.592 26.227 27.133 29.157 28.907 28.599 28.598 27.734 24.172 -0.000 -0.000 -0.000 0.000 0.000 0.000 
0.000 0.000 2.332 28.331 28.911 28.265 27.477 28.185 27.250 29.388 30.309 28.329 27.505 27.129 28.464 27.625 28.665 24.173 0.000 0.000 0.000 0.000 0.000 
0.004 0.004 25.382 27.926 27.831 30.286 28.199 27.327 27.443 28.456 28.772 27.791 28.240 29.875 27.627 26.398 28.612 28.177 22.657 0.000 0.000 0.000 0.000 
0.002 7.703 28.410 28.753 28.294 29.368 29.128 28.618 26.950 27.821 27.424 26.961 27.322 27.996 26.817 27.112 28.017 28.662 26.067 0.000 -0.000 0.000 0.000 
0.003 27.805 27.892 28.795 27.489 27.307 27.712 29.145 29.024 28.940 28.079 28.535 28.412 27.956 28.623 27.006 28.615 29.407 26.740 21.205 -0.000 0.000 0.000 
0.202 26.898 28.686 26.956 28.202 26.751 29.153 26.816 28.807 29.031 28.504 25.845 27.088 28.292 28.726 29.574 27.028 28.622 26.436 27.062 -0.000 0.000 0.000 
0.371 27.043 29.496 28.779 27.511 26.503 27.077 29.240 26.181 27.348 28.513 30.057 26.618 27.426 28.707 27.855 27.469 27.255 28.569 27.261 -0.000 0.000 0.000 
6.955 27.211 26.618 28.111 29.309 27.289 28.318 27.173 26.361 28.171 27.253 28.880 28.247 28.445 27.981 26.455 28.850 29.083 28.274 27.430 -0.000 0.000 0.000 
28.132 27.418 29.380 27.203 28.701 27.969 28.623 26.504 27.492 26.839 25.839 25.418 28.004 28.245 28.686 27.396 28.749 27.793 28.804 27.504 -0.000 0.000 0.000 
17.712 27.965 27.968 28.393 28.044 28.782 27.867 26.314 25.057 25.817 25.676 26.775 26.926 29.226 27.453 28.485 27.195 27.938 26.978 29.245 -0.000 0.000 0.000 
20.120 27.476 27.155 27.111 28.853 27.819 27.523 26.382 27.533 25.451 26.118 25.954 26.023 26.364 27.283 28.073 27.594 27.500 28.182 27.288 0.000 0.000 0.000 
20.036 27.141 27.885 27.919 28.644 28.899 23.777 27.867 24.960 24.560 24.517 25.210 25.650 26.505 26.724 27.602 28.977 28.171 25.901 27.909 0.000 0.000 0.000 
0.038 26.458 27.853 26.449 28.260 26.637 25.663 26.249 23.810 25.193 24.944 25.759 25.451 24.681 26.455 29.294 27.314 28.057 30.172 25.260 -0.000 -0.000 0.000 
0.046 9.390 29.164 28.338 27.905 28.302 24.746 25.621 26.400 25.249 25.864 26.267 24.266 27.206 24.259 26.361 28.674 27.832 27.779 0.000 0.000 -0.000 0.000 
0.052 0.000 25.640 28.720 28.377 28.232 26.229 26.275 25.981 25.056 25.015 26.141 26.640 25.984 25.365 27.815 27.494 27.314 19.721 -0.000 0.000 0.000 0.000 
-0.000 0.000 0.001 26.645 29.284 28.861 26.674 26.205 26.474 25.928 24.309 25.681 27.738 25.082 25.104 28.465 27.278 25.951 0.000 0.000 0.000 0.000 0.000 
0.000 0.000 0.000 0.001 25.010 27.712 26.498 24.871 27.070 26.862 26.451 26.363 25.597 26.261 27.587 26.851 23.278 0.000 0.000 0.000 0.000 0.000 0.000 
0.000 0.001 0.000 0.000 0.001 17.624 27.384 27.858 27.100 26.284 25.663 26.615 26.177 28.495 27.350 28.648 0.000 0.000 0.000 0.000 0.000 0.000 0.000 
0.000 0.000 -0.000 0.000 0.000 0.000 0.003 0.001 21.775 21.416 21.746 19.276 24.546 24.058 0.000 0.000 0.000 0.000 0.000 0.000 0.000 0.000 0.000 
0.000 -0.000 0.000 0.000 0.000 0.000 -0.000 0.000 0.000 -0.000 0.000 -0.000 0.000 0.000 0.000 0.000 0.000 0.000 0.000 0.000 0.000 0.000 0.000 
0.000 -0.000 0.000 0.000 0.000 0.000 -0.000 -0.000 0.000 -0.000 0.000 0.000 0.000 0.000 0.000 0.000 0.000 0.000 0.000 0.000 0.000 0.000 0.000 
0.000 0.000 0.000 0.000 0.000 0.000 0.000 -0.000 0.000 0.000 0.000 0.000 0.000 0.000 0.000 0.000 0.000 0.000 0.000 0.000 0.000 0.000 0.000 
0.000 0.000 0.000 0.000 0.000 0.000 0.000 0.000 0.000 0.000 0.000 0.000 0.000 0.000 0.000 0.000 0.000 0.000 0.000 0.000 0.000 0.000 0.000 
0.000 0.000 0.000 0.000 0.000 0.000 0.000 0.000 0.000 0.000 0.000 0.000 0.000 0.000 0.000 0.000 0.000 0.000 0.000 0.000 0.000 0.000 0.000 
0.000 0.000 0.000 0.000 0.000 0.000 0.000 0.000 0.000 0.000 0.000 0.000 0.000 0.000 0.000 0.000 0.000 0.000 0.000 0.000 0.000 0.000 0.000 
