# Vol_scan Display Grid (processed)
# Grid size: 28 x 33
# Format: reflectivity
# Ref point: (-86000.000000, 11000.000000)
# Grid res: 1000.000000 meters
0.000 0.000 0.000 -0.000 0.000 0.000 0.000 -0.000 -0.000 0.000 -0.000 0.000 0.000 0.000 0.000 0.000 0.000 0.000 0.000 0.000 0.000 0.000 0.000 0.000 0.000 0.000 0.000 0.000 0.000 0.000 0.000 0.000 0.000 
0.000 0.000 0.000 -0.000 -0.000 -0.000 0.000 0.000 -0.000 0.000 0.000 0.000 0.011 0.000 5.880 5.320 0.000 0.000 0.000 0.000 0.000 0.000 0.000 0.000 0.000 0.000 0.000 0.000 0.000 0.000 0.000 0.000 0.000 
0.000 0.000 0.000 0.000 0.000 -0.000 -0.000 -0.000 0.000 0.000 0.003 0.004 21.571 0.006 21.200 30.434 6.335 5.760 6.740 0.000 0.000 0.000 0.000 0.000 0.000 0.000 0.000 0.000 0.000 0.000 0.000 0.000 0.000 
0.000 0.000 0.000 0.000 0.000 0.000 0.000 0.000 0.000 16.895 25.676 26.663 29.149 28.341 29.097 28.493 28.128 28.781 30.532 6.950 -0.000 0.000 0.000 0.000 0.000 0.000 0.000 0.000 0.000 0.000 0.000 0.000 0.000 
0.000 0.000 0.000 0.000 -0.000 -0.000 -0.000 12.276 28.540 28.490 28.595 30.771 27.960 27.014 28.469 27.676 28.008 29.693 27.092 27.439 0.008 -0.000 0.000 0.000 0.000 0.000 0.000 0.000 0.000 0.000 0.000 0.000 0.000 
0.000 0.000 -0.000 -0.000 -0.000 0.000 -0.000 26.711 30.032 27.496 28.341 27.849 29.370 26.933 28.034 28.838 27.979 27.266 28.909 29.422 28.239 0.005 0.000 0.000 -0.000 -0.000 0.000 0.000 0.000 0.000 0.000 0.000 0.000 
0.000 0.000 0.000 0.000 0.000 7.214 0.070 27.943 27.472 27.556 26.752 28.298 28.479 26.854 28.616 28.743 29.466 29.812 28.719 29.130 27.967 28.774 0.000 0.000 0.000 0.000 -0.000 -0.000 -0.000 0.000 0.000 0.000 0.000 
0.000 0.000 0.000 0.000 0.000 24.505 28.586 28.362 26.436 27.893 26.111 28.905 28.080 28.672 28.608 29.083 29.632 29.331 29.610 28.437 27.546 28.840 23.069 0.000 0.000 0.000 -0.000 0.000 -0.000 -0.000 0.000 0.000 0.000 
0.000 0.000 -0.000 -0.000 0.000 28.795 29.295 30.204 29.284 27.031 27.612 27.505 27.795 27.163 27.675 29.762 28.853 27.195 26.943 27.631 29.025 28.517 27.272 0.000 0.000 0.000 -0.000 0.000 -0.000 0.000 -0.000 0.000 0.000 
0.000 0.000 0.000 0.000 28.869 26.732 26.946 29.489 27.709 27.900 28.592 27.055 28.515 26.019 27.618 28.679 29.803 27.406 29.540 29.226 27.987 29.539 27.036 27.387 0.000 0.000 0.000 0.000 -0.000 0.000 -0.000 0.000 0.000 
0.000 0.000 0.000 0.000 27.015 27.493 28.188 28.039 27.892 27.598 28.767 27.789 26.738 27.415 27.786 27.350 28.950 28.806 27.751 27.075 27.307 28.835 27.779 0.000 0.000 0.000 0.000 0.000 0.000 0.000 0.000 0.000 0.000 
0.000 0.000 0.000 0.000 28.708 27.938 27.641 27.200 27.570 28.461 28.478 26.451 29.021 28.262 26.879 27.972 27.930 28.241 28.334 29.031 28.366 28.351 27.838 29.662 -0.000 0.000 -0.000 0.000 0.000 -0.000 0.000 0.000 0.000 
0.000 0.000 -0.000 0.000 28.500 28.016 26.891 27.872 28.194 28.602 28.135 29.433 26.316 27.338 29.133 28.110 28.157 27.570 29.808 27.946 27.595 27.931 28.413 29.185 0.000 -0.000 0.000 0.000 -0.000 0.000 0.000 0.000 0.000 
0.000 0.000 -0.000 0.000 27.743 27.212 29.604 29.615 30.668 29.198 29.529 28.221 27.951 29.446 26.929 28.905 27.652 28.981 27.689 30.360 28.171 28.012 27.100 27.673 0.000 0.000 0.000 -0.000 0.000 0.000 0.000 0.000 0.000 
0.000 0.000 0.000 25.594 27.372 28.614 27.666 26.487 27.870 27.558 28.817 28.229 29.095 26.950 28.421 27.674 28.922 28.205 28.453 28.700 29.700 27.790 27.909 25.086 0.001 0.000 0.000 0.000 0.000 0.000 0.000 0.000 0.000 
0.000 0.000 0.000 0.000 0.000 27.642 28.206 27.403 26.524 26.841 27.421 27.703 26.622 27.811 30.483 27.617 27.429 26.006 28.690 27.245 28.411 29.363 27.273 27.700 -0.000 0.000 0.000 0.000 0.000 0.000 0.000 0.000 0.000 
0.000 0.000 0.000 0.000 28.531 28.355 28.751 26.938 27.271 27.369 28.658 29.745 27.917 28.854 29.806 29.653 28.905 30.119 28.187 28.098 27.558 28.390 26.918 28.709 0.000 -0.000 -0.000 0.000 0.000 0.000 0.000 0.000 0.000 
-0.000 0.000 0.000 0.000 0.000 27.296 27.851 26.478 28.204 27.808 28.687 28.728 27.986 29.964 28.596 27.703 27.385 27.219 28.309 27.981 28.596 27.315 29.321 0.000 0.000 0.000 -0.000 -0.000 0.000 0.000 0.000 0.000 0.000 
-0.000 -0.000 -0.000 0.000 0.000 24.168 27.782 28.085 28.747 27.133 27.230 29.648 28.590 27.814 25.250 28.143 27.112 27.237 27.482 27.228 29.014 23.439 25.705 0.000 0.000 0.000 0.000 0.000 0.000 0.000 0.000 0.000 0.000 
0.000 0.000 0.000 -0.000 0.000 -0.000 25.896 28.673 28.786 27.772 28.164 26.749 27.411 27.210 28.462 28.477 28.645 27.161 28.965 26.057 29.866 25.450 0.000 -0.000 0.000 0.000 -0.000 0.000 0.000 0.000 0.000 0.000 0.000 
0.000 0.000 -0.000 -0.000 0.000 0.000 0.000 24.667 28.278 27.794 30.164 28.956 28.821 26.676 28.501 27.111 29.253 28.805 28.892 26.915 0.000 0.000 0.000 -0.000 0.000 -0.000 0.000 0.000 0.000 0.000 0.000 0.000 0.000 
0.000 0.000 0.000 0.000 0.000 0.000 0.000 -0.000 24.349 26.341 29.495 29.245 29.054 27.766 27.479 29.124 28.803 27.529 23.584 25.229 0.000 0.000 0.000 0.000 0.000 0.000 0.000 0.000 0.000 0.000 0.000 0.000 0.000 
0.000 0.000 0.000 0.000 0.000 0.000 0.000 0.000 0.000 0.000 27.389 27.435 28.350 29.662 27.874 25.487 24.514 24.029 0.000 0.000 0.000 0.000 0.000 0.000 0.000 0.000 0.000 0.000 0.000 0.000 0.000 0.000 0.000 
0.000 0.000 0.000 0.000 0.000 0.000 0.000 0.000 0.000 0.000 0.000 0.000 0.000 -0.000 0.000 0.000 0.000 -0.000 0.000 -0.000 0.000 0.000 0.000 -0.000 0.000 0.000 0.000 0.000 0.000 0.000 0.000 0.000 0.000 
0.000 0.000 0.000 0.000 0.000 0.000 0.000 0.000 0.000 0.000 0.000 0.000 0.000 0.000 0.000 0.000 0.000 0.000 -0.000 -0.000 0.000 -0.000 -0.000 0.000 0.000 0.000 0.000 0.000 0.000 0.000 0.000 0.000 0.000 
0.000 0.000 0.000 0.000 0.000 0.000 0.000 0.000 0.000 0.000 0.000 0.000 0.000 0.000 0.000 0.000 0.000 0.000 0.000 0.000 -0.000 -0.000 0.000 0.000 0.000 0.000 0.000 0.000 0.000 0.000 0.000 0.000 0.000 
0.000 0.000 0.000 0.000 0.000 0.000 0.000 0.000 0.000 0.000 0.000 0.000 0.000 0.000 0.000 0.000 0.000 0.000 0.000 0.000 0.000 0.000 0.000 0.000 0.000 0.000 0.000 0.000 0.000 0.000 0.000 0.000 0.000 
0.000 0.000 0.000 0.000 0.000 0.000 0.000 0.000 0.000 0.000 0.000 0.000 0.000 0.000 0.000 0.000 0.000 0.000 0.000 0.000 0.000 0.000 0.000 0.000 0.000 0.000 0.000 0.000 0.000 0.000 0.000 0.000 0.000 
