# Vol_scan Display Grid (processed)
# Grid size: 30 x 30
# Format: reflectivity
# Ref point: (-92000.000000, 10000.000000)
# Grid res: 1000.000000 meters
0.000 0.000 0.000 0.000 0.000 0.000 0.000 0.000 0.000 0.000 0.000 0.000 0.000 0.000 0.000 0.000 0.000 -0.000 0.000 0.000 -0.000 0.000 0.000 0.000 0.000 0.000 0.000 0.000 0.000 0.000 
0.000 0.000 0.000 0.000 0.000 0.000 0.000 0.000 0.000 0.000 0.000 0.000 0.000 0.000 0.000 0.000 -0.000 0.000 0.000 -0.000 0.000 0.000 0.000 0.000 0.000 0.000 0.000 0.000 0.000 0.000 
0.000 0.000 0.000 0.000 0.000 0.000 0.000 0.000 0.000 0.000 0.000 0.000 0.000 0.000 0.000 -0.000 -0.000 -0.000 0.000 0.000 0.000 0.000 0.000 0.000 0.000 0.000 0.000 0.000 0.000 0.000 
0.000 0.000 0.000 0.000 0.000 0.000 0.000 0.000 0.000 0.000 0.000 0.000 0.000 0.000 0.000 -0.000 0.000 0.000 0.000 0.000 0.000 -0.000 0.000 0.000 0.000 0.000 0.000 0.000 0.000 0.000 
0.000 0.000 0.000 0.000 0.000 0.000 0.000 0.000 0.000 0.000 0.000 -0.000 0.009 0.000 0.000 0.000 0.001 0.000 0.000 0.000 -0.000 0.000 0.000 0.000 0.000 0.000 0.000 0.000 0.000 0.000 
0.000 0.000 0.000 0.000 0.000 0.000 0.000 0.000 0.000 0.000 0.051 0.409 14.617 23.036 23.898 23.232 14.488 0.368 0.001 0.001 0.000 -0.000 0.000 0.000 0.000 0.000 0.000 0.000 0.000 0.000 
0.000 0.000 0.000 0.000 0.000 0.000 0.000 0.000 4.911 17.889 17.792 24.676 25.610 29.881 27.268 27.292 29.184 27.503 24.383 22.908 22.996 0.000 -0.000 -0.000 0.000 0.000 0.000 0.000 0.000 0.000 
0.000 0.000 0.000 0.000 0.000 0.000 0.000 6.025 18.128 29.772 29.654 28.770 27.129 27.763 27.696 28.217 26.094 28.245 28.556 26.365 21.659 7.121 0.000 0.000 0.000 0.000 0.000 0.000 0.000 0.000 
0.000 0.000 0.000 0.000 0.000 0.000 5.913 16.424 26.689 28.047 28.054 27.723 28.355 29.118 28.426 30.752 26.752 26.080 28.060 27.476 28.294 26.897 0.002 0.000 0.000 0.000 0.000 0.000 0.000 0.000 
0.000 0.000 0.000 0.000 0.000 0.108 13.932 27.811 30.028 28.075 26.894 28.386 28.610 27.624 29.896 26.764 30.269 28.997 27.965 26.771 29.374 26.769 28.451 20.615 0.000 0.000 0.000 0.000 0.000 0.000 
0.000 0.000 0.000 0.000 0.000 0.067 25.320 29.247 26.200 26.978 29.014 28.125 27.415 28.084 27.760 27.546 25.500 27.944 26.687 27.688 27.815 27.013 28.322 22.408 0.000 0.000 0.000 0.000 0.000 0.000 
0.000 0.000 0.000 0.000 0.000 0.114 28.088 29.498 30.224 29.140 27.733 28.180 27.089 28.800 28.127 26.916 27.618 26.331 28.148 27.514 28.319 28.170 27.787 26.270 22.374 -0.000 0.000 0.000 0.000 0.000 
0.000 0.000 0.000 0.000 0.000 10.361 26.608 29.135 28.190 27.257 29.473 26.619 28.031 26.948 28.354 28.737 27.800 28.343 25.721 27.537 28.208 28.599 27.726 27.542 27.528 0.000 0.000 0.000 0.000 0.000 
0.000 0.000 -0.000 0.000 0.000 22.168 27.247 27.255 27.038 29.052 27.925 28.337 27.266 27.456 27.722 26.718 28.964 26.364 27.073 27.842 28.396 28.049 28.106 28.163 28.479 0.000 0.000 0.000 0.000 0.000 
0.000 0.000 0.000 -0.000 0.000 26.859 27.697 29.118 29.490 27.538 30.098 28.863 28.506 28.978 28.245 28.576 27.400 27.615 28.154 26.632 27.595 29.667 28.612 28.932 28.008 -0.000 0.000 0.000 0.000 0.000 
0.000 0.000 -0.000 0.000 0.000 28.426 28.323 27.146 27.689 26.396 27.650 28.420 28.681 29.646 26.385 25.803 27.308 27.141 26.744 27.422 28.007 28.597 28.393 30.906 28.745 0.000 0.000 0.000 0.000 0.000 
0.000 -0.000 -0.000 0.000 0.000 28.458 25.987 26.724 28.844 30.034 29.257 27.349 29.272 28.073 27.582 27.389 27.634 27.659 28.826 26.370 28.867 29.424 26.327 26.476 29.071 0.000 0.000 -0.000 0.000 0.000 
-0.000 0.000 0.000 0.000 0.000 28.213 29.126 26.835 27.204 27.073 29.499 28.357 26.493 28.141 28.038 27.289 28.024 28.479 28.126 29.957 29.731 27.711 25.834 27.300 28.830 0.000 0.000 -0.000 0.000 0.000 
-0.000 0.000 0.000 0.000 0.000 25.114 26.916 26.201 26.398 27.611 27.447 25.376 28.333 28.084 28.322 27.632 28.833 29.445 28.301 29.144 27.798 28.137 28.250 26.140 28.187 0.000 0.000 0.000 -0.000 0.000 
0.000 0.000 -0.000 -0.000 -0.000 0.001 27.884 26.660 28.277 29.921 27.298 27.771 26.355 26.318 26.905 28.494 28.447 28.233 28.066 28.021 29.070 27.454 25.461 28.841 23.068 -0.000 -0.000 0.000 0.000 0.000 
0.000 -0.000 0.000 0.000 -0.000 0.000 21.103 26.905 27.931 27.115 27.149 26.378 27.457 28.614 28.356 29.800 29.218 28.089 27.714 28.182 29.759 28.234 27.709 26.980 0.000 0.000 0.000 0.000 0.000 0.000 
0.000 0.000 0.000 0.000 0.000 0.000 0.000 27.172 27.257 28.236 27.240 30.274 27.181 28.336 28.935 28.806 27.848 29.730 28.840 26.270 26.465 27.759 26.151 22.315 0.000 0.000 0.000 0.000 0.000 0.000 
0.000 0.000 0.000 0.000 0.000 0.000 -0.000 24.620 27.366 26.068 27.564 27.539 25.815 28.695 29.394 28.003 27.421 27.490 27.854 27.962 27.844 28.187 26.965 0.000 0.000 0.000 0.000 0.000 0.000 0.000 
0.000 0.000 0.000 0.000 0.000 0.000 0.000 0.000 -0.000 26.392 28.531 28.029 28.193 29.655 26.757 28.221 28.235 28.098 27.577 29.748 29.519 27.365 0.000 0.000 0.000 0.000 0.000 0.000 0.000 0.000 
0.000 0.000 0.000 0.000 0.000 0.000 0.000 0.000 0.000 20.438 21.697 25.057 28.019 28.407 28.472 25.961 28.295 28.156 27.599 23.864 24.679 0.000 0.000 0.000 0.000 0.000 0.000 0.000 0.000 0.000 
0.000 0.000 0.000 0.000 0.000 0.000 0.000 0.000 0.000 0.000 0.000 17.224 22.757 26.220 25.127 26.898 24.092 25.504 17.033 -0.000 0.000 0.000 0.000 0.000 0.000 0.000 0.000 0.000 0.000 0.000 
0.000 0.000 0.000 0.000 0.000 0.000 0.000 0.000 0.000 0.000 0.000 0.000 0.000 -0.000 0.000 0.000 0.000 0.000 0.000 0.000 0.000 0.000 0.000 0.000 0.000 0.000 0.000 0.000 0.000 0.000 
0.000 0.000 0.000 0.000 0.000 0.000 0.000 0.000 0.000 0.000 0.000 0.000 0.000 0.000 0.000 0.000 0.000 -0.000 0.000 0.000 0.000 0.000 0.000 0.000 0.000 0.000 0.000 0.000 0.000 0.000 
0.000 0.000 0.000 0.000 0.000 0.000 0.000 0.000 0.000 0.000 0.000 0.000 0.000 0.000 0.000 0.000 0.000 -0.000 0.000 0.000 0.000 0.000 0.000 0.000 0.000 0.000 0.000 0.000 0.000 0.000 
0.000 0.000 0.000 0.000 0.000 0.000 0.000 0.000 0.000 0.000 0.000 0.000 0.000 0.000 0.000 0.000 0.000 0.000 0.000 0.000 0.000 0.000 0.000 0.000 0.000 0.000 0.000 0.000 0.000 0.000 
