# Vol_scan Display Grid (processed)
# Grid size: 30 x 28
# Format: reflectivity
# Ref point: (-47000.000000, 12000.000000)
# Grid res: 1000.000000 meters
0.000 0.000 0.000 0.000 0.000 0.000 0.000 0.000 0.000 0.000 0.000 0.000 0.000 0.000 0.000 0.000 0.000 0.000 0.000 0.000 0.000 0.000 0.000 0.000 0.000 0.000 0.000 0.000 
0.000 0.000 0.000 0.000 0.000 0.000 0.000 0.000 0.000 0.000 0.000 0.000 0.000 0.000 0.000 -0.000 0.000 -0.000 0.000 0.000 0.000 0.000 0.000 0.000 0.000 0.000 0.000 0.000 
0.000 0.000 0.000 0.000 0.000 0.000 0.000 0.000 0.000 0.000 11.922 14.707 11.200 24.830 12.793 20.060 0.000 0.000 -0.000 -0.000 0.000 0.000 0.000 0.000 0.000 0.000 0.000 0.000 
0.000 0.000 0.000 -0.000 0.000 -0.000 0.000 0.000 5.396 23.254 27.068 28.834 26.546 26.740 28.864 25.792 28.571 27.388 0.000 0.000 0.000 0.000 0.000 0.000 0.000 0.000 0.000 0.000 
0.000 -0.000 -0.000 -0.000 0.000 0.000 0.045 11.187 27.355 27.374 26.783 28.565 26.560 28.513 27.613 28.602 28.280 29.185 27.902 25.899 0.000 0.000 0.000 0.000 0.000 0.000 0.000 0.000 
0.000 0.000 -0.000 0.000 0.000 0.000 26.179 28.070 27.202 26.301 26.883 27.527 28.250 28.230 27.327 26.598 27.333 27.651 27.336 27.457 25.568 0.000 0.000 0.000 0.000 0.000 0.000 0.000 
0.000 0.000 0.000 0.000 0.000 23.437 27.920 27.717 28.172 26.930 29.714 28.973 27.821 27.282 27.163 28.053 29.132 27.667 29.442 29.121 27.592 25.953 0.000 0.000 0.000 0.000 0.000 0.000 
0.000 0.000 -0.000 0.000 6.945 28.761 26.924 28.384 28.302 27.908 26.405 29.803 27.315 26.252 28.355 27.146 27.424 29.431 28.448 28.590 27.274 26.085 0.000 0.000 0.000 0.000 0.000 0.000 
0.000 0.000 -0.000 0.000 8.812 27.783 28.198 26.009 27.725 28.899 28.801 27.334 27.012 29.488 26.429 28.452 28.474 28.469 29.385 28.659 29.205 27.601 27.922 0.000 0.000 0.000 0.000 0.000 
0.000 -0.000 0.000 0.005 26.792 28.389 28.471 26.802 30.214 27.471 27.423 29.745 26.991 27.184 28.530 28.826 29.690 27.333 28.617 27.806 29.665 26.993 27.938 -0.000 0.000 0.000 0.000 0.000 
0.000 0.000 0.000 9.039 26.229 28.789 27.810 27.950 28.241 29.129 28.756 28.794 28.231 27.195 27.403 28.069 27.769 27.429 28.984 28.752 29.493 28.177 28.160 -0.000 -0.000 0.000 0.000 0.000 
0.000 0.000 0.000 11.736 25.258 29.850 28.319 26.869 27.552 28.470 28.795 28.573 27.393 27.268 29.102 28.311 27.794 26.310 29.116 26.342 28.008 28.023 29.117 -0.000 0.000 -0.000 0.000 0.000 
0.000 0.065 0.000 27.659 27.420 27.515 28.579 27.575 30.504 28.135 26.857 29.624 26.791 27.809 38.045 28.411 27.289 28.445 27.054 27.743 28.806 27.891 27.932 28.532 -0.000 -0.000 0.000 0.000 
0.000 0.067 0.000 10.779 26.814 29.337 26.476 28.011 27.596 26.673 28.838 35.550 41.077 40.995 40.188 39.223 36.908 28.072 29.164 28.315 27.853 27.977 27.348 26.978 0.000 -0.000 0.000 0.000 
0.000 5.650 0.032 0.045 28.149 29.147 26.460 30.118 28.210 34.680 41.345 40.144 41.052 42.182 41.232 42.110 40.613 35.374 27.358 27.755 27.890 28.920 28.090 21.066 0.000 0.000 0.000 0.000 
0.000 0.000 0.062 0.062 27.245 26.626 26.657 26.120 26.820 38.130 40.915 42.230 39.852 39.961 40.165 41.630 41.454 40.615 27.838 28.998 28.097 28.044 27.287 0.000 -0.000 0.000 0.000 0.000 
0.000 0.000 7.640 0.019 27.786 27.322 28.107 27.631 27.685 39.930 41.084 41.563 40.551 41.165 38.947 41.327 40.495 40.162 33.290 28.697 29.638 27.865 27.854 0.000 0.000 0.000 0.000 0.000 
0.000 0.000 6.620 5.060 12.480 28.055 27.257 28.429 26.285 40.196 38.548 42.211 40.801 42.946 43.218 41.490 40.922 40.036 40.423 28.068 27.540 25.302 22.414 0.000 0.000 0.000 0.000 0.000 
0.000 0.000 7.120 5.130 5.119 28.084 28.609 26.375 26.272 38.369 38.484 43.007 40.626 39.756 41.307 40.602 40.575 41.753 38.658 27.126 28.316 24.702 0.000 0.000 0.000 0.000 0.000 0.000 
0.000 0.000 0.000 5.750 7.481 6.189 24.239 27.805 25.862 39.179 42.537 40.905 39.991 42.013 43.019 41.028 40.881 42.613 39.443 26.620 28.510 0.000 0.000 0.000 0.000 0.000 0.000 0.000 
0.000 0.000 0.000 0.000 5.980 6.312 0.317 19.233 25.683 37.837 40.955 39.351 42.232 39.068 40.037 40.311 43.438 39.914 27.400 28.256 23.157 0.000 0.000 0.000 0.000 0.000 0.000 0.000 
0.000 0.000 0.000 0.000 0.000 6.400 6.960 0.060 19.530 27.636 36.387 41.276 40.200 39.750 42.832 40.488 41.156 36.890 26.662 0.000 0.000 0.000 0.000 0.000 0.000 0.000 0.000 0.000 
0.000 0.000 0.000 0.000 0.000 0.000 3.030 0.003 0.000 11.548 17.932 35.399 38.382 40.192 39.280 37.540 25.117 26.664 0.000 -0.000 0.000 0.000 0.000 0.000 0.000 0.000 0.000 0.000 
0.000 0.000 0.000 0.000 0.000 0.000 0.000 0.065 0.002 0.000 0.000 0.000 0.000 0.001 0.000 0.000 0.000 0.000 -0.000 0.000 0.000 0.000 0.000 0.000 0.000 0.000 0.000 0.000 
0.000 0.000 0.000 0.000 0.000 0.000 0.000 0.000 0.000 0.000 -0.000 0.000 -0.000 -0.000 0.000 -0.000 -0.000 0.000 0.000 0.000 0.000 0.000 0.000 0.000 0.000 0.000 0.000 0.000 
0.000 0.000 0.000 0.000 0.000 0.000 0.000 0.000 -0.000 0.000 0.000 0.000 0.000 0.000 -0.000 0.000 -0.000 0.000 0.000 0.000 0.000 0.000 0.000 0.000 0.000 0.000 0.000 0.000 
0.000 0.000 0.000 0.000 0.000 0.000 0.000 0.000 0.000 -0.000 0.000 0.000 0.000 0.000 -0.000 0.000 0.000 0.000 0.000 0.000 0.000 0.000 0.000 0.000 0.000 0.000 0.000 0.000 
0.000 0.000 0.000 0.000 0.000 0.000 0.000 0.000 0.000 0.000 -0.000 0.000 0.000 0.000 -0.000 -0.000 0.000 0.000 0.000 0.000 0.000 0.000 0.000 0.000 0.000 0.000 0.000 0.000 
0.000 0.000 0.000 0.000 0.000 0.000 0.000 0.000 0.000 0.000 0.000 0.000 0.000 0.000 0.000 0.000 0.000 0.000 0.000 0.000 0.000 0.000 0.000 0.000 0.000 0.000 0.000 0.000 
0.000 0.000 0.000 0.000 0.000 0.000 0.000 0.000 0.000 0.000 0.000 0.000 0.000 0.000 0.000 0.000 0.000 0.000 0.000 0.000 0.000 0.000 0.000 0.000 0.000 0.000 0.000 0.000 
