# Vol_scan Display Grid (processed)
# Grid size: 29 x 32
# Format: reflectivity
# Ref point: (-88000.000000, 11000.000000)
# Grid res: 1000.000000 meters
0.000 0.000 0.000 0.000 0.000 0.000 0.000 0.000 0.000 0.000 0.000 0.000 0.000 0.000 0.000 0.000 0.000 0.000 0.000 0.000 0.000 0.000 0.000 0.000 0.000 0.000 0.000 0.000 0.000 0.000 0.000 0.000 
0.000 0.000 0.000 0.000 0.000 0.000 0.000 0.000 0.000 0.000 0.000 0.000 -0.000 0.000 0.000 0.000 0.000 0.000 0.000 0.000 0.000 0.000 0.000 0.000 0.000 0.000 0.000 0.000 0.000 0.000 0.000 0.000 
0.000 0.000 0.000 -0.000 0.000 0.000 0.000 0.000 0.000 0.000 0.000 0.000 0.000 0.009 5.200 6.560 6.430 0.000 0.000 0.000 0.000 0.000 0.000 0.000 0.000 0.000 0.000 0.000 0.000 0.000 0.000 0.000 
0.000 0.000 0.000 -0.000 -0.000 -0.000 0.000 0.000 0.000 0.000 0.000 14.744 25.480 26.540 29.131 28.227 36.120 4.809 6.600 0.000 0.000 0.000 0.000 0.000 0.000 0.000 0.000 0.000 0.000 0.000 0.000 0.000 
0.000 0.000 0.000 0.000 0.000 -0.000 0.000 0.000 0.000 24.544 28.415 26.920 28.267 29.163 30.002 28.267 27.705 30.262 19.837 0.031 0.000 -0.000 0.000 0.000 0.000 0.000 0.000 0.000 0.000 0.000 0.000 0.000 
0.000 0.000 0.000 0.000 0.000 0.000 0.000 23.763 25.172 27.764 27.093 30.671 27.950 29.613 29.414 27.623 29.988 27.623 27.955 26.760 0.005 0.000 0.000 0.000 0.000 0.000 0.000 0.000 0.000 0.000 0.000 0.000 
0.000 0.000 0.000 0.000 -0.000 0.026 0.026 28.153 28.378 27.455 29.711 27.948 28.298 29.786 27.736 29.039 28.740 29.603 29.337 28.344 29.432 0.000 0.000 0.000 0.000 0.000 -0.000 0.000 0.000 0.000 0.000 0.000 
0.000 0.000 -0.000 -0.000 -0.000 24.073 23.608 28.026 29.558 29.746 29.763 28.453 29.151 29.426 30.198 28.797 31.107 29.359 27.196 28.811 28.552 28.001 0.000 -0.000 0.000 0.000 0.000 0.000 -0.000 0.000 0.000 0.000 
0.000 0.000 0.000 0.000 0.000 31.036 27.663 30.006 28.752 27.812 28.116 29.138 27.832 28.257 29.207 27.625 28.316 28.398 26.964 29.662 29.253 30.278 22.223 0.000 -0.000 0.000 0.000 0.000 0.000 0.000 -0.000 0.000 
0.000 0.000 0.000 0.000 0.000 28.368 27.601 27.751 29.025 29.567 30.995 30.194 29.212 29.749 28.516 26.912 29.657 28.477 28.033 28.408 27.419 27.924 30.546 0.000 0.000 0.000 -0.000 0.000 0.000 0.000 0.000 0.000 
0.000 0.000 -0.000 -0.000 0.000 28.640 28.503 27.336 28.600 27.326 29.070 29.909 30.381 28.362 27.920 28.473 29.562 28.976 27.389 29.539 29.162 28.005 31.036 24.915 0.000 0.000 -0.000 0.000 -0.000 0.000 0.000 0.000 
0.000 0.000 0.000 0.000 28.319 27.974 28.790 28.560 28.934 29.067 26.147 28.604 27.830 29.040 28.014 29.544 27.021 28.050 29.087 29.435 30.918 28.362 27.038 29.415 0.000 0.000 0.000 0.000 -0.000 0.000 0.000 0.000 
0.000 0.000 0.000 0.000 27.993 28.721 27.371 26.016 27.786 29.763 28.028 29.915 27.029 30.449 29.303 27.505 28.362 29.312 28.552 28.544 28.998 29.429 29.451 0.001 0.000 0.000 0.000 0.000 0.000 0.000 0.000 0.000 
0.000 0.000 0.000 0.000 28.852 28.517 27.401 28.134 30.007 29.115 29.431 30.129 29.122 27.228 28.902 29.747 28.194 29.453 28.866 30.837 29.477 29.036 27.819 27.403 -0.000 0.000 -0.000 0.000 0.000 0.000 0.000 0.000 
0.000 0.000 -0.000 0.000 28.878 27.852 28.594 28.203 28.573 28.723 27.216 29.458 29.011 28.613 25.446 28.124 27.682 28.113 29.662 27.785 28.896 28.278 29.875 27.641 0.000 -0.000 0.000 0.000 -0.000 0.000 0.000 0.000 
0.000 0.000 -0.000 0.000 28.317 28.145 27.308 27.921 27.910 29.671 29.992 28.423 27.054 28.648 29.626 28.926 27.289 27.196 29.559 27.207 28.938 28.438 29.429 29.272 0.000 0.000 0.000 -0.000 0.000 0.000 0.000 0.000 
0.000 0.000 0.000 0.000 25.888 27.107 29.074 28.745 28.884 28.059 27.914 29.269 28.847 28.578 26.779 27.617 27.452 26.860 29.660 28.378 28.678 28.351 26.934 0.000 0.000 0.000 0.000 0.000 0.000 0.000 0.000 0.000 
0.000 0.000 0.000 0.000 0.000 27.746 29.181 27.798 27.693 28.351 27.748 29.788 29.223 27.355 28.120 28.858 27.690 29.107 28.468 29.131 25.975 27.734 28.661 -0.000 -0.000 0.000 0.000 0.000 0.000 0.000 0.000 0.000 
0.000 0.000 0.000 0.000 22.991 24.333 29.015 26.963 28.651 28.625 27.627 28.108 27.812 28.594 28.342 29.417 27.871 26.959 27.802 27.470 27.838 29.997 0.000 0.000 0.000 -0.000 -0.000 0.000 0.000 0.000 0.000 0.000 
0.000 0.000 0.000 0.000 -0.000 24.850 28.445 30.448 27.966 27.595 27.591 27.414 28.892 28.374 26.758 28.185 26.957 28.479 27.221 27.270 27.286 27.999 0.000 0.000 0.000 0.000 0.000 0.000 0.000 0.000 0.000 0.000 
0.000 -0.000 -0.000 0.000 0.000 0.000 26.117 28.001 28.862 29.017 26.177 29.316 28.078 28.362 28.893 27.186 27.793 28.385 28.998 28.376 28.450 -0.000 0.000 0.000 0.000 0.000 0.000 0.000 0.000 0.000 0.000 0.000 
0.000 0.000 0.000 0.000 0.000 0.000 -0.000 26.537 27.815 29.077 27.398 26.003 27.580 27.647 27.859 27.757 28.699 27.516 28.065 24.843 26.606 -0.000 0.000 -0.000 0.000 0.000 0.000 0.000 0.000 0.000 0.000 0.000 
0.000 0.000 0.000 0.000 0.000 0.000 0.000 0.000 24.715 26.073 28.580 28.431 27.300 28.205 27.525 26.818 27.290 30.128 27.016 0.000 0.000 0.000 0.000 -0.000 0.000 0.000 0.000 0.000 0.000 0.000 0.000 0.000 
0.000 0.000 0.000 0.000 0.000 0.000 0.000 0.000 0.000 0.000 24.248 27.871 25.727 24.494 24.386 27.905 24.492 0.000 0.000 0.000 0.000 0.000 0.000 0.000 0.000 0.000 0.000 0.000 0.000 0.000 0.000 0.000 
0.000 0.000 0.000 0.000 0.000 0.000 0.000 0.000 0.000 0.000 0.000 0.000 0.000 0.000 0.000 -0.000 0.000 0.000 0.000 -0.000 0.000 0.000 0.000 0.000 0.000 0.000 0.000 0.000 0.000 0.000 0.000 0.000 
0.000 0.000 0.000 0.000 0.000 0.000 0.000 0.000 0.000 0.000 0.000 0.000 0.000 0.000 0.000 0.000 0.000 0.000 0.000 0.000 0.000 -0.000 0.000 0.000 0.000 0.000 0.000 0.000 0.000 0.000 0.000 0.000 
0.000 0.000 0.000 0.000 0.000 0.000 0.000 0.000 0.000 0.000 0.000 0.000 0.000 0.000 0.000 0.000 0.000 0.000 0.000 0.000 0.000 0.000 0.000 0.000 0.000 0.000 0.000 0.000 0.000 0.000 0.000 0.000 
0.000 0.000 0.000 0.000 0.000 0.000 0.000 0.000 0.000 0.000 0.000 0.000 0.000 0.000 0.000 0.000 0.000 0.000 0.000 0.000 0.000 0.000 0.000 0.000 0.000 0.000 0.000 0.000 0.000 0.000 0.000 0.000 
0.000 0.000 0.000 0.000 0.000 0.000 0.000 0.000 0.000 0.000 0.000 0.000 0.000 0.000 0.000 0.000 0.000 0.000 0.000 0.000 0.000 0.000 0.000 0.000 0.000 0.000 0.000 0.000 0.000 0.000 0.000 0.000 
