# Vol_scan Display Grid (processed)
# Grid size: 31 x 30
# Format: reflectivity
# Ref point: (-42000.000000, 12000.000000)
# Grid res: 1000.000000 meters
0.000 0.000 0.000 0.000 0.000 0.000 0.000 0.000 0.000 0.000 0.000 0.000 0.000 0.000 0.000 0.000 0.000 0.000 0.000 0.000 0.000 0.000 0.000 0.000 0.000 0.000 0.000 0.000 0.000 0.000 
0.000 0.000 0.000 0.000 0.000 0.000 0.000 0.000 0.000 -0.000 0.000 0.000 0.000 0.000 0.000 0.000 0.000 0.000 0.000 0.000 0.000 0.000 0.000 0.000 0.000 0.000 0.000 0.000 0.000 0.000 
0.000 0.000 0.000 0.000 0.000 0.000 0.000 0.000 0.000 0.000 0.000 -0.000 0.000 0.000 0.000 0.000 0.000 0.000 0.000 0.000 0.000 0.000 0.000 0.000 0.000 0.000 0.000 0.000 0.000 0.000 
0.000 0.000 0.000 0.000 0.000 0.000 0.000 0.000 0.000 0.000 0.000 0.000 0.000 0.000 -0.000 0.000 0.000 0.000 0.000 0.000 0.000 0.000 0.000 0.000 0.000 0.000 0.000 0.000 0.000 0.000 
0.000 0.000 0.000 0.000 0.000 0.000 0.000 0.000 -0.000 -0.000 0.001 0.000 0.000 0.000 0.000 0.001 0.056 0.000 0.000 0.000 0.000 0.000 0.000 0.000 0.000 0.000 0.000 0.000 0.000 0.000 
0.000 0.000 0.000 0.000 0.000 0.000 0.000 0.000 0.000 0.001 0.322 20.264 20.065 24.823 26.064 24.760 13.847 10.384 6.481 0.000 0.000 0.000 0.000 0.000 0.000 0.000 0.000 0.000 0.000 0.000 
0.000 0.000 0.000 0.000 0.000 0.000 -0.000 0.000 21.938 23.940 27.551 28.532 29.820 29.222 28.855 28.806 24.534 23.004 19.734 6.651 6.730 0.000 0.000 0.000 0.000 0.000 0.000 0.000 0.000 0.000 
0.000 0.000 0.000 0.000 0.000 -0.000 5.054 22.844 26.762 27.444 27.204 28.694 27.072 28.325 28.668 28.654 29.437 28.324 27.342 28.377 15.287 5.260 0.000 0.000 0.000 0.000 0.000 0.000 0.000 0.000 
0.000 0.000 0.000 0.000 0.000 0.000 26.037 27.869 27.123 25.509 28.696 27.256 27.946 27.954 27.672 29.310 27.105 27.406 27.736 26.666 29.753 0.055 0.000 0.000 0.000 0.000 0.000 0.000 0.000 0.000 
0.000 0.000 0.000 0.000 0.000 27.418 28.185 26.733 27.450 29.492 27.266 28.755 30.000 29.154 28.295 27.831 27.025 27.830 27.716 28.279 28.096 24.972 0.091 0.000 0.000 0.000 0.000 0.000 0.000 0.000 
0.000 0.000 0.000 0.000 9.131 26.580 26.758 27.852 27.066 27.495 29.293 26.553 28.442 27.373 28.087 27.929 28.150 26.545 29.620 27.408 27.483 27.300 13.264 0.006 0.000 0.000 0.000 0.000 0.000 0.000 
0.000 0.000 0.000 0.000 27.822 27.497 28.187 26.512 27.095 26.685 27.343 28.394 27.493 28.057 29.004 28.114 27.824 28.107 28.040 27.092 28.035 28.196 22.823 0.002 0.000 0.000 0.000 0.000 0.000 0.000 
0.000 0.000 0.000 0.000 27.509 28.950 27.256 28.730 27.396 29.306 27.632 27.789 27.633 27.853 27.715 28.460 26.365 27.850 28.735 26.575 27.708 28.394 27.205 0.000 -0.000 0.000 0.000 0.000 0.000 0.000 
0.000 0.000 0.000 24.600 27.535 27.758 28.089 26.251 27.480 27.289 27.944 26.625 26.933 27.887 28.052 26.596 27.234 29.348 27.967 28.364 27.944 27.696 28.788 0.259 0.000 0.000 0.000 0.000 0.000 0.000 
0.000 0.000 0.000 28.121 28.402 27.590 28.781 29.001 28.423 27.437 26.503 28.078 27.342 27.469 27.376 28.494 27.542 28.773 27.790 28.111 27.330 26.997 27.114 0.251 0.000 0.000 0.000 0.000 0.000 0.000 
0.000 -0.000 -0.000 27.284 28.371 27.729 28.159 27.919 28.478 26.477 28.449 28.398 29.760 32.050 30.504 28.461 27.671 27.025 27.284 29.535 28.918 28.144 29.327 2.667 0.000 0.000 0.000 0.000 0.000 0.000 
0.000 -0.000 -0.000 0.000 28.654 27.102 28.130 27.808 27.095 28.386 31.959 32.289 31.853 32.219 31.597 32.696 32.116 27.279 27.308 27.302 27.600 27.057 28.049 0.511 0.000 0.000 -0.000 0.000 0.000 0.000 
0.000 0.000 0.000 -0.000 27.273 27.035 29.204 29.246 27.523 33.541 33.783 34.193 32.325 33.017 33.107 33.624 31.599 26.641 29.471 26.382 28.409 27.335 27.974 0.003 0.000 0.000 0.000 0.000 0.000 0.000 
0.000 0.000 -0.000 22.289 26.376 27.244 28.968 27.577 28.304 34.811 32.852 31.656 32.719 31.681 29.885 34.218 32.435 32.786 26.867 26.866 27.468 28.512 28.584 0.000 -0.000 0.000 0.000 0.000 0.000 0.000 
0.000 0.000 0.000 0.000 27.058 27.368 27.329 28.805 33.944 33.225 34.014 32.678 32.920 32.844 33.048 33.004 31.693 32.345 27.963 29.564 26.925 29.024 27.396 0.000 0.000 -0.000 0.000 0.000 0.000 0.000 
0.000 0.000 0.000 0.000 23.646 27.310 27.914 27.515 31.853 32.700 32.830 32.309 33.912 32.034 33.091 33.029 31.438 32.693 31.158 26.894 27.296 27.989 0.000 0.000 0.000 -0.000 0.000 0.000 0.000 0.000 
0.000 0.000 0.000 0.000 0.000 26.469 27.948 27.842 31.570 34.048 34.569 31.427 32.971 33.982 31.587 34.362 33.758 32.626 27.053 28.240 28.907 23.180 0.000 -0.000 -0.000 0.000 -0.000 0.000 0.000 0.000 
0.000 0.000 0.000 0.000 0.000 0.000 26.427 27.164 28.192 33.230 33.320 33.531 33.735 34.219 34.046 32.416 33.511 32.387 26.331 28.456 27.432 -0.000 0.000 0.000 0.000 0.000 0.000 0.000 0.000 0.000 
0.000 0.000 0.000 0.000 0.000 0.000 0.000 23.097 27.484 30.703 32.920 33.475 32.412 31.785 32.627 31.753 34.200 33.253 28.491 23.658 0.000 0.000 -0.000 0.000 0.000 0.000 0.000 0.000 0.000 0.000 
0.000 0.000 0.000 0.000 0.000 0.000 0.000 0.000 22.789 25.270 30.966 31.641 32.787 33.174 33.862 33.036 30.263 26.279 -0.000 -0.000 -0.000 0.000 0.000 0.000 0.000 0.000 0.000 0.000 0.000 0.000 
0.000 0.000 0.000 0.000 0.000 0.000 0.000 0.000 0.000 -0.000 21.108 28.369 30.025 28.784 30.450 28.583 23.287 0.000 0.000 0.000 0.000 0.000 0.000 0.000 0.000 0.000 0.000 0.000 0.000 0.000 
0.000 0.000 0.000 0.000 0.000 0.000 0.000 0.000 0.000 0.000 -0.000 0.000 -0.000 -0.000 0.000 0.000 -0.000 0.000 0.000 0.000 0.000 0.000 0.000 0.000 0.000 0.000 0.000 0.000 0.000 0.000 
0.000 0.000 0.000 0.000 0.000 0.000 0.000 0.000 0.000 0.000 0.000 0.000 0.000 -0.000 0.000 0.000 0.000 0.000 0.000 0.000 0.000 0.000 0.000 0.000 0.000 0.000 0.000 0.000 0.000 0.000 
0.000 0.000 0.000 0.000 0.000 0.000 0.000 0.000 0.000 0.000 0.000 0.000 -0.000 -0.000 -0.000 0.000 0.000 0.000 0.000 0.000 0.000 0.000 0.000 0.000 0.000 0.000 0.000 0.000 0.000 0.000 
0.000 0.000 0.000 0.000 0.000 0.000 0.000 0.000 0.000 0.000 0.000 0.000 0.000 0.000 0.000 0.000 0.000 0.000 0.000 0.000 0.000 0.000 0.000 0.000 0.000 0.000 0.000 0.000 0.000 0.000 
0.000 0.000 0.000 0.000 0.000 0.000 0.000 0.000 0.000 0.000 0.000 0.000 0.000 0.000 0.000 0.000 0.000 0.000 0.000 0.000 0.000 0.000 0.000 0.000 0.000 0.000 0.000 0.000 0.000 0.000 
