# Vol_scan Display Grid (processed)
# Grid size: 29 x 25
# Format: reflectivity
# Ref point: (-52000.000000, 14000.000000)
# Grid res: 1000.000000 meters
-0.000 0.000 0.000 0.000 0.000 0.000 0.000 -0.000 0.000 0.000 0.000 0.000 0.000 0.000 0.000 0.000 0.000 0.000 0.000 0.000 0.000 0.000 0.000 0.000 0.000 
-0.000 -0.000 0.000 0.000 0.000 -0.000 0.000 0.640 0.000 2.416 19.278 23.907 22.386 18.335 0.000 0.000 0.000 0.000 0.000 -0.000 0.000 0.000 0.000 0.000 0.000 
-0.000 -0.000 0.000 0.000 0.000 0.000 0.346 21.063 23.465 24.054 30.437 28.704 28.668 27.037 22.383 25.234 -0.000 0.000 -0.000 0.000 0.000 0.000 0.000 0.000 0.000 
-0.000 -0.000 0.000 0.000 0.000 7.861 25.278 27.936 26.493 27.963 26.976 28.331 29.332 27.562 28.378 28.699 28.030 22.925 -0.000 0.000 0.000 0.000 0.000 0.000 0.000 
-0.000 0.000 0.000 0.036 24.502 28.550 28.449 27.463 26.696 28.222 26.379 28.688 27.890 28.200 27.679 27.276 28.791 28.485 22.445 0.000 0.000 0.000 0.000 0.000 0.000 
0.000 0.000 0.004 25.841 28.302 29.468 28.093 28.749 27.864 29.097 28.507 28.061 28.311 26.554 28.818 27.696 29.697 27.437 28.941 21.649 0.000 0.000 0.000 0.000 0.000 
0.000 0.000 9.928 26.933 28.052 28.609 27.793 26.624 28.613 27.875 31.347 28.854 27.247 29.186 27.335 27.036 27.405 28.168 25.977 26.314 0.000 0.000 0.000 0.000 0.000 
0.000 0.004 27.268 28.974 30.401 28.769 24.992 28.513 26.872 28.234 28.534 28.602 28.457 27.752 29.274 28.896 27.347 26.414 31.139 28.717 22.627 0.000 0.000 0.000 0.000 
0.000 0.004 28.368 29.040 28.673 29.354 27.575 26.461 28.804 28.383 26.865 27.450 29.216 27.565 28.904 30.389 27.136 28.567 28.090 28.567 26.690 0.000 0.000 0.000 0.000 
0.001 8.203 25.921 29.553 27.903 29.328 26.904 27.551 27.523 27.545 27.833 28.340 28.444 27.560 26.740 27.923 29.268 27.293 28.583 27.778 26.880 -0.000 0.000 0.000 0.000 
0.009 8.005 28.954 27.711 29.255 27.365 27.431 29.635 27.436 28.247 29.466 27.956 27.204 28.612 26.712 29.160 27.490 28.542 27.529 27.234 27.383 0.000 0.000 0.000 0.000 
0.016 16.093 28.237 29.377 26.282 25.491 27.694 27.311 27.940 28.849 28.634 27.319 27.761 27.728 28.019 27.286 28.157 28.692 30.292 26.998 27.760 26.387 -0.000 0.000 0.000 
3.642 14.064 28.139 28.643 28.050 28.292 29.103 28.100 28.035 26.233 28.664 28.067 28.904 27.217 27.158 29.439 25.934 29.663 28.066 28.692 27.175 25.066 0.000 0.000 0.000 
5.240 16.934 27.388 28.969 28.288 28.525 27.692 29.034 27.456 26.325 27.014 27.106 27.056 26.460 27.077 27.224 27.932 27.986 29.056 28.075 27.137 0.000 -0.000 0.000 0.000 
9.600 18.565 25.589 28.995 27.882 27.735 28.634 28.016 27.296 26.855 26.607 26.869 27.141 25.618 25.364 26.708 27.400 27.909 26.804 27.378 28.524 -0.000 -0.000 -0.000 0.000 
4.380 5.653 27.338 28.302 28.416 28.187 29.645 27.053 26.024 27.580 27.498 27.130 28.004 27.740 25.844 29.144 27.649 28.122 27.280 27.529 26.102 -0.000 -0.000 0.000 0.000 
6.160 5.924 16.019 28.454 29.524 29.113 29.481 26.984 25.183 26.010 26.023 26.690 26.506 25.845 25.846 27.389 27.649 29.591 28.117 28.227 0.000 0.000 0.000 0.000 0.000 
0.000 7.640 0.035 26.215 28.845 27.707 28.424 26.983 29.361 27.950 26.601 27.151 28.722 26.888 26.762 26.922 25.647 27.773 27.426 24.113 0.000 0.000 0.000 0.000 0.000 
0.000 5.990 6.491 0.408 27.286 27.463 27.311 27.798 28.386 25.896 26.909 25.542 26.760 25.885 25.998 26.378 27.572 28.050 27.254 0.000 0.000 0.000 0.000 0.000 0.000 
0.000 0.000 5.540 0.015 0.423 25.887 26.591 28.116 27.880 26.719 25.581 28.388 27.992 26.011 27.389 28.230 28.185 26.319 -0.000 0.000 0.000 0.000 0.000 0.000 0.000 
0.000 0.000 0.000 0.122 0.000 0.001 23.797 27.926 28.214 26.584 26.258 26.765 26.951 26.847 28.200 28.541 22.979 0.000 0.000 0.000 0.000 0.000 0.000 0.000 0.000 
0.000 0.000 0.000 0.000 0.076 0.000 0.001 0.001 24.548 22.211 23.788 25.727 20.931 22.409 23.139 0.000 0.000 0.000 0.000 0.000 0.000 0.000 0.000 0.000 0.000 
0.000 0.000 0.000 0.000 0.000 -0.000 0.000 0.000 0.000 0.000 0.000 0.003 0.000 0.000 0.000 0.000 0.000 0.000 0.000 0.000 0.000 0.000 0.000 0.000 0.000 
0.000 0.000 0.000 0.000 0.000 0.000 -0.000 0.000 0.000 0.000 0.000 0.000 -0.000 0.000 0.000 0.000 0.000 0.000 0.000 0.000 0.000 0.000 0.000 0.000 0.000 
0.000 0.000 0.000 0.000 0.000 -0.000 -0.000 0.000 -0.000 -0.000 0.000 0.000 0.000 -0.000 0.000 0.000 0.000 0.000 0.000 0.000 0.000 0.000 0.000 0.000 0.000 
0.000 0.000 0.000 0.000 0.000 0.000 0.000 0.000 0.000 -0.000 -0.000 0.000 -0.000 0.000 0.000 0.000 0.000 0.000 0.000 0.000 0.000 0.000 0.000 0.000 0.000 
0.000 0.000 0.000 0.000 0.000 0.000 -0.000 0.000 0.000 0.000 0.000 -0.000 0.000 0.000 0.000 0.000 0.000 0.000 0.000 0.000 0.000 0.000 0.000 0.000 0.000 
0.000 0.000 0.000 0.000 0.000 0.000 0.000 0.000 0.000 0.000 -0.000 0.000 0.000 0.000 0.000 0.000 0.000 0.000 0.000 0.000 0.000 0.000 0.000 0.000 0.000 
0.000 0.000 0.000 0.000 0.000 0.000 0.000 0.000 0.000 0.000 0.000 0.000 0.000 0.000 0.000 0.000 0.000 0.000 0.000 0.000 0.000 0.000 0.000 0.000 0.000 
