# Vol_scan Display Grid (processed)
# Grid size: 30 x 32
# Format: reflectivity
# Ref point: (-73000.000000, 12000.000000)
# Grid res: 1000.000000 meters
0.000 0.000 0.000 0.000 0.000 0.000 -0.000 -0.000 0.000 0.000 0.000 0.000 0.000 0.000 0.000 0.000 0.000 0.000 0.000 0.000 0.000 0.000 0.000 0.000 0.000 0.000 0.000 0.000 0.000 0.000 0.000 0.000 
0.000 0.000 0.000 0.000 0.000 0.000 -0.000 0.000 0.000 0.000 -0.000 0.000 0.000 0.000 0.000 0.000 0.000 0.000 0.000 0.000 0.000 0.000 0.000 0.000 0.000 0.000 0.000 0.000 0.000 0.000 0.000 0.000 
0.000 0.000 0.000 0.000 0.000 0.000 0.000 0.000 0.000 -0.000 -0.000 -0.000 0.000 0.000 0.000 0.000 0.000 0.000 0.000 0.000 0.000 0.000 0.000 0.000 0.000 0.000 0.000 0.000 0.000 0.000 0.000 0.000 
0.000 0.000 0.000 0.000 -0.000 0.000 0.000 0.000 0.000 -0.000 0.000 0.735 0.000 0.000 23.646 6.607 5.960 0.000 0.000 0.000 0.000 0.000 0.000 0.000 0.000 0.000 0.000 0.000 0.000 0.000 0.000 0.000 
0.000 0.000 0.000 0.000 0.000 0.000 0.000 0.000 0.341 0.000 24.035 25.755 25.479 24.753 21.373 27.176 27.926 5.858 5.025 0.000 0.000 0.000 0.000 0.000 0.000 0.000 0.000 0.000 0.000 0.000 0.000 0.000 
0.000 0.000 0.000 0.000 -0.000 0.000 0.000 1.375 25.759 29.179 30.922 30.648 29.016 25.655 29.090 28.623 27.931 26.876 24.308 0.017 0.000 0.000 0.000 0.000 0.000 0.000 0.000 0.000 0.000 0.000 0.000 0.000 
0.000 0.000 0.000 0.000 0.000 0.000 29.608 24.901 27.691 27.971 27.950 27.909 27.722 30.002 28.681 26.719 28.521 29.749 28.254 28.943 0.000 -0.000 0.000 0.000 0.000 0.000 0.000 0.000 0.000 0.000 0.000 0.000 
0.000 0.000 0.000 0.000 0.000 22.994 28.233 28.397 28.507 28.430 28.970 29.770 29.131 28.446 27.126 28.936 28.151 29.390 28.026 27.640 25.400 0.000 0.000 0.000 0.000 0.000 0.000 0.000 0.000 0.000 0.000 0.000 
0.000 0.000 0.000 -0.000 0.000 29.021 29.469 27.046 28.427 29.834 27.689 28.669 27.096 28.121 26.323 27.556 27.718 28.371 30.270 27.047 28.006 23.919 0.000 0.000 0.000 0.000 -0.000 0.000 0.000 0.000 0.000 0.000 
0.000 0.000 0.000 6.976 28.483 28.479 28.028 28.320 26.997 28.215 29.257 28.568 26.707 27.717 29.284 28.730 29.904 29.003 28.306 29.210 27.176 24.703 16.922 0.000 0.000 0.000 0.000 0.000 -0.000 0.000 0.000 0.000 
0.000 0.000 0.000 20.573 27.606 30.268 29.119 28.081 29.258 29.641 27.290 28.095 28.367 28.774 27.232 26.700 28.803 27.672 28.511 29.328 29.329 27.717 0.860 0.000 0.000 0.000 0.000 -0.000 0.000 0.000 0.000 0.000 
0.000 0.000 0.000 22.615 27.688 28.047 29.554 27.157 28.338 28.452 27.588 27.338 28.812 28.364 30.050 29.556 28.122 27.538 29.451 27.370 27.501 27.509 28.312 0.000 0.000 0.000 0.000 0.000 0.000 0.000 0.000 0.000 
0.000 0.000 -0.000 24.360 26.651 27.473 27.431 26.534 29.274 27.917 26.698 28.211 28.531 29.057 29.024 26.637 29.573 27.808 29.496 28.083 29.697 29.500 24.301 0.000 0.000 0.000 -0.000 0.000 0.000 0.000 0.000 0.000 
0.000 0.000 -0.000 28.318 27.655 26.118 27.380 27.343 27.777 28.528 26.880 27.454 27.658 28.475 28.260 28.382 27.107 29.817 29.095 29.218 28.403 27.951 29.168 0.000 0.000 0.000 0.000 0.000 0.000 0.000 0.000 0.000 
0.000 0.000 -0.000 28.294 27.791 26.989 27.215 28.097 28.431 28.193 27.874 27.455 27.121 27.072 27.325 27.847 28.019 28.292 28.181 28.676 27.924 26.445 28.797 0.000 0.000 0.000 0.000 0.000 0.000 0.000 0.000 0.000 
0.000 0.000 -0.000 26.551 27.569 28.279 27.153 27.487 29.087 27.755 27.820 26.035 25.630 26.583 26.765 27.616 27.738 30.344 27.938 26.739 26.560 27.595 29.435 0.000 0.000 0.000 0.000 -0.000 0.000 0.000 0.000 0.000 
0.000 0.000 0.000 20.540 27.610 26.698 27.505 26.380 26.501 27.460 24.426 25.448 26.703 28.398 25.356 26.744 25.636 25.219 27.086 28.733 28.982 27.836 28.303 0.000 0.000 0.000 0.000 0.000 0.000 0.000 0.000 0.000 
-0.000 -0.000 0.000 -0.000 29.366 28.763 27.205 27.876 27.188 27.926 25.490 27.135 27.312 26.811 24.221 25.522 25.233 26.783 27.931 27.385 27.445 28.688 0.000 -0.000 -0.000 -0.000 0.000 0.000 0.000 0.000 0.000 0.000 
0.000 0.000 0.000 17.252 27.071 27.815 26.580 27.958 29.921 26.134 25.640 24.413 27.086 28.060 27.084 25.516 26.044 26.168 27.570 26.790 28.553 28.527 23.916 0.000 0.000 0.000 0.000 0.000 0.000 0.000 0.000 0.000 
-0.000 0.000 0.000 0.000 23.512 28.886 27.454 26.851 26.235 26.836 26.489 26.781 25.380 26.812 25.240 26.262 27.182 27.130 27.357 28.200 29.149 26.186 0.000 0.000 0.000 -0.000 0.000 0.000 0.000 0.000 0.000 0.000 
-0.000 0.000 -0.000 0.000 -0.000 23.491 27.469 26.208 26.656 27.676 26.683 26.071 27.242 26.792 25.176 26.060 26.479 24.920 28.181 27.860 23.725 23.252 0.000 0.000 0.000 0.000 0.000 0.000 0.000 0.000 0.000 0.000 
0.000 0.000 0.000 0.000 -0.000 0.000 28.260 28.576 27.279 25.914 27.308 26.437 26.746 26.972 26.769 26.504 26.559 26.531 27.193 25.934 19.707 -0.000 0.000 -0.000 0.000 0.000 0.000 0.000 0.000 0.000 0.000 0.000 
0.000 0.000 0.000 0.000 0.000 0.000 0.000 23.305 27.780 26.161 25.906 25.647 26.898 27.228 24.785 26.575 27.146 28.383 24.393 -0.000 0.000 -0.000 0.000 0.000 0.000 0.000 0.000 0.000 0.000 0.000 0.000 0.000 
0.000 0.000 0.000 0.000 0.000 0.000 0.000 0.000 24.561 25.870 25.371 25.160 25.112 26.213 25.572 25.695 25.848 -0.000 22.157 0.000 0.000 -0.000 0.000 0.000 0.000 0.000 0.000 0.000 0.000 0.000 0.000 0.000 
0.000 0.000 0.000 0.000 0.000 0.000 0.000 0.000 0.000 0.000 0.000 0.000 16.228 15.031 20.228 19.347 0.000 0.000 -0.000 -0.000 0.000 0.000 0.000 0.000 0.000 0.000 0.000 0.000 0.000 0.000 0.000 0.000 
0.000 0.000 0.000 0.000 0.000 0.000 0.000 0.000 0.000 0.000 0.000 0.000 0.000 0.000 0.000 0.000 0.000 0.000 0.000 -0.000 0.000 0.000 0.000 0.000 0.000 0.000 0.000 0.000 0.000 0.000 0.000 0.000 
0.000 0.000 0.000 0.000 0.000 0.000 0.000 0.000 0.000 0.000 0.000 0.000 0.000 0.000 0.000 0.000 0.000 0.000 0.000 0.000 0.000 0.000 0.000 0.000 0.000 0.000 0.000 0.000 0.000 0.000 0.000 0.000 
0.000 0.000 0.000 0.000 0.000 0.000 0.000 0.000 0.000 0.000 0.000 0.000 0.000 0.000 0.000 0.000 0.000 -0.000 -0.000 -0.000 0.000 0.000 0.000 0.000 0.000 0.000 0.000 0.000 0.000 0.000 0.000 0.000 
0.000 0.000 0.000 0.000 0.000 0.000 0.000 0.000 0.000 0.000 0.000 0.000 0.000 0.000 0.000 0.000 0.000 0.000 0.000 -0.000 0.000 0.000 0.000 0.000 0.000 0.000 0.000 0.000 0.000 0.000 0.000 0.000 
0.000 0.000 0.000 0.000 0.000 0.000 0.000 0.000 0.000 0.000 0.000 0.000 0.000 0.000 0.000 0.000 0.000 0.000 0.000 0.000 0.000 0.000 0.000 0.000 0.000 0.000 0.000 0.000 0.000 0.000 0.000 0.000 
