# Vol_scan Display Grid (processed)
# Grid size: 31 x 31
# Format: reflectivity
# Ref point: (-44000.000000, 12000.000000)
# Grid res: 1000.000000 meters
0.000 0.000 0.000 0.000 0.000 0.000 0.000 0.000 -0.000 0.000 0.000 0.000 0.000 0.000 0.000 0.000 0.000 0.000 0.000 0.000 0.000 0.000 0.000 0.000 0.000 0.000 0.000 0.000 0.000 0.000 0.000 
0.000 0.000 0.000 0.000 0.000 0.000 0.000 0.000 -0.000 0.000 -0.000 0.000 0.000 0.000 0.000 0.000 0.000 0.000 0.000 0.000 0.000 0.000 0.000 0.000 0.000 0.000 0.000 0.000 0.000 0.000 0.000 
0.000 0.000 0.000 0.000 0.000 0.000 0.000 -0.000 0.000 -0.000 -0.000 0.000 -0.000 0.000 -0.000 0.000 0.000 0.000 0.000 0.000 0.000 0.000 0.000 0.000 0.000 0.000 0.000 0.000 0.000 0.000 0.000 
0.000 0.000 0.000 0.000 0.000 0.000 0.000 0.000 0.000 -0.000 0.000 0.000 0.000 0.000 0.000 0.000 0.000 0.000 0.000 0.000 0.000 0.000 0.000 0.000 0.000 0.000 0.000 0.000 0.000 0.000 0.000 
0.000 0.000 0.000 0.000 0.000 0.000 0.000 0.000 0.000 0.000 0.000 0.000 0.000 10.389 13.947 0.106 0.004 5.840 0.000 0.000 0.000 0.000 0.000 0.000 0.000 0.000 0.000 0.000 0.000 0.000 0.000 
0.000 0.000 0.000 0.000 0.000 0.000 0.000 -0.000 0.401 17.894 26.574 24.859 25.531 22.917 24.796 22.799 19.759 0.073 14.069 6.247 0.000 0.000 0.000 0.000 0.000 0.000 0.000 0.000 0.000 0.000 0.000 
0.000 0.000 0.000 0.000 0.000 0.000 0.000 15.658 23.522 25.767 28.975 29.368 27.891 27.018 26.790 27.652 25.815 25.984 26.625 12.784 6.180 0.000 0.000 0.000 0.000 0.000 0.000 0.000 0.000 0.000 0.000 
0.000 0.000 0.000 0.000 -0.000 -0.000 0.001 27.464 27.168 28.928 27.782 28.092 27.586 28.300 28.239 27.022 26.209 27.387 28.698 26.749 33.702 5.531 0.000 0.000 0.000 0.000 0.000 0.000 0.000 0.000 0.000 
0.000 0.000 0.000 0.000 -0.000 23.824 26.619 27.966 26.702 26.736 27.619 29.918 27.560 27.841 28.948 27.969 28.548 27.700 26.043 29.951 29.741 0.845 0.074 0.000 0.000 0.000 0.000 0.000 0.000 0.000 0.000 
0.000 0.000 0.000 0.000 0.000 23.851 27.012 27.118 26.980 27.337 27.619 26.848 27.425 27.709 27.281 26.842 27.820 28.649 26.692 28.086 26.611 24.759 0.005 0.000 0.000 0.000 0.000 0.000 0.000 0.000 0.000 
0.000 0.000 0.000 0.000 26.838 28.859 27.696 28.014 27.512 29.511 27.308 28.093 26.855 28.210 27.910 27.093 28.149 27.706 28.471 28.059 27.736 27.464 0.051 0.005 0.000 0.000 0.000 0.000 0.000 0.000 0.000 
0.000 0.000 0.000 -0.000 26.587 28.336 27.340 27.596 29.023 27.137 26.330 27.676 26.153 28.604 29.091 28.076 28.154 27.256 29.473 27.724 27.927 28.432 27.178 0.000 0.000 0.000 0.000 0.000 0.000 0.000 0.000 
0.000 0.000 -0.000 20.892 27.728 25.345 28.630 27.125 26.198 27.414 26.915 26.604 28.160 27.872 28.579 26.288 27.699 29.381 26.596 27.252 27.508 28.795 27.902 0.062 0.000 0.000 0.000 0.000 0.000 0.000 0.000 
0.000 0.000 0.000 0.000 26.986 27.744 28.168 29.532 28.080 26.445 26.209 27.449 28.687 26.613 26.877 27.208 28.233 28.279 28.266 27.868 26.975 28.297 28.232 0.095 0.000 -0.000 0.000 0.000 0.000 0.000 0.000 
0.000 0.000 0.000 27.780 27.070 29.179 27.766 27.715 28.049 29.023 27.625 27.635 26.937 27.243 27.622 27.697 28.639 29.253 28.109 28.363 29.528 28.583 28.633 0.106 0.000 0.000 -0.000 0.000 0.000 0.000 0.000 
0.000 -0.000 0.000 27.845 27.880 27.707 28.180 27.369 28.377 26.967 32.338 35.328 40.245 39.021 38.650 37.698 26.819 27.473 27.691 28.742 27.311 28.238 27.429 8.584 -0.000 0.000 0.000 0.000 -0.000 0.000 0.000 
0.000 0.000 0.000 28.559 28.304 26.781 27.892 26.865 27.415 28.016 42.458 38.402 39.614 38.775 42.337 38.234 39.842 27.813 27.817 27.657 27.442 28.943 28.618 0.002 0.000 0.000 -0.000 0.000 0.000 0.000 0.000 
0.000 0.000 0.000 25.202 27.653 28.056 27.865 28.268 27.604 36.725 40.582 42.824 39.892 39.985 42.979 40.521 39.268 37.161 28.194 27.624 27.900 28.556 29.532 0.002 0.000 0.000 0.000 -0.000 -0.000 0.000 0.000 
0.000 0.000 -0.000 0.000 27.175 28.201 28.312 28.065 28.132 40.828 41.416 38.143 39.588 40.254 38.557 38.516 38.904 40.020 26.193 26.183 27.461 26.897 27.508 0.000 0.000 0.000 -0.000 -0.000 0.000 0.000 0.000 
0.000 0.000 0.000 0.000 24.544 27.359 27.739 26.933 37.037 38.620 40.268 40.527 38.690 40.174 43.093 38.122 40.167 40.062 25.870 27.458 27.265 28.488 23.052 0.000 0.000 0.000 0.000 0.000 0.000 0.000 0.000 
0.000 0.000 0.000 -0.000 -0.000 27.237 28.711 27.357 26.652 39.697 38.571 42.668 41.129 38.452 39.528 40.516 38.310 40.005 29.203 26.233 27.229 28.773 0.000 0.000 -0.000 -0.000 0.000 0.000 0.000 0.000 0.000 
0.000 0.000 0.000 0.000 0.000 23.497 28.224 27.711 34.442 41.852 42.116 41.955 40.340 39.734 40.057 38.762 40.722 39.364 26.822 27.487 28.865 -0.000 0.000 -0.000 0.000 0.000 0.000 0.000 0.000 0.000 0.000 
0.000 0.000 0.000 0.000 0.000 0.000 26.119 28.158 27.646 41.020 40.704 40.344 39.070 40.153 39.901 39.453 41.790 40.505 27.237 27.426 23.475 0.000 0.000 0.000 0.000 0.000 0.000 0.000 0.000 0.000 0.000 
0.000 0.000 0.000 0.000 0.000 0.000 0.000 26.731 27.733 35.280 40.523 41.101 40.963 40.139 39.925 40.632 40.001 26.900 25.473 24.268 0.000 0.000 0.000 0.000 0.000 0.000 0.000 0.000 0.000 0.000 0.000 
0.000 0.000 0.000 0.000 0.000 0.000 0.000 0.000 -0.000 23.602 32.328 38.839 38.897 37.392 38.235 35.522 29.400 24.857 -0.000 0.000 0.000 0.000 0.000 0.000 0.000 0.000 0.000 0.000 0.000 0.000 0.000 
0.000 0.000 0.000 0.000 0.000 0.000 0.000 0.000 0.000 -0.000 0.000 16.756 35.614 34.419 32.824 29.329 -0.000 0.000 0.000 0.000 0.000 0.000 0.000 0.000 0.000 0.000 0.000 0.000 0.000 0.000 0.000 
0.000 0.000 0.000 0.000 0.000 0.000 0.000 0.000 0.000 0.000 -0.000 0.000 0.000 0.000 0.000 0.000 -0.000 0.000 0.000 0.000 0.000 0.000 0.000 0.000 0.000 0.000 0.000 0.000 0.000 0.000 0.000 
0.000 0.000 0.000 0.000 0.000 0.000 0.000 0.000 0.000 0.000 0.000 0.000 -0.000 0.000 0.000 0.000 0.000 0.000 0.000 0.000 0.000 0.000 0.000 0.000 0.000 0.000 0.000 0.000 0.000 0.000 0.000 
0.000 0.000 0.000 0.000 0.000 0.000 0.000 0.000 0.000 0.000 0.000 0.000 -0.000 -0.000 0.000 0.000 0.000 0.000 0.000 0.000 0.000 0.000 0.000 0.000 0.000 0.000 0.000 0.000 0.000 0.000 0.000 
0.000 0.000 0.000 0.000 0.000 0.000 0.000 0.000 0.000 0.000 0.000 0.000 -0.000 0.000 0.000 0.000 0.000 0.000 0.000 0.000 0.000 0.000 0.000 0.000 0.000 0.000 0.000 0.000 0.000 0.000 0.000 
0.000 0.000 0.000 0.000 0.000 0.000 0.000 0.000 0.000 0.000 0.000 0.000 0.000 0.000 0.000 0.000 0.000 0.000 0.000 0.000 0.000 0.000 0.000 0.000 0.000 0.000 0.000 0.000 0.000 0.000 0.000 
