# Vol_scan Display Grid (processed)
# Grid size: 29 x 32
# Format: reflectivity
# Ref point: (-82000.000000, 11000.000000)
# Grid res: 1000.000000 meters
0.000 0.000 0.000 0.000 -0.000 -0.000 -0.000 0.000 -0.000 0.000 0.000 0.000 0.000 0.000 0.000 0.000 0.000 0.000 0.000 0.000 0.000 0.000 0.000 0.000 0.000 0.000 0.000 0.000 0.000 0.000 0.000 0.000 
0.000 0.000 0.000 0.000 -0.000 0.000 -0.000 -0.000 0.000 -0.000 -0.000 0.000 0.000 0.000 0.000 0.000 0.000 0.000 0.000 0.000 0.000 0.000 0.000 0.000 0.000 0.000 0.000 0.000 0.000 0.000 0.000 0.000 
0.000 0.000 0.000 0.000 0.000 0.000 0.000 -0.000 -0.000 0.000 0.000 0.000 0.000 0.009 6.036 6.621 6.050 0.000 0.000 0.000 0.000 0.000 0.000 0.000 0.000 0.000 0.000 0.000 0.000 0.000 0.000 0.000 
0.000 0.000 0.000 0.000 0.000 0.000 0.000 0.000 0.000 0.088 0.000 0.032 22.709 9.928 28.804 28.496 22.718 5.953 5.818 0.000 0.000 0.000 0.000 0.000 0.000 0.000 0.000 0.000 0.000 0.000 0.000 0.000 
0.000 0.000 0.000 -0.000 0.000 0.000 0.000 0.000 0.000 23.983 28.437 23.574 28.861 28.080 27.096 28.137 27.329 26.631 27.589 0.009 5.121 0.000 0.000 0.000 0.000 0.000 0.000 0.000 0.000 0.000 0.000 0.000 
0.000 0.000 0.000 0.000 0.000 -0.000 0.000 26.018 21.997 27.762 27.762 27.531 26.593 28.120 27.531 28.403 28.257 26.753 27.640 24.745 11.148 0.000 0.000 -0.000 0.000 0.000 0.000 0.000 0.000 0.000 0.000 0.000 
0.000 0.000 0.000 0.000 0.000 0.000 0.185 28.761 27.346 28.977 28.556 27.641 29.353 29.594 29.865 28.726 28.673 28.032 28.927 29.206 22.285 22.524 0.000 -0.000 -0.000 -0.000 0.000 0.000 0.000 0.000 0.000 0.000 
0.000 0.000 0.000 0.000 0.000 23.383 22.917 28.858 26.891 28.691 27.649 28.235 26.816 27.527 26.799 26.983 27.721 27.747 27.818 28.583 28.953 23.413 9.953 0.000 -0.000 0.000 -0.000 -0.000 0.000 0.000 0.000 0.000 
0.000 0.000 0.000 0.000 0.000 26.899 29.936 27.732 26.719 28.292 28.461 27.754 29.243 26.914 27.838 28.057 27.223 27.941 26.609 28.149 26.539 29.314 0.062 0.000 0.000 -0.000 0.000 0.000 -0.000 -0.000 0.000 0.000 
0.000 0.000 -0.000 0.000 0.000 28.170 27.460 26.246 30.382 29.211 30.157 28.227 28.940 28.428 28.052 26.975 27.402 26.361 27.838 27.779 28.055 28.473 28.145 22.156 0.000 0.000 0.000 -0.000 -0.000 0.000 -0.000 0.000 
0.000 0.000 0.000 0.000 0.000 26.533 28.927 27.298 27.340 27.802 28.393 27.944 28.324 28.441 28.285 30.935 27.627 30.256 28.535 27.839 26.020 28.374 29.655 0.078 0.000 0.000 0.000 0.000 0.000 -0.000 -0.000 0.000 
0.000 0.000 0.000 0.000 0.000 28.743 29.348 27.750 27.362 28.483 26.882 27.898 27.174 28.104 27.581 28.608 26.631 26.511 27.480 27.956 27.575 26.804 26.802 27.594 -0.000 0.000 0.000 0.000 0.000 0.000 0.000 0.000 
0.000 0.000 0.000 0.000 26.684 26.834 27.157 27.932 27.074 27.720 27.100 28.467 29.220 26.778 28.513 29.893 28.147 27.714 27.951 29.482 27.177 28.671 27.914 27.244 0.000 -0.000 -0.000 0.000 0.000 0.000 0.000 0.000 
0.000 0.000 0.000 0.000 26.383 25.993 27.996 27.253 27.797 27.167 29.135 28.000 28.580 29.298 27.977 27.868 27.961 27.735 27.233 28.319 27.991 29.007 28.640 29.034 0.225 0.000 0.000 0.000 0.000 0.000 0.000 0.000 
0.000 0.000 0.000 0.000 26.939 28.252 27.597 27.697 27.861 26.086 27.466 27.455 30.140 29.270 28.001 29.367 28.015 28.817 27.595 28.205 25.908 27.940 26.879 27.768 0.000 0.000 0.000 0.000 0.000 0.000 0.000 0.000 
0.000 0.000 0.000 0.000 28.332 29.270 28.387 29.039 28.588 28.532 29.166 28.793 27.996 28.252 28.869 28.872 29.063 29.600 26.906 27.247 28.767 30.383 26.928 25.788 0.000 0.000 -0.000 0.000 0.000 0.000 0.000 0.000 
0.000 -0.000 0.000 0.000 0.000 28.548 27.698 27.479 28.797 28.959 28.309 29.794 28.506 28.398 27.292 27.170 28.240 28.347 28.288 27.805 29.004 27.166 28.177 -0.000 0.000 -0.000 0.000 0.000 0.000 0.000 0.000 0.000 
0.000 -0.000 0.000 0.000 -0.000 30.019 27.775 28.372 27.570 28.567 28.050 28.539 28.947 28.614 27.037 29.882 28.367 26.630 27.378 27.982 29.989 30.118 27.251 18.595 0.000 0.000 0.000 0.000 0.000 0.000 0.000 0.000 
0.000 0.000 0.000 0.000 0.000 27.326 28.773 27.552 28.140 27.481 28.633 28.789 28.360 30.511 28.710 29.508 29.052 28.194 27.560 27.429 26.596 25.738 24.966 23.382 0.000 0.000 0.000 0.000 0.000 0.000 0.000 0.000 
0.000 0.000 0.000 -0.000 0.000 24.423 27.619 28.630 28.001 31.058 29.937 29.172 28.339 28.543 29.394 26.504 28.207 27.691 28.281 27.284 27.403 28.520 23.282 0.000 0.000 0.000 0.000 0.000 0.000 0.000 0.000 0.000 
-0.000 0.000 0.000 0.000 0.000 0.000 25.845 27.520 29.347 28.246 30.129 28.561 28.056 28.063 29.062 28.345 27.191 29.087 29.400 27.782 28.599 -0.000 0.000 0.000 0.000 0.000 0.000 0.000 0.000 0.000 0.000 0.000 
0.000 0.000 0.000 0.000 -0.000 0.000 0.000 23.877 27.900 27.994 29.451 28.534 28.651 26.778 29.169 28.988 29.301 29.271 29.323 24.788 26.071 0.000 0.000 -0.000 0.000 0.000 0.000 0.000 0.000 0.000 0.000 0.000 
0.000 0.000 0.000 0.000 0.000 0.000 0.000 0.000 -0.000 28.851 27.809 29.997 26.920 27.114 28.196 27.864 29.655 24.533 26.152 20.194 0.000 0.000 0.000 0.000 0.000 0.000 0.000 0.000 0.000 0.000 0.000 0.000 
0.000 0.000 0.000 0.000 0.000 0.000 0.000 0.000 0.000 0.000 0.000 24.247 25.156 21.777 26.557 24.905 25.094 0.000 0.000 -0.000 -0.000 -0.000 0.000 0.000 0.000 0.000 0.000 0.000 0.000 0.000 0.000 0.000 
0.000 0.000 0.000 0.000 0.000 0.000 0.000 0.000 0.000 0.000 0.000 0.000 0.000 -0.000 0.000 0.000 0.000 0.000 0.000 0.000 -0.000 -0.000 -0.000 0.000 0.000 0.000 0.000 0.000 0.000 0.000 0.000 0.000 
0.000 0.000 0.000 0.000 0.000 0.000 0.000 0.000 0.000 0.000 0.000 0.000 0.000 0.000 0.000 0.000 0.000 0.000 0.000 0.000 0.000 0.000 0.000 0.000 0.000 0.000 0.000 0.000 0.000 0.000 0.000 0.000 
0.000 0.000 0.000 0.000 0.000 0.000 0.000 0.000 0.000 0.000 0.000 0.000 0.000 0.000 0.000 0.000 0.000 0.000 0.000 0.000 0.000 0.000 0.000 0.000 0.000 0.000 0.000 0.000 0.000 0.000 0.000 0.000 
0.000 0.000 0.000 0.000 0.000 0.000 0.000 0.000 0.000 0.000 0.000 0.000 0.000 0.000 0.000 0.000 0.000 0.000 0.000 0.000 0.000 0.000 0.000 0.000 0.000 0.000 0.000 0.000 0.000 0.000 0.000 0.000 
0.000 0.000 0.000 0.000 0.000 0.000 0.000 0.000 0.000 0.000 0.000 0.000 0.000 0.000 0.000 0.000 0.000 0.000 0.000 0.000 0.000 0.000 0.000 0.000 0.000 0.000 0.000 0.000 0.000 0.000 0.000 0.000 
