# Vol_scan Display Grid (processed)
# Grid size: 30 x 32
# Format: reflectivity
# Ref point: (-62000.000000, 11000.000000)
# Grid res: 1000.000000 meters
0.000 0.000 0.000 0.000 0.000 0.000 -0.000 0.000 0.000 0.000 -0.000 0.000 0.000 -0.000 0.000 0.000 0.000 0.000 0.000 0.000 0.000 0.000 0.000 0.000 0.000 0.000 0.000 0.000 0.000 0.000 0.000 0.000 
0.000 0.000 0.000 0.000 0.000 0.000 0.000 0.000 0.000 -0.000 0.000 0.000 0.000 0.000 0.000 -0.000 0.000 0.000 0.000 0.000 0.000 0.000 0.000 0.000 0.000 0.000 0.000 0.000 0.000 0.000 0.000 0.000 
0.000 0.000 0.000 0.000 0.000 -0.000 0.000 -0.000 0.000 -0.000 0.000 0.000 0.000 0.000 0.001 0.018 7.130 6.330 0.000 0.000 0.000 0.000 0.000 0.000 0.000 0.000 0.000 0.000 0.000 0.000 0.000 0.000 
0.000 0.000 0.000 0.000 -0.000 0.000 0.000 -0.000 0.000 0.000 0.000 0.001 4.244 19.479 0.002 13.034 0.037 6.178 5.710 5.610 0.000 0.000 0.000 0.000 0.000 0.000 0.000 0.000 0.000 0.000 0.000 0.000 
0.000 0.000 0.000 0.000 0.000 0.000 0.000 -0.000 0.001 21.627 5.333 24.522 26.585 25.716 27.847 24.976 25.468 25.435 26.394 7.159 7.210 7.720 0.000 0.000 0.000 0.000 0.000 0.000 0.000 0.000 0.000 0.000 
0.000 0.000 0.000 0.000 0.000 0.000 0.000 0.000 23.434 28.077 26.869 26.780 28.976 27.605 27.681 27.263 28.009 27.369 27.065 26.942 30.774 0.016 0.000 -0.000 0.000 0.000 0.000 0.000 0.000 0.000 0.000 0.000 
0.000 0.000 0.000 0.000 0.000 0.000 0.000 11.161 26.633 29.314 25.807 27.214 28.386 27.127 26.464 27.826 29.784 27.480 25.357 27.843 28.254 15.536 0.001 0.000 0.000 0.000 0.000 0.000 0.000 0.000 0.000 0.000 
0.000 0.000 0.000 0.000 -0.000 0.000 26.390 28.397 27.839 26.331 27.136 27.986 27.568 27.911 26.470 27.624 28.384 27.263 25.931 26.553 27.639 23.118 13.879 0.000 0.000 0.000 -0.000 0.000 0.000 0.000 0.000 0.000 
0.000 0.000 0.000 0.000 0.000 3.096 27.276 26.449 28.033 27.487 26.127 28.351 27.411 27.543 27.344 28.039 28.662 27.445 26.647 26.135 26.642 28.306 24.220 0.000 0.000 0.000 -0.000 0.000 0.000 0.000 0.000 0.000 
0.000 0.000 0.000 0.000 0.000 25.729 26.413 26.700 29.639 27.395 27.869 28.083 27.144 27.606 28.530 25.587 28.092 28.449 28.710 27.612 27.758 27.398 29.345 7.052 0.000 -0.000 0.000 0.000 0.000 -0.000 0.000 0.000 
0.000 0.000 0.000 0.000 27.217 26.381 27.054 28.746 26.490 27.883 26.290 26.742 26.677 26.513 27.460 27.540 26.828 26.785 26.727 26.751 25.963 27.245 27.959 6.439 0.001 0.000 0.000 0.000 -0.000 0.000 0.000 0.000 
0.000 0.000 0.000 0.000 26.097 26.895 25.976 27.783 26.737 27.608 27.575 28.320 26.937 26.177 27.484 27.395 27.116 26.005 27.864 27.186 26.706 28.509 26.348 27.866 0.000 0.000 -0.000 0.000 -0.000 0.000 -0.000 0.000 
0.000 0.000 0.000 -0.000 26.866 28.004 28.090 26.858 26.457 27.477 28.690 26.589 26.052 25.960 27.035 26.636 27.106 28.582 28.040 27.984 25.568 28.041 27.322 27.719 8.445 0.000 0.000 0.000 0.000 -0.000 0.000 0.000 
0.000 0.000 0.000 0.000 28.148 28.333 26.992 28.509 26.798 27.283 26.740 27.319 28.112 28.449 26.261 27.040 28.085 28.235 26.800 25.803 25.942 27.796 28.304 28.385 0.001 0.000 0.000 0.000 -0.000 0.000 0.000 0.000 
0.000 0.000 0.000 0.000 27.175 27.918 25.837 27.899 27.771 27.360 28.125 27.555 27.681 26.921 26.434 25.165 25.536 28.279 27.742 26.372 26.165 26.408 26.235 27.928 -0.000 0.000 -0.000 0.000 0.000 0.000 0.000 0.000 
0.000 0.000 0.000 -0.000 26.571 28.775 26.482 27.331 27.652 26.960 26.389 26.179 25.209 25.364 24.423 25.101 25.946 26.084 27.023 27.390 27.625 28.308 26.484 28.353 0.000 0.000 -0.000 0.000 0.000 0.000 0.000 0.000 
0.000 0.000 0.000 0.000 27.496 26.999 26.553 28.525 28.488 26.284 26.063 25.621 26.305 25.164 25.051 25.234 24.955 25.812 26.320 25.672 27.061 28.445 27.255 27.910 -0.000 0.000 0.000 -0.000 0.000 0.000 0.000 0.000 
0.000 0.000 0.000 -0.000 -0.000 27.926 26.275 26.565 28.883 27.025 25.868 27.065 26.532 27.154 25.586 26.186 25.317 25.258 24.728 26.408 27.657 27.979 28.549 0.000 -0.000 0.000 0.000 -0.000 0.000 0.000 0.000 0.000 
0.000 0.000 0.000 -0.000 0.000 24.917 28.417 27.376 27.078 25.355 26.196 25.563 25.706 25.869 26.125 24.028 23.656 27.178 24.832 26.970 27.336 27.601 27.344 18.469 0.000 0.000 0.000 0.000 0.000 0.000 0.000 0.000 
0.000 -0.000 0.000 0.000 0.000 20.865 27.576 27.710 26.788 28.679 26.519 26.765 25.390 26.098 25.755 26.338 25.580 25.362 26.491 26.773 28.468 27.951 24.325 0.000 0.000 0.000 0.000 0.000 0.000 0.000 0.000 0.000 
0.000 0.000 0.000 0.000 -0.000 0.000 24.772 28.460 28.380 25.017 26.969 26.403 25.031 26.303 26.940 24.552 26.990 26.122 25.154 26.890 27.884 22.358 -0.000 0.000 0.000 -0.000 0.000 0.000 0.000 0.000 0.000 0.000 
0.000 0.000 0.000 0.000 0.000 0.000 0.000 23.129 27.756 25.733 27.527 26.054 27.119 26.316 25.876 26.653 25.663 25.862 27.646 27.705 25.718 23.916 0.000 -0.000 0.000 0.000 0.000 0.000 0.000 0.000 0.000 0.000 
0.000 0.000 0.000 0.000 0.000 0.000 0.000 0.000 23.932 25.763 26.328 25.820 26.218 26.562 25.418 24.995 26.960 24.992 26.405 26.388 16.392 0.000 -0.000 0.000 0.000 0.000 0.000 0.000 0.000 0.000 0.000 0.000 
0.000 0.000 0.000 0.000 0.000 0.000 0.000 0.000 0.000 0.000 26.261 24.056 25.996 24.694 26.852 24.925 24.627 25.104 19.297 -0.000 0.000 0.000 0.000 0.000 0.000 0.000 0.000 0.000 0.000 0.000 0.000 0.000 
0.000 0.000 0.000 0.000 0.000 0.000 0.000 0.000 0.000 0.000 0.000 0.000 0.000 0.000 0.000 -0.000 0.000 -0.000 0.000 0.000 -0.000 0.000 0.000 0.000 0.000 0.000 0.000 0.000 0.000 0.000 0.000 0.000 
0.000 0.000 0.000 0.000 0.000 0.000 0.000 0.000 0.000 0.000 0.000 0.000 0.000 0.000 -0.000 0.000 0.000 0.000 -0.000 0.000 0.000 0.000 0.000 0.000 0.000 0.000 0.000 0.000 0.000 0.000 0.000 0.000 
0.000 0.000 0.000 0.000 0.000 0.000 0.000 0.000 0.000 0.000 0.000 0.000 0.000 0.000 0.000 0.000 0.000 0.000 -0.000 0.000 0.000 0.000 0.000 0.000 0.000 0.000 0.000 0.000 0.000 0.000 0.000 0.000 
0.000 0.000 0.000 0.000 0.000 0.000 0.000 0.000 0.000 0.000 0.000 0.000 0.000 0.000 0.000 0.000 0.000 0.000 0.000 0.000 0.000 0.000 0.000 0.000 0.000 0.000 0.000 0.000 0.000 0.000 0.000 0.000 
0.000 0.000 0.000 0.000 0.000 0.000 0.000 0.000 0.000 0.000 0.000 0.000 0.000 0.000 0.000 0.000 0.000 0.000 0.000 0.000 0.000 0.000 0.000 0.000 0.000 0.000 0.000 0.000 0.000 0.000 0.000 0.000 
0.000 0.000 0.000 0.000 0.000 0.000 0.000 0.000 0.000 0.000 0.000 0.000 0.000 0.000 0.000 0.000 0.000 0.000 0.000 0.000 0.000 0.000 0.000 0.000 0.000 0.000 0.000 0.000 0.000 0.000 0.000 0.000 
