# Vol_scan Display Grid (processed)
# Grid size: 29 x 33
# Format: reflectivity
# Ref point: (-92000.000000, 11000.000000)
# Grid res: 1000.000000 meters
0.000 0.000 -0.000 0.000 0.000 -0.000 -0.000 -0.000 0.000 0.000 0.000 0.000 0.000 0.000 0.000 0.000 0.000 0.000 0.000 0.000 0.000 0.000 0.000 0.000 0.000 0.000 0.000 0.000 0.000 0.000 0.000 0.000 0.000 
0.000 0.000 0.000 0.000 0.000 0.000 0.000 -0.000 -0.000 0.000 -0.000 -0.000 0.006 3.674 5.270 4.187 0.000 0.000 0.000 0.000 0.000 0.000 0.000 0.000 0.000 0.000 0.000 0.000 0.000 0.000 0.000 0.000 0.000 
0.000 0.000 0.000 -0.000 -0.000 -0.000 0.000 0.000 0.000 0.000 0.002 0.002 20.099 0.006 24.327 31.207 5.661 5.290 6.150 0.000 0.000 0.000 0.000 0.000 0.000 0.000 0.000 0.000 0.000 0.000 0.000 0.000 0.000 
0.000 0.000 0.000 0.000 0.000 0.000 0.000 0.000 12.421 12.421 24.117 23.446 26.802 28.851 27.589 27.411 29.852 28.270 0.011 0.006 0.000 0.000 0.000 0.000 0.000 0.000 0.000 0.000 0.000 0.000 0.000 0.000 0.000 
0.000 0.000 0.000 0.000 -0.000 -0.000 0.000 0.002 26.295 26.295 27.760 28.172 27.293 26.950 28.737 28.666 27.807 26.984 29.229 23.543 0.000 0.000 0.000 0.000 0.000 0.000 0.000 0.000 0.000 0.000 0.000 0.000 0.000 
0.000 0.000 0.000 0.000 -0.000 -0.000 24.953 24.316 27.191 28.851 29.790 27.787 29.717 28.336 28.241 29.770 28.584 26.814 29.536 27.217 23.763 0.000 0.000 -0.000 0.000 0.000 0.000 0.000 0.000 0.000 0.000 0.000 0.000 
0.000 0.000 0.000 -0.000 0.000 0.000 29.314 29.878 27.468 28.049 28.780 27.196 28.513 28.319 28.459 29.480 28.489 29.167 26.928 28.156 30.854 23.438 13.648 0.000 -0.000 0.000 -0.000 0.000 0.000 0.000 0.000 0.000 0.000 
0.000 0.000 0.000 -0.000 23.280 23.280 27.821 26.852 30.002 27.716 29.183 28.857 28.607 28.336 28.080 26.623 27.666 28.402 28.228 29.813 29.000 26.758 0.003 0.000 0.000 0.000 0.000 0.000 -0.000 0.000 0.000 0.000 0.000 
0.000 0.000 0.000 0.000 31.722 26.885 28.501 27.995 29.063 26.499 28.247 27.963 30.411 28.591 30.451 28.646 30.006 27.838 28.633 29.074 28.471 29.415 28.934 0.000 -0.000 -0.000 0.000 0.000 0.000 0.000 -0.000 0.000 0.000 
0.000 0.000 0.000 0.000 27.886 28.783 28.853 27.262 28.861 30.181 30.131 29.141 28.034 29.045 27.243 29.908 27.865 28.570 29.982 29.680 27.843 29.125 28.284 0.000 0.000 0.000 0.000 -0.000 0.000 0.000 0.000 0.000 0.000 
0.000 -0.000 0.000 0.000 28.696 28.678 28.678 28.336 27.800 27.557 28.606 27.647 29.551 29.069 28.221 27.743 30.015 28.195 29.950 29.452 27.488 29.236 28.432 25.423 0.000 0.000 0.000 0.000 0.000 -0.000 0.000 0.000 0.000 
0.000 0.000 -0.000 -0.000 28.136 28.383 26.669 27.805 28.498 27.132 28.184 29.654 28.090 26.563 28.510 29.216 27.744 28.550 28.892 27.408 28.638 27.634 28.079 27.263 0.000 -0.000 0.000 -0.000 0.000 0.000 0.000 0.000 0.000 
0.000 0.000 0.000 0.000 29.062 28.125 27.868 30.238 29.669 27.682 28.968 29.583 27.432 29.165 29.654 27.143 29.871 29.739 28.276 27.994 28.531 29.339 27.005 -0.000 0.000 0.000 0.000 -0.000 0.000 -0.000 0.000 0.000 0.000 
0.000 0.000 0.000 27.711 27.229 28.423 28.120 27.959 27.455 27.695 29.593 28.059 28.033 29.133 29.007 26.522 28.278 28.135 28.627 27.856 29.147 29.329 29.747 26.856 0.001 0.000 -0.000 0.000 0.000 -0.000 0.000 0.000 0.000 
0.000 0.000 -0.000 -0.000 22.392 27.736 27.941 27.610 28.454 25.904 28.251 28.430 27.586 28.362 27.734 27.240 28.119 27.813 28.950 27.863 26.914 26.672 27.474 27.120 0.000 0.000 -0.000 0.000 -0.000 0.000 0.000 0.000 0.000 
0.000 0.000 0.000 0.000 30.021 29.015 27.729 29.090 26.959 28.859 26.799 28.217 26.995 29.674 27.838 30.263 27.803 27.720 29.144 27.964 27.649 29.461 28.051 30.001 0.000 0.000 0.000 0.000 -0.000 0.000 0.000 0.000 0.000 
0.000 0.000 0.000 0.000 28.600 28.758 28.334 27.591 28.192 27.621 28.866 27.729 26.158 27.702 28.017 28.407 27.194 28.770 28.404 25.952 30.356 26.298 29.140 -0.000 -0.000 0.000 0.000 0.000 0.000 0.000 0.000 0.000 0.000 
0.000 0.000 0.000 0.000 0.000 29.034 27.152 29.427 28.613 27.855 29.134 28.043 28.567 27.790 25.383 27.925 26.325 29.048 29.204 27.999 28.122 28.765 28.294 -0.000 -0.000 0.000 -0.000 0.000 0.000 0.000 0.000 0.000 0.000 
0.000 0.000 -0.000 0.000 0.000 26.278 27.599 27.896 28.304 29.727 29.538 27.864 28.402 28.476 29.150 26.939 28.808 27.047 28.636 30.984 27.824 27.264 0.000 0.000 0.000 -0.000 0.000 0.000 0.000 0.000 0.000 0.000 0.000 
-0.000 -0.000 -0.000 0.000 0.000 0.000 27.154 28.304 29.335 27.949 25.935 27.430 28.015 29.393 27.881 25.819 26.369 28.586 27.007 27.900 26.151 24.137 0.000 0.000 0.000 0.000 0.000 0.000 0.000 0.000 0.000 0.000 0.000 
0.000 0.000 0.000 0.000 0.000 -0.000 -0.000 23.125 29.173 28.746 26.755 28.656 26.961 27.280 27.827 29.285 27.911 28.145 28.512 27.216 0.000 25.583 -0.000 0.000 0.000 0.000 0.000 0.000 0.000 0.000 0.000 0.000 0.000 
0.000 0.000 0.000 0.000 0.000 0.000 0.000 0.000 0.000 27.771 28.455 27.777 28.928 29.540 27.615 29.585 30.193 30.702 25.423 22.513 0.000 0.000 0.000 -0.000 -0.000 0.000 0.000 0.000 0.000 0.000 0.000 0.000 0.000 
0.000 0.000 0.000 0.000 0.000 0.000 0.000 0.000 0.000 0.000 27.798 27.153 24.452 29.531 28.089 25.773 23.959 25.717 0.000 0.000 -0.000 0.000 0.000 0.000 0.000 0.000 0.000 0.000 0.000 0.000 0.000 0.000 0.000 
0.000 0.000 0.000 0.000 0.000 0.000 0.000 0.000 0.000 0.000 0.000 0.000 0.000 0.000 0.000 0.000 -0.000 0.000 0.000 -0.000 0.000 0.000 0.000 0.000 0.000 0.000 0.000 0.000 0.000 0.000 0.000 0.000 0.000 
0.000 0.000 0.000 0.000 0.000 0.000 0.000 0.000 0.000 0.000 0.000 0.000 0.000 0.000 0.000 0.000 0.000 0.000 -0.000 0.000 0.000 -0.000 0.000 0.000 0.000 0.000 0.000 0.000 0.000 0.000 0.000 0.000 0.000 
0.000 0.000 0.000 0.000 0.000 0.000 0.000 0.000 0.000 0.000 0.000 0.000 0.000 0.000 0.000 0.000 0.000 0.000 0.000 0.000 -0.000 -0.000 0.000 -0.000 0.000 0.000 0.000 0.000 0.000 0.000 0.000 0.000 0.000 
0.000 0.000 0.000 0.000 0.000 0.000 0.000 0.000 0.000 0.000 0.000 0.000 0.000 0.000 0.000 0.000 0.000 0.000 0.000 0.000 0.000 0.000 -0.000 0.000 0.000 0.000 0.000 0.000 0.000 0.000 0.000 0.000 0.000 
0.000 0.000 0.000 0.000 0.000 0.000 0.000 0.000 0.000 0.000 0.000 0.000 0.000 0.000 0.000 0.000 0.000 0.000 0.000 0.000 0.000 0.000 0.000 0.000 0.000 0.000 0.000 0.000 0.000 0.000 0.000 0.000 0.000 
0.000 0.000 0.000 0.000 0.000 0.000 0.000 0.000 0.000 0.000 0.000 0.000 0.000 0.000 0.000 0.000 0.000 0.000 0.000 0.000 0.000 0.000 0.000 0.000 0.000 0.000 0.000 0.000 0.000 0.000 0.000 0.000 0.000 
