# Vol_scan Display Grid (processed)
# Grid size: 31 x 24
# Format: reflectivity
# Ref point: (-68000.000000, 15000.000000)
# Grid res: 1000.000000 meters
0.000 0.000 0.000 0.000 0.000 0.000 0.000 0.000 0.000 0.000 0.000 0.000 0.000 0.000 0.000 0.000 0.000 0.000 0.000 0.000 0.000 0.000 0.000 0.000 
0.000 0.000 0.000 0.000 0.000 -0.000 0.000 -0.000 0.000 0.000 0.000 0.000 0.000 0.000 0.000 0.000 0.000 0.000 0.000 0.000 0.000 0.000 0.000 0.000 
0.000 0.000 0.000 0.000 -0.000 0.000 0.000 -0.000 0.000 0.000 0.000 0.000 0.000 0.000 0.000 0.000 0.000 0.000 0.000 0.000 0.000 0.000 0.000 0.000 
0.000 0.000 0.000 0.000 0.000 0.000 0.000 -0.000 0.000 0.000 0.000 0.000 0.000 0.000 0.000 0.000 0.000 0.000 0.000 0.000 0.000 0.000 0.000 0.000 
0.000 -0.000 0.000 0.000 0.000 0.000 0.000 0.000 0.000 0.000 0.000 -0.000 0.000 0.000 0.000 0.000 0.000 0.000 0.000 0.000 0.000 0.000 0.000 0.000 
0.000 0.000 0.000 0.000 0.000 0.000 0.053 10.990 22.705 22.398 23.012 26.111 17.300 9.933 0.000 0.000 0.000 0.000 0.000 0.000 0.000 0.000 0.000 0.000 
0.000 0.000 0.000 0.000 0.044 10.561 24.027 26.382 27.963 27.237 28.731 28.214 29.248 26.656 22.814 23.445 0.000 0.000 0.000 0.000 0.000 0.000 0.000 0.000 
0.000 0.000 0.000 7.360 26.434 24.352 26.869 27.226 28.400 27.967 27.968 27.994 28.524 27.950 26.220 27.611 11.839 -0.000 0.000 0.000 0.000 0.000 0.000 0.000 
0.000 0.001 9.019 23.807 27.796 27.517 28.458 27.348 28.018 27.298 28.128 28.168 27.924 28.028 27.893 28.369 28.599 15.857 0.000 0.000 0.000 0.000 0.000 0.000 
0.000 0.002 23.784 29.877 27.866 26.605 27.220 28.735 27.155 26.554 27.875 27.298 28.661 26.840 28.067 27.424 29.730 28.432 23.636 -0.000 0.000 0.000 0.000 0.000 
0.000 8.704 28.314 26.836 27.424 27.211 26.023 27.335 27.671 28.656 28.716 26.888 28.175 27.715 27.425 29.634 29.170 28.104 28.032 -0.000 0.000 -0.000 0.000 0.000 
0.000 25.847 27.717 27.777 27.673 27.625 26.476 25.977 27.571 27.198 28.253 28.438 28.265 27.336 29.396 28.438 29.007 26.980 28.718 24.011 0.000 0.000 0.000 0.000 
19.930 27.375 27.930 27.545 28.069 29.509 27.589 28.225 27.466 27.137 28.824 28.543 28.594 26.448 28.713 27.010 28.704 27.269 27.542 28.782 -0.000 -0.000 0.000 0.000 
21.400 26.393 28.054 27.168 28.226 28.555 27.568 26.116 27.445 28.110 30.001 29.143 27.440 27.186 29.359 27.523 27.661 27.967 28.225 27.961 0.000 0.000 0.000 0.000 
26.988 28.134 27.988 28.300 28.471 27.840 28.809 28.529 27.017 27.114 28.316 29.879 26.821 28.018 28.360 27.527 26.944 28.635 27.870 28.790 0.000 0.000 0.000 0.000 
27.554 27.166 30.030 27.311 29.966 28.513 27.731 29.235 28.108 26.949 25.328 28.341 29.053 26.677 27.715 28.434 27.636 28.265 27.440 27.437 -0.000 0.000 0.000 0.000 
27.116 28.539 27.653 26.839 28.740 28.838 27.294 26.400 26.223 26.962 25.930 26.418 24.832 26.942 28.704 27.916 27.542 28.383 26.869 26.993 0.000 0.000 0.000 0.000 
1.312 26.752 27.748 28.439 30.340 28.612 24.904 25.891 25.346 25.347 24.626 25.916 25.985 25.608 26.663 28.935 27.566 27.135 28.347 27.740 0.000 0.000 0.000 0.000 
0.725 27.185 29.074 28.620 27.367 28.490 27.180 25.934 25.335 25.850 25.295 26.262 27.440 26.113 24.135 28.481 28.180 27.989 27.813 26.826 0.000 0.000 0.000 0.000 
0.000 26.194 27.155 27.777 27.312 27.384 25.578 26.219 24.132 25.761 24.970 25.491 25.672 24.760 26.643 28.285 28.044 27.110 27.594 26.140 0.000 0.000 0.000 0.000 
0.000 25.204 27.427 27.898 29.189 26.187 25.731 24.468 26.242 24.939 24.746 25.240 26.887 25.838 25.421 27.295 27.510 29.284 29.428 -0.000 0.000 0.000 0.000 0.000 
0.000 0.001 22.443 27.475 27.925 26.869 25.000 24.603 26.387 25.978 24.782 25.420 26.086 25.315 26.244 28.298 26.379 26.682 23.160 0.000 -0.000 0.000 0.000 0.000 
0.000 0.000 18.832 26.453 27.352 26.674 25.729 25.165 25.938 24.367 26.168 25.355 24.030 25.539 26.510 27.777 28.033 27.151 0.000 0.000 0.000 0.000 0.000 0.000 
0.000 0.000 0.000 24.665 23.729 28.202 25.279 24.107 25.061 26.105 25.783 26.799 26.241 24.911 26.357 28.380 24.035 -0.000 0.000 0.000 0.000 0.000 0.000 0.000 
0.000 0.000 0.000 0.000 18.412 22.502 27.772 27.185 25.062 26.216 24.878 26.034 26.153 28.414 26.922 26.623 -0.000 0.000 0.000 0.000 0.000 0.000 0.000 0.000 
0.000 0.000 0.000 0.000 0.000 0.000 0.002 17.545 20.118 22.067 23.108 24.416 27.174 28.727 0.000 0.000 0.000 0.000 0.000 0.000 0.000 0.000 0.000 0.000 
0.000 0.000 -0.000 0.000 0.000 -0.000 0.000 0.000 0.000 -0.000 0.000 0.000 0.000 0.000 0.000 0.000 0.000 0.000 0.000 0.000 0.000 0.000 0.000 0.000 
0.000 0.000 0.000 -0.000 0.000 0.000 -0.000 0.000 0.000 0.000 0.000 0.000 0.000 0.000 0.000 0.000 0.000 0.000 0.000 0.000 0.000 0.000 0.000 0.000 
0.000 0.000 0.000 -0.000 0.000 0.000 0.000 0.000 0.000 0.000 0.000 0.000 0.000 0.000 0.000 0.000 0.000 0.000 0.000 0.000 0.000 0.000 0.000 0.000 
0.000 0.000 0.000 0.000 0.000 0.000 0.000 0.000 0.000 0.000 0.000 0.000 0.000 0.000 0.000 0.000 0.000 0.000 0.000 0.000 0.000 0.000 0.000 0.000 
0.000 0.000 0.000 0.000 0.000 0.000 0.000 0.000 0.000 0.000 0.000 0.000 0.000 0.000 0.000 0.000 0.000 0.000 0.000 0.000 0.000 0.000 0.000 0.000 
