# Vol_scan Display Grid (processed)
# Grid size: 30 x 29
# Format: reflectivity
# Ref point: (-35000.000000, 12000.000000)
# Grid res: 1000.000000 meters
0.000 0.000 0.000 0.000 0.000 0.000 0.000 0.000 0.000 0.000 0.000 0.000 0.000 0.000 0.000 0.000 0.000 0.000 0.000 0.000 0.000 0.000 0.000 0.000 0.000 0.000 0.000 0.000 0.000 
0.000 0.000 0.000 0.000 0.000 0.000 0.000 0.000 0.000 0.000 0.000 0.000 0.000 -0.000 0.000 0.000 0.000 0.000 0.000 0.000 0.000 0.000 0.000 0.000 0.000 0.000 0.000 0.000 0.000 
0.000 0.000 0.000 0.000 0.000 0.000 0.000 0.000 0.000 0.000 0.000 -0.000 -0.000 0.000 -0.000 0.000 0.000 0.000 0.000 0.000 0.000 0.000 0.000 0.000 0.000 0.000 0.000 0.000 0.000 
0.000 0.000 0.000 0.000 0.000 0.000 0.000 0.000 0.000 0.000 0.000 0.000 -0.000 -0.000 -0.000 -0.000 0.000 0.000 0.000 0.000 0.000 0.000 0.000 0.000 0.000 0.000 0.000 0.000 0.000 
0.000 0.000 0.000 0.000 0.000 0.000 0.000 0.000 0.000 0.000 0.000 0.000 0.000 0.000 0.000 0.001 0.000 0.001 0.032 0.000 0.000 0.000 0.000 0.000 0.000 0.000 0.000 0.000 0.000 
0.000 0.000 0.000 0.000 0.000 0.000 0.000 0.000 -0.000 0.000 2.506 12.822 15.435 9.891 9.440 5.474 0.951 1.682 0.080 0.046 7.270 0.000 0.000 0.000 0.000 0.000 0.000 0.000 0.000 
0.000 0.000 0.000 0.000 0.000 0.000 0.000 0.000 10.862 20.602 26.263 27.747 27.629 28.670 25.989 24.443 22.492 25.886 1.943 0.071 0.039 5.870 0.000 0.000 0.000 0.000 0.000 0.000 0.000 
0.000 0.000 0.000 0.000 0.000 0.000 0.000 23.499 26.421 28.388 27.208 28.984 28.224 27.471 27.674 25.666 25.597 27.114 24.960 9.205 4.704 4.910 5.610 0.000 0.000 0.000 0.000 0.000 0.000 
0.000 0.000 0.000 0.000 0.000 0.000 23.165 28.022 27.504 26.816 27.687 27.071 28.042 27.526 26.387 26.881 26.819 28.257 27.051 28.775 24.439 6.699 6.720 5.330 0.000 0.000 0.000 0.000 0.000 
0.000 0.000 0.000 0.000 0.000 25.671 28.106 28.115 28.649 28.350 29.309 28.388 27.249 28.745 26.605 27.061 28.458 28.422 26.769 26.695 26.404 33.252 5.178 5.440 0.000 0.000 0.000 0.000 0.000 
0.000 0.000 0.000 0.000 0.000 26.485 27.131 27.569 26.868 27.540 27.932 28.120 30.418 27.928 28.849 28.435 27.413 26.950 27.079 27.808 26.839 27.916 5.998 0.045 7.610 0.000 0.000 0.000 0.000 
0.000 0.000 0.000 -0.000 23.215 27.776 28.176 29.045 27.341 27.935 28.237 27.962 28.279 27.220 28.299 27.172 29.050 26.152 27.888 26.629 26.579 27.975 28.122 0.076 7.140 0.000 0.000 0.000 0.000 
0.000 0.000 0.000 0.000 26.767 28.180 28.071 27.852 28.523 28.103 27.987 28.216 28.619 27.134 27.504 28.487 27.606 27.577 26.662 27.584 27.391 28.008 27.865 1.636 0.003 0.000 0.000 0.000 0.000 
0.000 0.000 -0.000 16.471 26.289 28.620 27.726 26.810 27.538 29.016 27.498 28.685 27.790 28.446 27.570 26.513 28.642 28.632 27.642 27.571 27.169 29.145 26.542 1.685 0.001 0.058 0.000 0.000 0.000 
0.000 0.000 0.000 22.987 27.401 28.190 28.158 26.940 28.168 28.931 26.174 28.071 29.071 28.464 28.730 27.909 27.921 28.122 27.972 27.270 26.794 27.242 27.526 0.972 0.000 0.003 0.000 0.000 0.000 
0.000 0.000 -0.000 23.415 28.142 28.333 28.176 27.766 27.778 28.368 27.323 27.635 29.906 27.508 26.575 28.200 27.515 28.216 28.037 29.773 27.172 27.284 25.385 6.762 0.000 0.000 0.000 -0.000 0.000 
0.000 0.000 0.000 25.812 28.009 26.919 27.065 28.355 27.675 27.651 27.695 28.250 27.879 29.011 27.978 28.176 28.575 27.572 27.614 28.037 27.850 27.776 26.625 11.065 0.000 0.000 -0.000 0.000 0.000 
0.000 0.000 -0.000 -0.000 27.428 28.398 26.579 26.325 28.310 27.744 28.377 28.039 27.969 28.514 27.441 28.847 29.402 27.949 27.105 26.322 27.743 28.441 27.117 7.788 0.000 -0.000 -0.000 0.000 0.000 
0.000 0.000 0.000 0.000 27.963 28.364 26.570 27.074 27.290 27.696 26.976 28.061 28.745 26.898 27.569 26.688 28.907 28.574 27.991 26.941 27.434 27.640 26.814 0.000 0.000 -0.000 0.000 0.000 0.000 
0.000 0.000 0.000 0.000 26.131 26.716 28.363 27.285 26.849 27.748 27.178 27.586 27.086 26.479 27.534 27.653 27.689 29.008 27.641 26.764 27.053 26.973 26.794 0.000 -0.000 -0.000 0.000 -0.000 0.000 
0.000 0.000 0.000 0.000 16.501 27.569 28.544 27.463 27.762 28.221 27.984 28.239 28.784 28.676 25.920 27.322 27.855 27.808 28.122 27.140 27.791 26.541 0.113 0.000 0.000 0.000 -0.000 0.000 0.000 
0.000 0.000 0.000 0.000 0.000 26.403 28.222 29.031 29.009 28.495 27.044 27.777 28.307 27.274 26.703 27.272 27.640 29.346 28.429 28.721 28.540 24.591 0.001 0.000 -0.000 0.000 -0.000 -0.000 0.000 
0.000 0.000 0.000 0.000 0.000 0.000 25.758 26.855 29.156 28.022 27.064 28.309 27.842 28.351 28.199 28.044 27.690 27.772 27.175 28.632 27.887 0.001 0.000 0.000 0.000 0.000 -0.000 0.000 0.000 
0.000 0.000 0.000 0.000 0.000 0.000 15.498 24.423 26.884 27.843 26.832 28.513 26.742 28.071 27.559 28.428 27.471 30.015 28.535 27.740 0.000 -0.000 -0.000 0.000 0.000 -0.000 0.000 0.000 0.000 
0.000 0.000 0.000 0.000 0.000 0.000 0.000 0.000 24.887 27.274 26.700 27.732 27.078 28.198 28.086 28.750 26.387 26.390 24.509 0.000 0.000 0.000 0.000 -0.000 0.000 0.000 0.000 0.000 0.000 
0.000 0.000 0.000 0.000 0.000 0.000 0.000 0.000 0.000 17.065 21.532 23.190 24.235 25.060 28.359 25.116 22.453 23.429 0.000 0.000 0.000 0.000 0.000 0.000 0.000 0.000 0.000 0.000 0.000 
0.000 0.000 0.000 0.000 0.000 0.000 0.000 0.000 0.000 -0.000 -0.000 0.000 -0.000 0.000 12.085 -0.000 0.000 0.000 0.000 0.000 0.000 0.000 0.000 0.000 0.000 0.000 0.000 0.000 0.000 
0.000 0.000 0.000 0.000 0.000 0.000 0.000 0.000 0.000 0.000 -0.000 -0.000 -0.000 0.000 0.000 0.000 0.000 0.000 0.000 0.000 0.000 0.000 0.000 0.000 0.000 0.000 0.000 0.000 0.000 
0.000 0.000 0.000 0.000 0.000 0.000 0.000 0.000 0.000 0.000 -0.000 0.000 0.000 0.000 0.000 0.000 0.000 0.000 0.000 0.000 0.000 0.000 0.000 0.000 0.000 0.000 0.000 0.000 0.000 
0.000 0.000 0.000 0.000 0.000 0.000 0.000 0.000 0.000 0.000 0.000 0.000 0.000 0.000 0.000 0.000 0.000 0.000 0.000 0.000 0.000 0.000 0.000 0.000 0.000 0.000 0.000 0.000 0.000 
