# Vol_scan Display Grid (processed)
# Grid size: 30 x 32
# Format: reflectivity
# Ref point: (-69000.000000, 11000.000000)
# Grid res: 1000.000000 meters
0.000 0.000 0.000 0.000 0.000 0.000 -0.000 0.000 0.000 -0.000 0.000 0.000 0.000 0.000 0.000 0.000 0.000 0.000 0.000 0.000 0.000 0.000 0.000 0.000 0.000 0.000 0.000 0.000 0.000 0.000 0.000 0.000 
0.000 0.000 0.000 0.000 0.000 -0.000 0.000 0.000 -0.000 0.000 0.000 0.000 -0.000 0.000 6.530 0.000 0.000 0.000 0.000 0.000 0.000 0.000 0.000 0.000 0.000 0.000 0.000 0.000 0.000 0.000 0.000 0.000 
0.000 0.000 0.000 0.000 -0.000 0.000 0.000 0.000 0.000 -0.000 0.000 0.000 0.000 0.000 0.013 0.009 6.850 6.060 0.000 0.000 0.000 0.000 0.000 0.000 0.000 0.000 0.000 0.000 0.000 0.000 0.000 0.000 
0.000 0.000 0.000 0.000 0.000 0.000 0.000 0.000 0.000 0.000 0.000 4.688 19.761 1.454 9.567 10.447 23.573 6.617 6.580 7.210 6.830 0.000 0.000 0.000 0.000 0.000 0.000 0.000 0.000 0.000 0.000 0.000 
0.000 0.000 0.000 0.000 -0.000 0.000 -0.000 0.000 0.000 25.508 6.651 25.282 29.093 28.288 26.852 24.664 24.820 26.315 25.612 5.205 5.260 4.100 0.000 0.000 0.000 0.000 0.000 0.000 0.000 0.000 0.000 0.000 
0.000 0.000 0.000 0.000 0.000 -0.000 -0.000 0.000 24.283 28.153 29.034 29.613 28.017 28.914 28.876 29.429 30.326 28.539 27.544 26.357 2.516 0.012 0.000 0.000 0.000 0.000 0.000 0.000 0.000 0.000 0.000 0.000 
0.000 0.000 0.000 0.000 0.000 0.000 22.989 11.165 27.142 28.407 29.503 27.196 26.337 28.525 27.019 29.872 27.945 28.222 28.485 29.297 22.982 20.799 0.000 0.000 0.000 0.000 0.000 0.000 0.000 0.000 0.000 0.000 
0.000 0.000 0.000 0.000 0.000 0.000 25.990 28.472 27.179 26.427 27.741 28.742 27.121 27.669 28.569 27.809 28.621 27.845 27.545 29.511 28.867 25.582 0.000 0.000 0.000 0.000 0.000 0.000 0.000 0.000 0.000 0.000 
0.000 0.000 0.000 0.000 0.000 4.839 27.252 26.349 26.851 29.517 27.392 27.521 29.461 28.305 26.466 29.288 28.230 27.876 29.056 27.649 25.784 27.760 23.554 0.000 0.000 0.000 0.000 -0.000 0.000 0.000 0.000 0.000 
0.000 0.000 0.000 -0.000 27.239 23.797 28.211 27.100 27.105 29.772 29.423 28.416 27.439 27.374 27.624 27.804 27.112 27.387 28.236 28.345 27.848 28.939 27.650 5.599 0.000 0.000 0.000 0.000 0.000 0.000 0.000 0.000 
0.000 0.000 0.000 -0.000 25.620 27.663 27.173 27.756 28.432 27.138 27.034 27.350 29.600 28.212 27.418 27.042 28.121 28.689 30.310 27.498 29.327 28.901 28.504 28.671 0.000 0.000 0.000 0.000 -0.000 0.000 -0.000 0.000 
0.000 0.000 0.000 -0.000 27.231 28.542 26.132 28.754 28.022 26.761 26.795 25.931 27.037 28.739 25.972 29.402 26.985 28.956 26.594 28.930 28.660 25.377 28.088 29.126 0.000 0.000 0.000 0.000 -0.000 0.000 0.000 0.000 
0.000 0.000 0.000 0.000 27.644 27.829 27.647 27.517 28.214 26.400 27.342 26.529 27.778 29.251 27.623 27.307 27.493 29.999 26.597 28.531 28.780 28.085 27.026 29.878 0.001 0.000 0.000 0.000 0.000 0.000 0.000 0.000 
0.000 -0.000 -0.000 0.000 -0.000 28.346 28.083 28.933 27.767 27.297 27.799 27.014 30.093 27.915 29.529 26.917 27.060 27.351 27.066 27.697 28.923 26.898 28.156 28.336 -0.000 -0.000 -0.000 0.000 0.000 0.000 0.000 0.000 
0.000 -0.000 0.000 0.000 26.622 27.354 25.632 27.892 25.938 25.901 27.703 26.809 27.299 24.614 26.284 26.176 25.182 29.032 27.748 26.324 27.701 27.158 27.444 27.756 0.000 0.000 0.000 0.000 0.000 0.000 0.000 0.000 
0.000 -0.000 0.000 0.000 27.167 27.163 28.676 28.794 27.373 28.004 25.727 23.750 24.856 25.141 24.316 25.717 25.204 27.954 27.863 27.309 27.904 27.777 28.207 27.901 0.032 0.000 0.000 -0.000 -0.000 0.000 0.000 0.000 
0.000 -0.000 0.000 0.000 0.000 27.639 28.171 28.695 27.655 26.933 25.058 25.205 23.199 26.348 25.487 25.300 25.949 25.690 26.900 26.035 28.431 26.485 26.868 27.305 0.000 -0.000 0.000 0.000 0.000 0.000 0.000 0.000 
0.000 0.000 0.000 0.000 24.083 27.469 27.675 28.467 28.819 25.260 24.131 24.594 25.174 23.925 24.005 25.784 23.318 25.703 27.567 26.178 27.510 28.281 26.726 0.000 -0.000 -0.000 0.000 0.000 0.000 0.000 0.000 0.000 
0.000 0.000 0.000 0.000 0.000 25.320 27.802 27.947 27.969 24.333 25.164 25.709 25.249 24.566 24.386 23.966 25.482 27.091 25.427 27.482 27.948 28.303 25.170 0.000 0.000 0.000 -0.000 0.000 0.000 0.000 0.000 0.000 
0.000 0.000 0.000 -0.000 -0.000 0.000 27.026 27.512 28.884 24.556 25.299 23.472 24.082 25.633 25.127 23.782 24.294 24.765 24.640 26.516 26.654 26.117 19.191 0.000 0.000 -0.000 0.000 0.000 0.000 0.000 0.000 0.000 
0.000 0.000 0.000 -0.000 0.000 0.000 24.431 27.194 27.973 25.313 25.445 25.179 26.021 24.582 24.446 23.985 25.945 27.157 25.904 27.709 27.394 0.000 22.481 -0.000 0.000 0.000 0.000 0.000 0.000 0.000 0.000 0.000 
0.000 0.000 0.000 0.000 0.000 0.000 -0.000 25.469 27.235 26.916 25.118 24.163 24.058 24.596 24.597 24.863 23.808 25.675 26.719 23.057 25.971 0.000 0.000 0.000 0.000 0.000 0.000 0.000 0.000 0.000 0.000 0.000 
0.000 0.000 0.000 0.000 0.000 0.000 0.000 0.000 24.390 25.888 25.018 26.557 24.938 25.181 24.895 26.049 24.141 27.183 27.486 22.540 0.000 0.000 -0.000 0.000 0.000 0.000 0.000 0.000 0.000 0.000 0.000 0.000 
0.000 0.000 0.000 0.000 0.000 0.000 0.000 0.000 0.000 0.000 25.930 29.492 24.444 21.879 24.346 21.329 20.761 16.584 0.000 0.000 0.000 0.000 0.000 0.000 0.000 0.000 0.000 0.000 0.000 0.000 0.000 0.000 
0.000 0.000 0.000 0.000 0.000 0.000 0.000 0.000 0.000 0.000 0.000 0.000 0.000 0.000 0.000 -0.000 0.000 0.000 0.000 0.000 0.000 0.000 0.000 0.000 0.000 0.000 0.000 0.000 0.000 0.000 0.000 0.000 
0.000 0.000 0.000 0.000 0.000 0.000 0.000 0.000 0.000 0.000 0.000 0.000 0.000 0.000 0.000 0.000 0.000 -0.000 0.000 0.000 0.000 0.000 0.000 0.000 0.000 0.000 0.000 0.000 0.000 0.000 0.000 0.000 
0.000 0.000 0.000 0.000 0.000 0.000 0.000 0.000 0.000 0.000 0.000 0.000 0.000 0.000 0.000 0.000 -0.000 0.000 -0.000 0.000 0.000 0.000 0.000 0.000 0.000 0.000 0.000 0.000 0.000 0.000 0.000 0.000 
0.000 0.000 0.000 0.000 0.000 0.000 0.000 0.000 0.000 0.000 0.000 0.000 0.000 0.000 0.000 0.000 0.000 0.000 0.000 0.000 0.000 0.000 0.000 0.000 0.000 0.000 0.000 0.000 0.000 0.000 0.000 0.000 
0.000 0.000 0.000 0.000 0.000 0.000 0.000 0.000 0.000 0.000 0.000 0.000 0.000 0.000 0.000 0.000 0.000 0.000 0.000 0.000 0.000 0.000 0.000 0.000 0.000 0.000 0.000 0.000 0.000 0.000 0.000 0.000 
0.000 0.000 0.000 0.000 0.000 0.000 0.000 0.000 0.000 0.000 0.000 0.000 0.000 0.000 0.000 0.000 0.000 0.000 0.000 0.000 0.000 0.000 0.000 0.000 0.000 0.000 0.000 0.000 0.000 0.000 0.000 0.000 
