# Vol_scan Display Grid (processed)
# Grid size: 31 x 30
# Format: reflectivity
# Ref point: (-42000.000000, 10000.000000)
# Grid res: 1000.000000 meters
0.000 0.000 0.000 0.000 0.000 0.000 0.000 0.000 0.000 0.000 0.000 0.000 0.000 0.000 0.000 0.000 0.000 0.000 0.000 -0.000 0.000 0.000 0.000 0.000 0.000 0.000 0.000 0.000 0.000 0.000 
0.000 0.000 0.000 0.000 0.000 0.000 0.000 0.000 0.000 0.000 0.000 0.000 0.000 0.000 0.000 0.000 0.000 0.000 0.000 0.000 0.000 0.000 0.000 0.000 0.000 0.000 0.000 0.000 0.000 0.000 
0.000 0.000 0.000 0.000 0.000 0.000 0.000 0.000 0.000 0.000 0.000 0.000 0.000 0.000 0.000 0.000 0.000 0.000 0.000 -0.000 0.000 0.000 0.000 0.000 0.000 0.000 0.000 0.000 0.000 0.000 
0.000 0.000 0.000 0.000 0.000 0.000 0.000 0.000 0.000 0.000 0.000 0.000 0.000 21.120 0.000 18.288 20.048 0.000 0.000 0.000 0.000 0.000 0.000 0.000 0.000 0.000 0.000 0.000 0.000 0.000 
0.000 0.000 0.000 0.000 0.000 0.000 0.000 0.000 -0.000 0.000 -0.000 20.637 27.368 25.228 26.885 27.471 27.863 26.565 24.651 23.849 0.000 -0.000 0.000 0.000 0.000 0.000 0.000 0.000 0.000 0.000 
0.000 0.000 0.000 0.000 0.000 -0.000 0.000 -0.000 0.003 0.874 29.569 27.395 29.637 26.061 26.951 29.475 28.439 27.129 27.573 27.469 28.239 24.351 0.000 0.000 0.000 0.000 0.000 0.000 0.000 0.000 
0.000 0.000 0.000 0.000 0.000 -0.000 -0.000 -0.000 16.512 27.917 28.299 27.713 29.158 28.047 27.947 27.971 27.736 26.416 26.808 26.420 26.896 28.726 26.272 0.000 0.000 0.000 0.000 0.000 0.000 0.000 
0.000 0.000 0.000 0.000 0.000 0.000 0.000 17.890 27.977 28.294 28.118 27.597 29.064 29.784 27.885 27.502 28.406 27.914 27.180 27.235 25.623 28.262 27.447 27.274 0.000 0.000 0.000 0.000 0.000 0.000 
0.000 -0.000 0.000 -0.000 0.000 0.000 10.463 24.605 26.289 28.785 27.686 28.850 29.133 27.947 27.445 29.961 27.622 27.677 28.815 27.806 27.763 27.496 28.349 26.924 0.000 0.000 0.000 0.000 0.000 0.000 
0.000 0.000 0.000 0.000 0.000 0.000 19.101 26.322 27.401 27.376 28.099 26.866 28.437 28.625 27.723 27.207 25.867 26.958 26.185 29.138 28.131 27.641 28.725 27.645 26.867 0.000 0.000 0.000 0.000 0.000 
0.000 0.000 0.000 -0.000 0.000 0.003 24.876 27.723 27.601 28.214 27.578 29.077 27.465 27.952 27.886 27.776 27.846 27.176 28.242 27.260 27.516 28.720 29.036 28.531 27.375 -0.000 0.000 0.000 0.000 0.000 
0.000 0.000 0.000 0.000 0.000 4.552 27.250 27.883 27.114 25.172 29.880 26.861 28.895 28.116 26.913 26.156 26.506 26.982 27.688 28.604 29.164 27.330 28.409 28.668 28.325 23.238 -0.000 0.000 -0.000 0.000 
0.000 0.000 0.000 0.000 0.000 4.417 27.817 27.089 29.231 27.325 25.989 27.605 29.148 27.323 28.835 27.281 28.908 27.938 27.870 29.110 27.586 28.218 27.700 27.426 28.843 24.536 0.000 0.000 0.000 0.000 
0.000 0.000 0.000 0.000 0.000 1.319 26.105 27.720 27.619 28.285 28.467 26.321 28.397 27.758 28.707 38.909 37.335 27.394 27.514 28.188 27.410 27.611 27.918 28.138 26.669 28.268 0.000 0.000 0.000 0.000 
0.000 0.000 0.000 0.000 0.000 13.104 28.610 26.334 26.931 27.066 28.923 26.164 37.336 40.048 38.277 38.318 39.657 37.511 38.363 28.178 28.052 29.203 28.841 27.569 27.514 28.725 0.000 0.000 0.000 0.000 
0.000 0.000 0.000 0.043 0.000 4.576 27.970 26.427 26.302 27.598 27.228 28.594 42.340 40.512 40.068 41.245 41.057 39.645 40.139 38.205 29.367 27.306 28.007 26.692 28.456 28.103 0.000 0.000 0.000 0.000 
0.000 0.000 0.000 0.000 0.001 0.003 29.502 29.357 27.607 27.958 28.365 38.979 39.539 39.392 38.767 41.926 38.449 41.888 42.145 39.889 27.743 26.502 27.613 26.305 26.409 21.462 0.000 0.000 0.000 0.000 
0.000 0.000 0.000 7.290 0.049 0.002 25.614 29.174 27.886 27.468 27.379 42.132 40.578 40.716 40.932 40.462 40.712 42.288 43.941 40.914 38.421 26.961 28.277 28.256 27.330 -0.000 0.000 0.000 0.000 0.000 
0.000 0.000 0.000 0.000 4.830 4.915 7.541 27.292 28.404 28.091 27.553 41.128 41.403 39.305 39.512 39.825 38.186 39.062 38.852 38.880 39.600 29.571 27.679 28.628 23.416 0.000 0.000 0.000 0.000 0.000 
0.000 0.000 0.000 0.000 0.000 4.430 8.064 29.862 27.657 28.622 27.746 40.488 39.970 39.485 39.603 37.750 41.039 38.604 41.774 40.883 40.608 29.325 27.400 28.915 0.000 0.000 0.000 0.000 0.000 0.000 
0.000 0.000 0.000 0.000 0.000 8.250 5.871 6.604 26.437 28.070 26.623 40.003 41.554 41.065 40.310 42.024 40.961 38.649 41.808 39.835 32.233 26.944 26.966 23.063 0.000 0.000 0.000 0.000 0.000 0.000 
0.000 0.000 0.000 0.000 0.000 0.000 6.370 5.011 2.686 23.007 28.177 39.711 38.853 39.047 39.509 39.095 40.095 39.406 40.586 36.325 28.167 28.474 0.000 0.000 0.000 0.000 0.000 0.000 0.000 0.000 
0.000 0.000 0.000 0.000 0.000 0.000 0.000 6.420 5.982 1.297 22.459 27.152 35.162 40.058 41.343 38.789 40.778 42.326 41.317 25.315 24.069 0.000 0.000 0.000 0.000 0.000 0.000 0.000 0.000 0.000 
0.000 0.000 0.000 0.000 0.000 0.000 0.000 0.000 3.400 5.009 0.033 0.004 21.984 33.536 36.109 33.242 37.635 33.356 30.277 23.039 0.000 -0.000 0.000 0.000 0.000 0.000 0.000 0.000 0.000 0.000 
0.000 0.000 0.000 0.000 0.000 0.000 0.000 0.000 0.000 3.870 0.030 0.028 0.000 0.000 0.002 0.000 0.000 0.000 0.000 -0.000 -0.000 0.000 0.000 0.000 0.000 0.000 0.000 0.000 0.000 0.000 
0.000 0.000 0.000 0.000 0.000 0.000 0.000 0.000 0.000 0.000 0.000 0.031 0.002 0.000 0.000 0.000 0.000 0.000 0.000 0.000 0.000 0.000 0.000 0.000 0.000 0.000 0.000 0.000 0.000 0.000 
0.000 0.000 0.000 0.000 0.000 0.000 0.000 0.000 0.000 0.000 0.000 0.000 0.000 0.000 -0.000 0.000 0.000 0.000 0.000 0.000 0.000 0.000 0.000 0.000 0.000 0.000 0.000 0.000 0.000 0.000 
0.000 0.000 0.000 0.000 0.000 0.000 0.000 0.000 0.000 0.000 0.000 0.000 0.000 0.000 0.000 0.000 0.000 -0.000 0.000 -0.000 0.000 0.000 0.000 0.000 0.000 0.000 0.000 0.000 0.000 0.000 
0.000 0.000 0.000 0.000 0.000 0.000 0.000 0.000 0.000 0.000 0.000 0.000 0.000 0.000 0.000 0.000 -0.000 0.000 -0.000 0.000 0.000 0.000 0.000 0.000 0.000 0.000 0.000 0.000 0.000 0.000 
0.000 0.000 0.000 0.000 0.000 0.000 0.000 0.000 0.000 0.000 0.000 0.000 0.000 0.000 0.000 0.000 0.000 0.000 0.000 0.000 0.000 0.000 0.000 0.000 0.000 0.000 0.000 0.000 0.000 0.000 
0.000 0.000 0.000 0.000 0.000 0.000 0.000 0.000 0.000 0.000 0.000 0.000 0.000 0.000 0.000 0.000 0.000 0.000 0.000 0.000 0.000 0.000 0.000 0.000 0.000 0.000 0.000 0.000 0.000 0.000 
