# Vol_scan Display Grid (processed)
# Grid size: 30 x 32
# Format: reflectivity
# Ref point: (-68000.000000, 12000.000000)
# Grid res: 1000.000000 meters
0.000 0.000 0.000 0.000 0.000 0.000 0.000 0.000 0.000 0.000 0.000 0.000 0.000 0.000 0.000 0.000 0.000 0.000 0.000 0.000 0.000 0.000 0.000 0.000 0.000 0.000 0.000 0.000 0.000 0.000 0.000 0.000 
0.000 0.000 0.000 0.000 0.000 0.000 0.000 -0.000 0.000 0.000 0.000 0.000 0.000 0.000 0.000 0.000 0.000 0.000 0.000 0.000 0.000 0.000 0.000 0.000 0.000 0.000 0.000 0.000 0.000 0.000 0.000 0.000 
0.000 0.000 0.000 0.000 0.000 0.000 0.000 0.000 0.000 0.000 0.000 0.000 0.000 0.015 0.011 5.960 7.070 0.000 0.000 0.000 0.000 0.000 0.000 0.000 0.000 0.000 0.000 0.000 0.000 0.000 0.000 0.000 
0.000 0.000 0.000 0.000 0.000 -0.000 0.000 0.000 0.000 0.000 0.000 3.590 4.034 21.543 0.003 0.027 6.181 6.310 7.070 0.000 0.000 0.000 0.000 0.000 0.000 0.000 0.000 0.000 0.000 0.000 0.000 0.000 
0.000 0.000 0.000 0.000 -0.000 -0.000 0.000 0.000 7.558 26.199 23.856 24.543 28.791 29.037 27.388 24.696 25.007 21.317 7.694 5.590 6.170 0.000 0.000 0.000 0.000 0.000 0.000 0.000 0.000 0.000 0.000 0.000 
0.000 0.000 0.000 0.000 0.000 0.000 0.000 7.519 23.366 28.448 29.608 27.278 28.227 27.653 28.162 28.470 28.110 27.526 24.909 0.002 3.475 6.140 0.000 0.000 0.000 0.000 0.000 0.000 0.000 0.000 0.000 0.000 
0.000 0.000 0.000 0.000 -0.000 0.001 24.761 28.514 28.862 27.275 28.394 28.985 28.104 28.248 27.881 29.122 27.103 27.396 27.383 24.321 0.001 0.000 0.012 0.000 0.000 0.000 0.000 0.000 0.000 0.000 0.000 0.000 
0.000 0.000 0.000 0.000 -0.000 23.624 28.167 28.070 27.839 27.476 27.400 28.472 28.243 29.680 26.446 28.376 28.530 28.723 27.766 29.531 25.028 0.001 0.000 -0.000 0.000 0.000 0.000 0.000 0.000 0.000 0.000 0.000 
0.000 0.000 -0.000 0.000 0.000 27.947 26.454 28.101 29.051 27.972 28.075 29.356 28.658 28.361 29.994 28.819 27.896 28.751 26.472 28.147 27.924 25.582 0.001 0.000 0.000 -0.000 0.000 0.000 0.000 0.000 0.000 0.000 
0.000 0.000 -0.000 0.000 27.401 28.640 27.540 28.400 27.217 26.409 28.852 27.005 28.466 27.544 29.292 27.381 28.342 27.885 28.205 27.590 28.222 29.320 10.941 0.000 0.000 -0.000 0.000 0.000 0.000 0.000 0.000 0.000 
0.000 0.000 -0.000 0.001 27.269 27.278 29.558 27.959 28.399 29.596 28.536 27.822 28.417 28.156 28.351 27.281 27.926 27.548 28.197 27.500 28.736 29.368 23.091 0.000 0.000 0.000 0.000 0.000 -0.000 0.000 0.000 0.000 
0.000 0.000 0.000 0.000 27.183 26.598 27.582 27.123 27.404 28.218 29.157 27.951 27.450 26.703 27.355 27.037 28.871 29.319 27.843 27.703 29.038 29.954 28.531 0.000 0.000 0.000 0.000 0.000 -0.000 0.000 0.000 0.000 
0.000 -0.000 0.000 -0.000 27.678 26.092 27.285 26.788 27.415 26.657 26.267 28.891 28.616 27.250 27.125 27.687 29.877 28.609 26.568 28.681 28.335 28.522 27.926 -0.000 -0.000 -0.000 0.000 0.000 0.000 0.000 0.000 0.000 
0.000 0.000 0.000 28.629 26.335 27.084 27.701 28.073 26.921 26.290 28.635 27.408 27.347 27.052 28.639 27.353 28.849 27.812 28.636 28.622 27.873 26.637 28.473 0.000 0.000 0.000 0.000 0.000 0.000 -0.000 0.000 0.000 
0.000 0.000 0.000 27.174 27.317 26.402 27.777 26.973 27.759 27.222 27.542 26.669 26.188 27.743 27.330 27.434 27.669 27.181 27.650 26.378 26.492 27.549 26.807 26.007 0.000 0.000 -0.000 -0.000 -0.000 0.000 0.000 0.000 
0.000 0.000 0.000 25.158 25.506 26.843 25.776 27.189 27.261 26.481 23.931 23.934 24.091 23.272 25.308 25.223 25.430 27.063 27.986 27.739 27.699 27.339 27.471 0.000 -0.000 0.000 0.000 -0.000 0.000 0.000 0.000 0.000 
0.000 -0.000 0.000 27.762 27.496 25.830 25.640 27.302 25.774 26.194 24.986 25.911 24.895 27.150 23.108 22.908 25.499 27.390 27.806 26.520 26.646 26.469 23.641 0.000 -0.000 0.000 0.000 0.000 0.000 0.000 0.000 0.000 
-0.000 0.000 0.000 20.739 28.245 27.930 27.743 27.997 25.513 25.153 24.874 27.021 27.009 23.365 25.970 24.999 24.712 25.030 26.375 27.227 27.918 27.165 28.470 0.000 0.000 -0.000 0.000 0.000 0.000 0.000 0.000 0.000 
0.000 0.000 0.000 0.000 23.419 29.213 26.790 27.054 27.008 25.491 26.447 24.940 25.020 25.878 24.156 25.008 26.736 24.968 27.981 27.108 25.929 27.038 0.000 0.000 -0.000 0.000 0.000 0.000 0.000 0.000 0.000 0.000 
0.000 0.000 0.000 0.000 23.737 27.757 28.266 26.112 25.249 25.073 24.819 24.144 24.346 24.570 24.803 23.062 25.331 25.773 27.601 26.197 27.275 28.754 -0.000 0.000 -0.000 0.000 0.000 0.000 0.000 0.000 0.000 0.000 
0.000 0.000 0.000 0.000 0.000 24.593 27.468 26.459 26.087 25.178 23.044 26.433 25.751 25.524 25.405 24.904 25.743 25.333 26.066 28.064 27.425 0.000 0.000 0.000 0.000 0.000 0.000 0.000 0.000 0.000 0.000 0.000 
0.000 0.000 0.000 0.000 0.000 -0.000 25.222 28.489 26.455 27.740 25.572 24.605 24.611 24.787 23.781 26.321 24.249 25.013 26.081 25.151 0.000 -0.000 0.000 -0.000 0.000 0.000 0.000 0.000 0.000 0.000 0.000 0.000 
0.000 0.000 0.000 0.000 0.000 0.000 0.000 26.294 26.506 26.280 26.951 24.677 26.318 24.241 25.772 25.351 27.990 25.330 0.000 24.608 0.000 0.000 0.000 0.000 0.000 0.000 0.000 0.000 0.000 0.000 0.000 0.000 
0.000 0.000 0.000 0.000 0.000 0.000 0.000 0.000 0.000 25.033 22.609 24.441 24.722 25.927 24.285 25.550 21.942 24.505 0.000 0.000 0.000 0.000 0.000 0.000 0.000 0.000 0.000 0.000 0.000 0.000 0.000 0.000 
0.000 0.000 0.000 0.000 0.000 0.000 0.000 0.000 0.000 0.000 0.000 0.000 14.883 18.013 0.000 0.000 0.000 0.000 -0.000 0.000 0.000 0.000 0.000 0.000 0.000 0.000 0.000 0.000 0.000 0.000 0.000 0.000 
0.000 0.000 0.000 0.000 0.000 0.000 0.000 0.000 0.000 0.000 0.000 0.000 0.000 0.000 0.000 0.000 0.000 0.000 -0.000 0.000 -0.000 0.000 0.000 0.000 0.000 0.000 0.000 0.000 0.000 0.000 0.000 0.000 
0.000 0.000 0.000 0.000 0.000 0.000 0.000 0.000 0.000 0.000 0.000 0.000 0.000 0.000 0.000 -0.000 0.000 0.000 0.000 0.000 0.000 0.000 0.000 0.000 0.000 0.000 0.000 0.000 0.000 0.000 0.000 0.000 
0.000 0.000 0.000 0.000 0.000 0.000 0.000 0.000 0.000 0.000 0.000 0.000 0.000 0.000 0.000 0.000 0.000 0.000 0.000 0.000 0.000 0.000 0.000 0.000 0.000 0.000 0.000 0.000 0.000 0.000 0.000 0.000 
0.000 0.000 0.000 0.000 0.000 0.000 0.000 0.000 0.000 0.000 0.000 0.000 0.000 0.000 0.000 0.000 0.000 0.000 0.000 0.000 0.000 0.000 0.000 0.000 0.000 0.000 0.000 0.000 0.000 0.000 0.000 0.000 
0.000 0.000 0.000 0.000 0.000 0.000 0.000 0.000 0.000 0.000 0.000 0.000 0.000 0.000 0.000 0.000 0.000 0.000 0.000 0.000 0.000 0.000 0.000 0.000 0.000 0.000 0.000 0.000 0.000 0.000 0.000 0.000 
