# Vol_scan Display Grid (processed)
# Grid size: 29 x 24
# Format: reflectivity
# Ref point: (-72000.000000, 15000.000000)
# Grid res: 1000.000000 meters
0.000 0.000 0.000 0.000 0.000 0.000 0.000 0.000 0.000 0.000 0.000 0.000 0.000 0.000 0.000 0.000 0.000 0.000 0.000 0.000 0.000 0.000 0.000 0.000 
0.000 0.000 0.000 0.000 0.000 0.000 0.000 -0.000 0.000 0.000 0.000 0.000 0.000 0.000 0.000 0.000 0.000 0.000 0.000 0.000 0.000 0.000 0.000 0.000 
0.000 0.000 0.000 0.000 -0.000 0.000 -0.000 0.000 0.000 0.000 0.000 0.000 0.000 0.000 0.000 0.000 0.000 0.000 0.000 0.000 0.000 0.000 0.000 0.000 
0.000 0.000 -0.000 0.000 -0.000 -0.000 -0.000 -0.000 0.000 -0.000 0.000 -0.000 0.000 0.000 0.000 0.000 0.000 0.000 0.000 0.000 0.000 0.000 0.000 0.000 
0.000 0.000 0.000 -0.000 0.000 0.000 0.000 0.000 0.000 0.000 0.000 0.000 -0.000 0.000 0.000 0.000 0.000 0.000 0.000 0.000 0.000 0.000 0.000 0.000 
0.000 -0.000 0.000 0.000 0.000 0.000 0.000 0.055 0.047 0.106 0.274 0.287 0.229 0.000 -0.000 0.000 0.000 0.000 0.000 0.000 0.000 0.000 0.000 0.000 
0.000 0.000 0.000 0.000 0.000 0.004 22.128 25.786 25.873 26.224 26.422 27.314 24.842 15.916 10.617 0.000 0.000 0.000 0.000 0.000 0.000 0.000 0.000 0.000 
0.000 0.000 0.001 0.003 8.298 24.344 27.016 27.738 28.756 27.196 27.628 27.703 28.002 28.344 27.797 23.045 0.000 0.000 0.000 0.000 0.000 0.000 0.000 0.000 
0.000 0.010 0.005 16.578 28.331 27.683 28.282 28.076 27.254 26.887 27.912 27.907 25.621 28.790 29.405 27.273 22.966 20.457 0.000 0.000 0.000 0.000 0.000 0.000 
7.350 8.180 11.452 28.191 29.864 28.878 28.468 27.388 29.038 28.158 27.040 29.248 28.252 29.887 28.218 27.567 27.902 27.531 -0.000 0.000 0.000 0.000 0.000 0.000 
0.068 10.434 26.980 28.273 28.505 28.982 27.726 27.566 27.743 26.654 26.397 29.049 26.724 28.676 28.963 27.282 28.252 27.701 24.010 -0.000 -0.000 0.000 0.000 0.000 
6.476 23.196 27.667 28.154 28.146 27.961 27.378 27.994 28.000 27.958 26.487 27.061 26.142 28.279 27.289 28.587 27.282 27.043 29.544 -0.000 0.000 0.000 0.000 0.000 
8.658 27.647 29.767 28.728 26.374 27.398 27.567 26.877 26.587 28.272 25.881 27.261 28.410 28.361 29.382 28.222 28.449 28.279 27.485 23.539 0.000 -0.000 0.000 0.000 
24.723 26.897 27.492 28.182 26.439 29.144 28.969 26.349 27.626 27.391 28.403 28.109 27.372 27.900 27.566 28.547 28.311 28.339 27.230 27.715 0.000 0.000 0.000 0.000 
13.415 28.570 27.479 27.008 25.667 28.856 27.508 28.764 28.507 27.101 27.831 28.793 28.113 29.591 29.753 26.380 29.596 28.045 27.434 28.252 0.000 0.000 0.000 0.000 
26.880 26.632 28.193 28.921 25.562 27.328 28.530 28.229 27.395 26.354 27.056 28.651 27.334 27.479 27.986 28.014 27.614 26.843 28.181 26.455 0.000 0.000 0.000 0.000 
28.417 27.096 29.126 26.863 28.049 28.201 28.147 26.952 26.787 26.282 27.040 25.842 25.949 28.456 28.396 28.147 28.209 27.142 27.661 29.450 0.000 0.000 0.000 0.000 
27.724 27.453 26.958 27.614 28.836 26.882 27.209 25.488 24.541 25.668 26.980 26.823 26.353 27.101 28.160 28.611 27.944 27.908 27.495 27.027 0.000 0.000 0.000 0.000 
10.293 28.382 28.372 27.762 27.967 27.137 25.159 27.451 25.959 25.474 27.493 27.864 25.753 28.115 28.248 27.039 27.426 27.756 27.559 27.343 0.000 0.000 0.000 0.000 
0.000 27.079 26.843 27.269 27.792 26.263 26.856 25.624 27.763 25.038 25.884 27.668 25.719 26.440 26.519 27.612 29.401 29.370 28.409 26.219 0.000 0.000 0.000 0.000 
0.001 27.456 26.593 27.716 28.006 25.784 27.352 25.595 25.648 27.715 25.139 27.859 26.206 25.856 25.580 28.382 28.904 28.448 30.205 21.193 0.000 0.000 0.000 0.000 
0.000 0.643 27.365 25.960 27.411 27.516 25.422 26.708 26.849 26.713 26.614 26.089 27.211 25.768 26.309 27.447 26.385 28.865 26.446 0.000 0.000 0.000 0.000 0.000 
0.000 0.001 24.075 26.592 26.915 28.466 26.143 26.151 25.541 26.425 25.918 27.165 26.335 25.338 25.602 28.188 28.372 26.978 17.512 0.000 0.000 0.000 0.000 0.000 
0.000 0.000 0.001 24.067 27.746 28.014 25.898 27.528 26.843 26.644 27.153 26.702 27.412 25.594 26.965 27.537 25.903 17.523 0.000 0.000 0.000 0.000 0.000 0.000 
-0.000 0.000 0.000 0.000 25.807 28.141 26.335 26.274 27.018 26.643 25.588 26.368 27.146 27.567 27.500 23.810 0.000 -0.000 0.000 0.000 0.000 0.000 0.000 0.000 
0.000 0.000 0.000 0.000 0.000 0.001 24.860 25.353 26.567 26.153 25.493 25.045 28.095 21.827 19.993 -0.000 -0.000 -0.000 0.000 0.000 0.000 0.000 0.000 0.000 
-0.000 0.000 0.000 -0.000 -0.000 0.000 -0.000 0.000 0.000 25.423 0.000 21.320 18.784 0.000 0.000 0.000 0.000 0.000 0.000 0.000 0.000 0.000 0.000 0.000 
0.000 0.000 0.000 -0.000 0.000 0.000 0.000 0.000 0.000 0.000 0.000 0.000 0.000 0.000 0.000 0.000 0.000 0.000 0.000 0.000 0.000 0.000 0.000 0.000 
0.000 0.000 0.000 0.000 0.000 0.000 0.000 0.000 0.000 0.000 0.000 0.000 0.000 0.000 0.000 0.000 0.000 0.000 0.000 0.000 0.000 0.000 0.000 0.000 
