# Vol_scan Display Grid (processed)
# Grid size: 30 x 32
# Format: reflectivity
# Ref point: (-66000.000000, 11000.000000)
# Grid res: 1000.000000 meters
0.000 0.000 0.000 0.000 0.000 0.000 0.000 -0.000 0.000 0.000 0.000 0.000 0.000 0.000 0.000 0.000 0.000 0.000 0.000 0.000 0.000 0.000 0.000 0.000 0.000 0.000 0.000 0.000 0.000 0.000 0.000 0.000 
0.000 0.000 0.000 0.000 0.000 0.000 -0.000 0.000 0.000 0.000 -0.000 0.000 0.000 0.000 0.000 0.000 0.000 0.000 0.000 0.000 0.000 0.000 0.000 0.000 0.000 0.000 0.000 0.000 0.000 0.000 0.000 0.000 
0.000 0.000 0.000 0.000 0.000 -0.000 -0.000 0.000 0.000 -0.000 0.000 0.000 0.000 0.013 0.010 5.240 6.600 0.000 0.000 0.000 0.000 0.000 0.000 0.000 0.000 0.000 0.000 0.000 0.000 0.000 0.000 0.000 
0.000 0.000 0.000 0.000 0.000 0.000 0.000 0.000 -0.000 -0.000 0.000 0.001 0.000 0.001 0.001 0.028 4.820 7.140 7.130 0.000 0.000 0.000 0.000 0.000 0.000 0.000 0.000 0.000 0.000 0.000 0.000 0.000 
0.000 0.000 0.000 0.000 -0.000 -0.000 0.000 0.000 0.000 0.000 8.117 9.806 25.483 28.643 22.751 21.809 29.791 23.496 7.329 5.750 4.600 0.000 0.000 0.000 0.000 0.000 0.000 0.000 0.000 0.000 0.000 0.000 
0.000 0.000 0.000 0.000 -0.000 -0.000 0.000 0.000 8.774 27.051 24.274 28.008 28.903 28.385 28.237 27.662 28.263 27.616 26.586 17.712 6.719 5.680 0.000 0.000 0.000 0.000 0.000 0.000 0.000 0.000 0.000 0.000 
0.000 0.000 0.000 0.000 0.000 0.000 0.000 5.517 25.948 28.205 28.317 28.648 27.308 29.631 26.984 27.945 29.037 28.014 26.452 27.697 14.495 0.000 0.014 0.000 0.000 0.000 0.000 0.000 0.000 0.000 0.000 0.000 
0.000 0.000 0.000 0.000 0.000 0.000 24.394 24.712 28.403 28.802 28.574 26.971 29.102 28.372 28.675 28.553 29.228 27.177 25.890 27.648 29.193 26.198 0.000 0.000 0.000 0.000 0.000 0.000 0.000 0.000 0.000 0.000 
0.000 0.000 0.000 0.000 -0.000 10.781 28.092 28.295 27.597 27.835 26.688 29.411 27.123 29.963 27.540 27.261 28.022 27.710 27.533 28.696 30.210 28.435 23.668 0.000 0.000 -0.000 0.000 0.000 0.000 0.000 0.000 0.000 
0.000 0.000 0.000 0.000 0.000 23.929 29.156 27.166 28.398 27.828 27.053 27.758 25.913 27.146 27.717 26.610 28.131 27.731 28.818 26.461 29.268 28.512 23.875 7.936 0.000 0.000 -0.000 0.000 0.000 0.000 0.000 0.000 
0.000 0.000 0.000 0.000 -0.000 24.412 28.221 27.539 27.386 26.272 28.696 26.773 28.645 27.996 29.200 28.591 27.097 26.666 25.931 27.546 28.324 27.837 29.697 0.001 -0.000 -0.000 -0.000 0.000 0.000 0.000 0.000 0.000 
0.000 0.000 0.000 0.000 28.434 27.791 27.537 27.087 27.972 26.629 26.148 27.074 28.549 27.165 29.739 27.899 29.793 26.431 28.310 29.119 27.825 26.932 28.661 27.781 0.000 0.000 0.000 0.000 0.000 0.000 0.000 0.000 
0.000 0.000 0.000 0.000 27.049 27.810 28.082 27.967 26.821 27.615 29.272 27.504 26.657 28.455 28.782 26.653 26.375 27.737 29.442 27.765 27.084 27.310 28.366 27.391 9.067 0.000 0.000 -0.000 -0.000 -0.000 -0.000 -0.000 
0.000 0.000 -0.000 0.000 27.294 27.999 27.825 27.486 27.712 26.323 27.403 27.183 27.296 27.171 28.144 27.045 29.388 27.576 27.756 27.154 27.084 28.528 27.739 27.793 0.000 -0.000 0.000 0.000 -0.000 0.000 -0.000 0.000 
0.000 0.000 -0.000 0.000 27.847 27.326 28.281 27.892 28.124 28.026 27.799 28.397 28.562 26.361 25.324 26.090 27.339 26.486 27.845 26.985 28.397 27.171 28.236 26.826 27.794 -0.000 0.000 0.000 0.000 0.000 0.000 0.000 
0.000 0.000 0.000 0.000 25.623 27.147 28.738 27.005 27.159 26.876 26.943 27.148 24.782 24.013 23.212 24.556 24.295 29.124 28.203 25.607 26.520 27.008 24.535 26.758 0.000 0.000 -0.000 0.000 -0.000 0.000 0.000 0.000 
0.000 0.000 0.000 -0.000 25.382 28.020 27.826 27.614 27.241 28.484 27.262 24.036 23.194 23.295 24.079 25.125 23.370 24.291 26.200 27.434 28.329 28.341 27.247 27.228 0.113 -0.000 0.000 0.000 0.000 0.000 0.000 0.000 
0.000 -0.000 -0.000 0.000 27.566 27.569 26.954 28.652 26.900 24.055 24.003 24.207 24.039 23.910 24.592 23.935 23.837 23.947 23.632 28.092 27.657 27.652 28.807 27.148 0.000 0.000 0.000 0.000 0.000 0.000 0.000 0.000 
0.000 0.000 0.000 0.000 -0.000 30.263 27.686 28.587 28.799 24.483 23.340 23.640 25.182 23.053 23.624 23.536 25.816 23.295 22.984 27.454 27.925 26.695 28.729 0.000 0.000 0.000 -0.000 0.000 0.000 0.000 0.000 0.000 
0.000 0.000 -0.000 -0.000 0.000 22.930 26.647 27.736 27.585 24.537 24.933 25.158 22.879 23.216 23.809 24.790 23.577 24.242 24.396 27.127 28.398 27.155 18.336 0.000 0.000 0.000 0.000 0.000 0.000 0.000 0.000 0.000 
0.000 0.000 -0.000 0.000 0.000 0.000 27.867 28.568 27.407 25.062 23.846 24.618 25.964 25.539 24.760 24.640 24.558 25.289 25.270 27.913 28.111 27.064 24.125 -0.000 -0.000 0.000 0.000 0.000 0.000 0.000 0.000 0.000 
0.000 0.000 0.000 -0.000 0.000 -0.000 0.000 24.396 27.790 28.524 26.039 24.246 24.472 25.180 23.220 26.453 24.289 23.962 25.166 28.814 27.108 18.310 0.000 0.000 -0.000 0.000 0.000 0.000 0.000 0.000 0.000 0.000 
0.000 0.000 0.000 0.000 0.000 0.000 -0.000 22.351 26.778 27.850 24.813 23.608 25.432 23.922 24.215 24.719 23.567 26.182 27.889 27.770 0.000 0.000 0.000 0.000 0.000 0.000 0.000 0.000 0.000 0.000 0.000 0.000 
0.000 0.000 0.000 0.000 0.000 0.000 0.000 0.000 -0.000 28.970 22.315 23.974 24.562 23.381 25.128 23.664 25.968 25.332 26.320 24.466 0.000 -0.000 0.000 0.000 0.000 0.000 0.000 0.000 0.000 0.000 0.000 0.000 
0.000 0.000 0.000 0.000 0.000 0.000 0.000 0.000 0.000 0.000 0.000 20.384 21.698 21.390 20.780 21.241 25.761 -0.000 0.000 0.000 0.000 0.000 0.000 0.000 0.000 0.000 0.000 0.000 0.000 0.000 0.000 0.000 
0.000 0.000 0.000 0.000 0.000 0.000 0.000 0.000 0.000 0.000 0.000 0.000 -0.000 0.000 0.000 0.000 -0.000 0.000 0.000 0.000 0.000 0.000 0.000 0.000 0.000 0.000 0.000 0.000 0.000 0.000 0.000 0.000 
0.000 0.000 0.000 0.000 0.000 0.000 0.000 0.000 0.000 0.000 0.000 0.000 0.000 0.000 -0.000 0.000 0.000 -0.000 0.000 0.000 -0.000 0.000 0.000 0.000 0.000 0.000 0.000 0.000 0.000 0.000 0.000 0.000 
0.000 0.000 0.000 0.000 0.000 0.000 0.000 0.000 0.000 0.000 0.000 0.000 0.000 0.000 0.000 0.000 0.000 0.000 0.000 -0.000 0.000 0.000 0.000 0.000 0.000 0.000 0.000 0.000 0.000 0.000 0.000 0.000 
0.000 0.000 0.000 0.000 0.000 0.000 0.000 0.000 0.000 0.000 0.000 0.000 0.000 0.000 0.000 0.000 0.000 -0.000 -0.000 0.000 0.000 0.000 0.000 0.000 0.000 0.000 0.000 0.000 0.000 0.000 0.000 0.000 
0.000 0.000 0.000 0.000 0.000 0.000 0.000 0.000 0.000 0.000 0.000 0.000 0.000 0.000 0.000 0.000 0.000 0.000 0.000 0.000 0.000 0.000 0.000 0.000 0.000 0.000 0.000 0.000 0.000 0.000 0.000 0.000 
