# Vol_scan Display Grid (processed)
# Grid size: 29 x 25
# Format: reflectivity
# Ref point: (-54000.000000, 14000.000000)
# Grid res: 1000.000000 meters
0.000 -0.000 0.000 0.000 0.000 0.000 0.000 0.000 0.000 0.000 0.000 0.000 0.000 0.000 0.000 0.000 0.000 0.000 0.000 0.000 0.000 0.000 0.000 0.000 0.000 
0.000 0.000 0.000 -0.000 0.000 0.000 0.000 0.000 0.000 0.000 0.000 0.000 0.000 0.000 0.000 0.000 0.000 0.000 0.000 0.000 0.000 0.000 0.000 0.000 0.000 
0.000 -0.000 0.000 0.000 0.000 -0.000 0.000 10.330 0.802 20.239 23.552 24.678 21.746 27.388 0.000 0.000 0.000 -0.000 0.000 -0.000 0.000 0.000 0.000 0.000 0.000 
0.000 -0.000 0.000 0.000 0.000 0.127 25.749 27.606 25.689 26.700 28.093 27.336 27.216 28.699 27.630 24.410 23.700 0.000 0.000 0.000 0.000 0.000 0.000 0.000 0.000 
0.000 -0.000 0.000 0.000 0.036 19.950 22.934 27.204 27.787 28.420 28.085 28.194 28.132 27.509 27.930 26.957 28.238 23.394 0.000 0.000 0.000 0.000 0.000 0.000 0.000 
0.000 0.000 0.000 0.019 25.468 28.540 27.704 29.343 29.329 27.310 28.003 27.681 28.544 28.160 28.169 28.999 26.967 27.807 26.623 0.000 0.000 0.000 0.000 0.000 0.000 
0.000 0.000 0.004 23.869 27.476 28.031 27.850 28.285 29.037 27.188 28.521 28.047 30.397 30.114 28.614 28.669 27.069 27.306 28.175 23.339 0.000 0.000 0.000 0.000 0.000 
0.000 0.000 18.236 26.876 28.890 29.526 27.542 28.502 27.895 27.683 28.127 27.710 28.395 28.692 28.576 27.953 27.162 28.912 28.622 27.367 0.000 0.000 0.000 0.000 0.000 
0.000 0.002 24.394 27.195 28.928 28.143 27.617 28.554 26.727 27.713 29.155 28.603 28.219 29.285 27.213 28.502 26.353 27.657 28.714 28.124 26.241 0.000 0.000 0.000 0.000 
0.000 6.933 27.645 28.078 28.307 28.008 29.113 26.928 26.488 27.862 27.321 27.771 28.204 26.630 29.010 28.588 28.448 29.437 29.034 27.960 28.300 0.000 0.000 0.000 0.000 
0.010 10.105 27.408 27.144 28.296 27.943 27.608 26.589 27.954 28.701 26.938 27.245 28.355 28.013 27.082 28.026 30.931 27.813 28.594 27.532 28.334 0.000 0.000 0.000 0.000 
0.048 25.143 27.599 30.098 28.988 27.344 29.513 29.070 27.175 27.774 29.224 28.176 28.443 27.193 28.604 27.510 29.091 28.417 28.417 28.713 26.951 0.000 0.000 0.000 0.000 
3.290 13.032 28.556 27.857 28.297 28.031 27.709 27.301 26.264 27.371 28.181 26.846 28.240 28.812 27.293 27.904 27.600 28.621 26.296 26.305 26.868 20.886 0.000 0.000 0.000 
5.760 15.359 28.172 26.719 27.829 27.457 28.147 27.963 27.621 26.079 28.851 26.978 27.788 29.022 27.564 28.444 26.152 29.063 26.916 27.461 28.901 23.856 -0.000 0.000 0.000 
4.080 4.106 28.124 26.963 25.316 27.958 26.969 26.628 27.288 26.626 26.945 25.785 27.001 27.571 30.028 28.543 28.256 26.843 29.248 27.766 27.714 0.000 -0.000 0.000 0.000 
0.000 17.770 28.784 28.785 28.400 28.124 28.409 27.414 26.179 26.582 26.424 25.905 27.621 26.762 28.098 28.551 28.748 28.040 28.868 27.793 26.897 0.000 -0.000 -0.000 0.000 
0.000 6.313 26.525 27.542 29.615 28.717 26.724 25.879 26.109 26.944 28.103 27.225 26.765 26.121 27.779 28.286 27.182 26.487 30.206 28.389 28.890 -0.000 0.000 0.000 0.000 
0.000 8.467 1.741 28.311 26.889 27.863 30.096 27.850 27.296 26.140 28.111 27.782 25.520 27.141 26.513 27.587 28.400 27.805 28.660 27.938 0.000 0.000 0.000 0.000 0.000 
0.000 6.810 0.022 26.443 27.593 28.912 29.097 26.518 27.170 28.243 27.327 26.737 28.181 27.281 27.384 27.717 27.411 27.696 28.221 25.171 0.000 0.000 0.000 0.000 0.000 
0.000 5.960 0.049 0.001 22.464 25.627 28.095 29.118 26.974 26.458 26.753 24.936 27.047 27.381 26.313 26.405 25.799 29.375 26.296 0.000 0.000 0.000 0.000 0.000 0.000 
0.000 0.000 6.170 0.050 0.171 23.004 27.854 27.617 26.387 27.200 26.755 26.168 26.833 26.097 28.257 26.917 27.339 26.501 0.000 0.000 0.000 0.000 0.000 0.000 0.000 
0.000 0.000 0.000 0.000 0.000 0.001 25.238 24.379 26.945 27.975 29.065 28.581 26.716 28.689 28.101 26.693 24.204 0.000 0.000 0.000 0.000 0.000 0.000 0.000 0.000 
0.000 0.000 -0.000 0.000 0.000 0.000 0.001 0.001 22.135 22.705 21.477 21.877 23.601 19.427 15.156 0.000 0.000 0.000 0.000 0.000 0.000 0.000 0.000 0.000 0.000 
0.000 0.000 0.000 -0.000 -0.000 0.000 0.000 0.000 0.000 0.000 0.000 0.000 0.000 0.000 0.000 0.000 0.000 0.000 0.000 0.000 0.000 0.000 0.000 0.000 0.000 
0.000 0.000 0.000 0.000 0.000 -0.000 -0.000 -0.000 0.000 0.000 -0.000 0.000 0.000 0.000 0.000 0.000 0.000 0.000 0.000 0.000 0.000 0.000 0.000 0.000 0.000 
0.000 0.000 0.000 0.000 0.000 0.000 0.000 -0.000 -0.000 0.000 0.000 0.000 0.000 0.000 0.000 0.000 0.000 0.000 0.000 0.000 0.000 0.000 0.000 0.000 0.000 
0.000 0.000 0.000 0.000 0.000 -0.000 -0.000 0.000 -0.000 0.000 0.000 0.000 0.000 0.000 0.000 0.000 0.000 0.000 0.000 0.000 0.000 0.000 0.000 0.000 0.000 
0.000 0.000 0.000 0.000 0.000 0.000 0.000 0.000 0.000 0.000 0.000 0.000 0.000 0.000 0.000 0.000 0.000 0.000 0.000 0.000 0.000 0.000 0.000 0.000 0.000 
0.000 0.000 0.000 0.000 0.000 0.000 0.000 0.000 0.000 0.000 0.000 0.000 0.000 0.000 0.000 0.000 0.000 0.000 0.000 0.000 0.000 0.000 0.000 0.000 0.000 
