# Vol_scan Display Grid (processed)
# Grid size: 30 x 33
# Format: reflectivity
# Ref point: (-76000.000000, 11000.000000)
# Grid res: 1000.000000 meters
0.000 0.000 0.000 0.000 0.000 -0.000 0.000 0.000 0.000 0.000 0.000 0.000 0.000 0.000 0.000 0.000 0.000 0.000 0.000 0.000 0.000 0.000 0.000 0.000 0.000 0.000 0.000 0.000 0.000 0.000 0.000 0.000 0.000 
0.000 0.000 0.000 0.000 0.000 -0.000 0.000 0.000 0.000 -0.000 0.000 0.000 -0.000 0.000 0.000 0.000 0.000 0.000 0.000 0.000 0.000 0.000 0.000 0.000 0.000 0.000 0.000 0.000 0.000 0.000 0.000 0.000 0.000 
0.000 0.000 0.000 0.000 0.000 0.000 0.000 0.000 0.000 0.000 0.000 0.000 0.000 0.000 0.014 5.790 0.000 0.000 0.000 0.000 0.000 0.000 0.000 0.000 0.000 0.000 0.000 0.000 0.000 0.000 0.000 0.000 0.000 
0.000 0.000 0.000 0.000 0.000 0.000 0.000 -0.000 0.000 0.000 14.844 0.193 14.672 19.018 22.929 28.160 30.348 17.868 5.120 0.000 0.000 0.000 0.000 0.000 0.000 0.000 0.000 0.000 0.000 0.000 0.000 0.000 0.000 
0.000 0.000 0.000 0.000 0.000 0.000 0.000 0.000 0.000 20.295 22.311 23.155 28.069 29.058 27.235 27.402 27.154 24.905 26.968 0.001 2.781 0.000 0.000 0.000 0.000 0.000 0.000 0.000 0.000 0.000 0.000 0.000 0.000 
0.000 0.000 0.000 0.000 0.000 0.000 -0.000 24.733 23.984 29.942 27.538 26.392 28.805 26.473 28.121 26.410 26.330 26.121 28.858 26.396 17.913 0.001 -0.000 0.000 0.000 0.000 0.000 0.000 0.000 0.000 0.000 0.000 0.000 
0.000 0.000 0.000 0.000 0.000 -0.000 0.000 27.867 28.878 27.749 28.215 29.226 27.527 27.775 27.468 27.639 27.510 27.614 27.726 30.021 29.599 17.134 0.000 0.000 0.000 0.000 0.000 0.000 0.000 0.000 0.000 0.000 0.000 
0.000 0.000 0.000 0.000 0.000 20.889 21.149 27.420 27.405 26.825 27.907 28.934 27.476 28.157 28.364 26.996 27.067 26.394 29.248 27.295 28.343 27.785 0.287 0.000 0.000 0.000 0.000 0.000 0.000 0.000 0.000 0.000 0.000 
0.000 0.000 0.000 0.000 0.000 28.874 26.292 27.899 26.638 26.557 28.125 27.646 27.998 26.837 28.946 27.970 27.602 27.511 29.376 28.051 26.857 27.491 29.591 0.000 0.000 0.000 0.000 0.000 0.000 0.000 0.000 0.000 0.000 
0.000 0.000 0.000 0.000 0.000 26.685 28.419 27.299 27.695 28.008 29.696 27.038 28.836 28.744 26.552 26.888 26.809 27.976 26.668 27.152 27.916 29.723 27.443 23.046 0.000 0.000 -0.000 0.000 -0.000 0.000 0.000 0.000 0.000 
0.000 0.000 0.000 0.000 0.000 28.764 26.771 28.061 27.241 28.119 28.454 27.654 28.977 27.451 27.180 28.416 26.814 26.298 28.891 27.141 27.471 26.891 29.310 6.686 0.000 -0.000 0.000 0.000 -0.000 0.000 -0.000 0.000 0.000 
0.000 0.000 0.000 0.000 -0.000 29.303 26.727 28.219 27.981 27.027 27.904 27.868 28.939 27.810 26.660 26.958 26.873 27.222 27.840 28.336 28.073 26.710 26.661 28.768 0.000 0.000 0.000 0.000 0.000 0.000 0.000 0.000 0.000 
0.000 0.000 0.000 0.000 27.245 28.162 27.735 26.915 26.453 27.857 26.599 27.520 27.537 27.931 28.584 28.565 27.191 28.117 27.241 28.110 28.172 29.311 30.660 28.979 0.000 0.000 0.000 0.000 0.000 0.000 0.000 0.000 0.000 
0.000 0.000 0.000 0.000 26.215 27.316 27.961 26.688 29.042 27.874 27.133 25.836 27.747 27.569 30.867 28.927 28.115 27.440 28.617 26.712 27.539 27.250 27.302 26.810 0.000 0.000 0.000 0.000 -0.000 0.000 0.000 0.000 0.000 
0.000 0.000 0.000 0.000 28.593 26.243 28.165 27.382 26.937 28.143 27.061 28.405 27.849 27.989 28.230 29.765 30.035 27.808 30.206 29.290 28.734 27.025 26.648 27.082 0.000 0.000 0.000 0.000 0.000 0.000 0.000 0.000 0.000 
0.000 0.000 0.000 -0.000 22.734 29.886 27.776 26.676 25.927 27.261 26.837 29.308 30.118 29.604 27.557 30.549 29.155 27.421 27.901 28.697 28.197 28.702 27.165 0.002 0.000 0.000 0.000 -0.000 -0.000 0.000 0.000 0.000 0.000 
0.000 0.000 0.000 -0.000 26.184 28.074 27.351 26.673 26.218 28.563 29.064 27.360 27.545 27.578 28.005 28.724 27.796 27.180 27.469 29.254 30.496 27.285 26.827 27.133 0.000 -0.000 0.000 0.000 0.000 0.000 0.000 0.000 0.000 
0.000 0.000 0.000 -0.000 20.585 27.505 27.015 27.871 26.004 27.010 27.671 28.108 27.714 27.907 27.492 26.607 28.691 26.806 29.932 27.817 28.186 26.961 27.552 26.452 0.000 0.000 0.000 -0.000 0.000 0.000 0.000 0.000 0.000 
0.000 0.000 0.000 -0.000 -0.000 28.569 25.628 26.444 26.665 26.700 25.901 28.088 26.806 29.830 28.313 30.029 28.084 28.095 28.871 27.085 27.373 28.235 28.627 -0.000 0.000 0.000 0.000 0.000 0.000 0.000 0.000 0.000 0.000 
0.000 0.000 -0.000 0.000 0.000 0.000 26.491 26.750 25.848 27.884 26.902 28.038 25.992 26.728 25.704 29.245 27.697 27.049 29.319 27.587 27.293 27.885 -0.000 0.000 0.000 -0.000 0.000 0.000 0.000 0.000 0.000 0.000 0.000 
0.000 0.000 0.000 0.000 0.000 0.000 0.000 26.640 26.089 25.461 26.954 27.397 27.040 28.495 27.907 26.578 28.619 26.926 25.448 27.133 27.903 23.122 0.000 0.000 0.000 -0.000 0.000 0.000 0.000 0.000 0.000 0.000 0.000 
0.000 0.000 0.000 0.000 0.000 0.000 0.000 23.502 26.384 26.439 26.463 26.463 28.086 26.539 25.735 25.668 27.882 27.314 27.018 27.842 17.920 0.000 -0.000 0.000 0.000 0.000 0.000 0.000 0.000 0.000 0.000 0.000 0.000 
0.000 0.000 0.000 0.000 0.000 0.000 0.000 0.000 0.000 22.034 26.056 26.916 28.056 28.164 27.513 26.170 27.557 27.458 21.608 0.000 0.000 0.000 0.000 0.000 0.000 0.000 0.000 0.000 0.000 0.000 0.000 0.000 0.000 
0.000 0.000 0.000 0.000 0.000 0.000 0.000 0.000 0.000 0.000 18.539 24.442 24.923 23.140 24.404 22.507 23.297 21.443 0.000 0.000 0.000 0.000 0.000 0.000 0.000 0.000 0.000 0.000 0.000 0.000 0.000 0.000 0.000 
0.000 0.000 0.000 0.000 0.000 0.000 0.000 0.000 0.000 0.000 0.000 0.000 0.000 0.000 0.000 0.000 0.000 0.000 -0.000 0.000 -0.000 0.000 -0.000 0.000 0.000 0.000 0.000 0.000 0.000 0.000 0.000 0.000 0.000 
0.000 0.000 0.000 0.000 0.000 0.000 0.000 0.000 0.000 0.000 0.000 0.000 0.000 0.000 0.000 0.000 0.000 0.000 0.000 0.000 -0.000 0.000 0.000 0.000 0.000 0.000 0.000 0.000 0.000 0.000 0.000 0.000 0.000 
0.000 0.000 0.000 0.000 0.000 0.000 0.000 0.000 0.000 0.000 0.000 0.000 0.000 0.000 0.000 0.000 0.000 0.000 0.000 -0.000 0.000 0.000 0.000 0.000 0.000 0.000 0.000 0.000 0.000 0.000 0.000 0.000 0.000 
0.000 0.000 0.000 0.000 0.000 0.000 0.000 0.000 0.000 0.000 0.000 0.000 0.000 0.000 0.000 0.000 0.000 0.000 0.000 0.000 -0.000 0.000 0.000 0.000 0.000 0.000 0.000 0.000 0.000 0.000 0.000 0.000 0.000 
0.000 0.000 0.000 0.000 0.000 0.000 0.000 0.000 0.000 0.000 0.000 0.000 0.000 0.000 0.000 0.000 0.000 0.000 0.000 0.000 0.000 0.000 0.000 0.000 0.000 0.000 0.000 0.000 0.000 0.000 0.000 0.000 0.000 
0.000 0.000 0.000 0.000 0.000 0.000 0.000 0.000 0.000 0.000 0.000 0.000 0.000 0.000 0.000 0.000 0.000 0.000 0.000 0.000 0.000 0.000 0.000 0.000 0.000 0.000 0.000 0.000 0.000 0.000 0.000 0.000 0.000 
