# Vol_scan Display Grid (processed)
# Grid size: 29 x 32
# Format: reflectivity
# Ref point: (-85000.000000, 11000.000000)
# Grid res: 1000.000000 meters
0.000 0.000 0.000 0.000 0.000 0.000 0.000 0.000 -0.000 -0.000 0.000 0.000 0.000 0.000 0.000 0.000 0.000 0.000 0.000 0.000 0.000 0.000 0.000 0.000 0.000 0.000 0.000 0.000 0.000 0.000 0.000 0.000 
0.000 0.000 0.000 0.000 0.000 -0.000 -0.000 0.000 0.000 0.000 0.000 0.000 -0.000 0.000 0.000 6.570 0.000 0.000 0.000 0.000 0.000 0.000 0.000 0.000 0.000 0.000 0.000 0.000 0.000 0.000 0.000 0.000 
0.000 0.000 0.000 0.000 0.000 0.000 0.000 0.000 0.000 0.000 0.000 0.000 0.004 26.445 0.013 0.042 5.700 4.310 7.110 0.000 0.000 0.000 0.000 0.000 0.000 0.000 0.000 0.000 0.000 0.000 0.000 0.000 
0.000 0.000 0.000 0.000 -0.000 -0.000 -0.000 0.000 0.004 0.005 26.282 30.421 24.946 26.330 28.923 26.369 30.266 27.079 0.063 6.080 0.000 0.000 0.000 0.000 0.000 0.000 0.000 0.000 0.000 0.000 0.000 0.000 
0.000 0.000 -0.000 -0.000 -0.000 0.000 -0.000 0.000 24.223 23.684 25.509 29.058 30.174 28.588 28.740 27.817 28.662 29.156 29.716 24.970 0.009 -0.000 0.000 0.000 0.000 0.000 0.000 0.000 0.000 0.000 0.000 0.000 
0.000 0.000 0.000 0.000 0.000 -0.000 0.000 24.880 27.390 28.152 29.641 27.434 29.960 27.771 26.446 28.216 28.664 28.594 27.331 27.338 21.781 0.005 0.000 0.000 -0.000 0.000 0.000 0.000 0.000 0.000 0.000 0.000 
0.000 0.000 0.000 0.000 0.000 0.000 28.212 27.991 27.401 28.299 26.677 30.157 27.990 29.348 27.589 29.813 29.102 29.316 28.628 28.746 28.367 14.810 0.000 0.000 0.000 0.000 -0.000 0.000 0.000 0.000 0.000 0.000 
0.000 0.000 -0.000 -0.000 0.000 20.066 30.572 28.507 28.460 28.494 28.241 26.511 26.727 29.391 28.458 29.751 29.439 27.893 29.494 25.749 26.821 28.996 26.742 0.000 0.000 0.000 0.000 0.000 -0.000 0.000 0.000 0.000 
0.000 0.000 0.000 0.000 28.159 26.170 27.482 30.051 27.765 30.095 30.164 30.422 26.529 28.129 26.585 27.794 28.124 28.365 29.686 28.743 29.943 28.574 23.639 0.004 0.000 0.000 0.000 0.000 0.000 0.000 -0.000 0.000 
0.000 0.000 0.000 0.000 28.122 27.771 27.638 27.121 27.771 26.819 26.918 29.776 28.411 29.414 28.204 28.144 28.198 28.804 27.870 27.205 28.468 27.840 28.110 0.000 0.000 0.000 0.000 0.000 0.000 0.000 0.000 0.000 
0.000 0.000 0.000 0.000 28.418 27.058 28.311 29.389 27.798 28.512 27.004 28.817 27.227 27.018 29.991 28.619 28.802 29.430 26.652 28.768 26.450 26.694 29.039 23.198 -0.000 0.000 -0.000 0.000 0.000 0.000 0.000 0.000 
0.000 0.000 -0.000 0.000 27.815 27.874 27.730 28.051 29.005 28.876 28.687 29.177 26.738 28.656 27.761 30.082 29.403 27.187 27.481 28.369 28.509 27.159 28.938 28.482 0.000 -0.000 0.000 0.000 -0.000 0.000 0.000 0.000 
0.000 0.000 -0.000 0.000 27.613 28.546 28.496 28.567 26.571 30.486 26.695 28.468 27.526 28.280 27.221 27.866 26.074 27.335 29.018 27.909 28.938 28.474 27.689 27.419 0.000 0.000 0.000 -0.000 -0.000 0.000 0.000 0.000 
0.000 0.000 0.000 28.874 29.948 28.685 29.166 27.854 28.559 27.021 27.392 28.391 27.325 29.221 27.616 28.809 27.585 27.448 28.201 27.712 29.715 26.342 28.207 29.322 0.056 0.000 0.000 0.000 0.000 0.000 0.000 0.000 
0.000 0.000 0.000 0.000 26.324 27.977 27.906 27.544 28.864 29.871 30.288 28.136 28.032 28.483 27.777 27.791 27.436 28.114 27.729 27.338 26.858 27.335 26.807 28.720 -0.000 0.000 0.000 0.000 0.000 0.000 0.000 0.000 
0.000 0.000 0.000 0.000 27.119 28.027 27.354 28.019 26.666 29.520 27.220 27.193 28.139 28.232 31.147 29.077 27.810 25.903 27.753 28.820 28.665 28.549 27.935 28.611 0.000 -0.000 -0.000 0.000 0.000 0.000 0.000 0.000 
-0.000 0.000 0.000 0.000 24.986 26.427 28.608 28.427 28.049 27.575 28.757 26.687 27.145 27.849 27.785 28.098 29.311 27.746 28.309 28.553 27.128 27.720 26.710 0.000 0.000 0.000 0.000 0.000 0.000 0.000 0.000 0.000 
0.000 0.000 0.000 0.000 0.000 29.434 27.803 28.387 28.716 27.594 27.462 28.019 26.631 26.985 27.455 28.545 28.603 27.528 28.481 27.379 27.597 28.759 27.803 0.000 0.000 0.000 0.000 0.000 0.000 0.000 0.000 0.000 
0.000 -0.000 -0.000 0.000 0.000 25.204 27.305 29.142 28.635 29.036 29.057 27.938 27.549 26.231 28.261 27.825 27.648 28.716 29.196 28.140 27.854 28.469 0.000 -0.000 0.000 0.000 -0.000 0.000 0.000 0.000 0.000 0.000 
0.000 -0.000 0.000 0.000 0.000 0.000 28.221 28.829 28.543 27.798 28.377 30.363 27.236 27.568 28.618 26.688 29.112 28.161 28.176 27.305 28.278 28.260 0.000 -0.000 0.000 -0.000 0.000 0.000 0.000 0.000 0.000 0.000 
0.000 0.000 0.000 0.000 -0.000 0.000 -0.000 24.307 28.344 29.148 27.495 29.512 29.994 28.977 29.279 28.211 28.046 29.246 29.123 28.945 25.895 0.000 0.000 0.000 0.000 0.000 0.000 0.000 0.000 0.000 0.000 0.000 
0.000 0.000 0.000 0.000 0.000 0.000 0.000 0.000 25.254 28.117 29.172 29.409 28.691 29.513 28.567 27.795 30.132 30.065 27.341 0.000 21.286 0.000 0.000 0.000 0.000 0.000 0.000 0.000 0.000 0.000 0.000 0.000 
0.000 0.000 0.000 0.000 0.000 0.000 0.000 0.000 0.000 0.000 28.998 27.551 26.865 29.421 27.440 26.083 26.381 25.930 23.824 -0.000 0.000 0.000 0.000 0.000 0.000 0.000 0.000 0.000 0.000 0.000 0.000 0.000 
0.000 0.000 0.000 0.000 0.000 0.000 0.000 0.000 0.000 0.000 0.000 0.000 0.000 0.000 22.468 -0.000 0.000 -0.000 0.000 0.000 0.000 -0.000 0.000 0.000 0.000 0.000 0.000 0.000 0.000 0.000 0.000 0.000 
0.000 0.000 0.000 0.000 0.000 0.000 0.000 0.000 0.000 0.000 0.000 0.000 0.000 0.000 0.000 0.000 -0.000 -0.000 0.000 0.000 0.000 0.000 0.000 0.000 0.000 0.000 0.000 0.000 0.000 0.000 0.000 0.000 
0.000 0.000 0.000 0.000 0.000 0.000 0.000 0.000 0.000 0.000 0.000 0.000 0.000 0.000 0.000 0.000 0.000 0.000 -0.000 -0.000 0.000 -0.000 0.000 0.000 0.000 0.000 0.000 0.000 0.000 0.000 0.000 0.000 
0.000 0.000 0.000 0.000 0.000 0.000 0.000 0.000 0.000 0.000 0.000 0.000 0.000 0.000 0.000 0.000 0.000 0.000 0.000 0.000 -0.000 -0.000 0.000 0.000 0.000 0.000 0.000 0.000 0.000 0.000 0.000 0.000 
0.000 0.000 0.000 0.000 0.000 0.000 0.000 0.000 0.000 0.000 0.000 0.000 0.000 0.000 0.000 0.000 0.000 0.000 0.000 0.000 0.000 0.000 0.000 0.000 0.000 0.000 0.000 0.000 0.000 0.000 0.000 0.000 
0.000 0.000 0.000 0.000 0.000 0.000 0.000 0.000 0.000 0.000 0.000 0.000 0.000 0.000 0.000 0.000 0.000 0.000 0.000 0.000 0.000 0.000 0.000 0.000 0.000 0.000 0.000 0.000 0.000 0.000 0.000 0.000 
