# Vol_scan Display Grid (processed)
# Grid size: 30 x 32
# Format: reflectivity
# Ref point: (-74000.000000, 11000.000000)
# Grid res: 1000.000000 meters
0.000 0.000 0.000 0.000 0.000 0.000 -0.000 0.000 -0.000 0.000 0.000 0.000 0.000 0.000 0.000 0.000 0.000 0.000 0.000 0.000 0.000 0.000 0.000 0.000 0.000 0.000 0.000 0.000 0.000 0.000 0.000 0.000 
0.000 0.000 0.000 0.000 0.000 0.000 0.000 0.000 0.000 -0.000 0.000 0.000 0.000 0.000 0.000 0.000 0.000 0.000 0.000 0.000 0.000 0.000 0.000 0.000 0.000 0.000 0.000 0.000 0.000 0.000 0.000 0.000 
0.000 0.000 0.000 0.000 0.000 0.000 0.000 -0.000 0.000 0.000 -0.000 0.000 -0.000 0.000 2.890 0.000 0.000 0.000 0.000 0.000 0.000 0.000 0.000 0.000 0.000 0.000 0.000 0.000 0.000 0.000 0.000 0.000 
0.000 0.000 0.000 0.000 0.000 0.000 0.000 0.000 0.000 0.000 0.000 0.314 0.000 0.289 0.733 1.827 0.018 6.290 0.000 0.000 0.000 0.000 0.000 0.000 0.000 0.000 0.000 0.000 0.000 0.000 0.000 0.000 
0.000 0.000 0.000 0.000 0.000 -0.000 0.000 0.000 0.000 0.000 6.644 25.531 27.387 24.526 24.093 28.072 28.930 25.078 21.194 6.614 0.000 0.000 0.000 0.000 0.000 0.000 0.000 0.000 0.000 0.000 0.000 0.000 
0.000 0.000 0.000 0.000 0.000 0.000 0.000 0.000 21.324 28.610 28.123 26.570 27.352 26.955 28.273 28.804 26.068 27.816 27.489 26.458 0.001 0.000 0.000 0.000 0.000 0.000 0.000 0.000 0.000 0.000 0.000 0.000 
0.000 0.000 0.000 0.000 0.000 -0.000 22.010 10.758 28.791 26.310 29.085 29.157 28.297 28.541 29.191 27.615 26.713 28.969 28.059 28.284 22.256 0.000 -0.000 0.000 -0.000 0.000 0.000 0.000 0.000 0.000 0.000 0.000 
0.000 0.000 0.000 0.000 0.000 0.000 28.262 29.131 28.032 27.046 28.664 28.547 28.481 27.663 29.038 28.851 28.075 27.130 28.873 26.452 27.702 25.089 0.000 -0.000 -0.000 0.000 0.000 0.000 0.000 0.000 0.000 0.000 
0.000 0.000 0.000 0.000 0.000 4.591 27.455 28.556 28.984 30.179 29.311 26.688 28.581 26.883 29.310 28.094 27.810 27.976 27.993 27.208 28.396 27.243 17.498 0.000 0.000 0.000 -0.000 0.000 0.000 0.000 0.000 0.000 
0.000 0.000 0.000 0.000 -0.000 25.746 28.789 27.377 28.569 28.357 29.194 31.344 29.536 30.320 30.377 28.693 30.002 29.513 27.906 29.027 27.238 26.807 28.702 0.000 0.000 0.000 0.000 0.000 0.000 -0.000 0.000 0.000 
0.000 0.000 0.000 0.000 28.441 25.500 27.332 28.180 29.873 29.852 27.821 28.672 30.267 28.139 30.483 28.610 29.171 27.547 28.691 26.208 28.485 27.800 27.786 26.970 0.000 0.000 0.000 0.000 0.000 0.000 0.000 0.000 
0.000 0.000 0.000 0.000 29.390 29.796 27.880 28.241 27.336 29.213 30.341 29.132 26.769 28.513 28.412 28.609 29.783 28.584 27.457 28.408 27.695 27.276 28.192 26.467 0.000 0.000 0.000 0.000 -0.000 0.000 -0.000 0.000 
0.000 0.000 0.000 0.000 27.266 27.817 28.161 27.315 29.086 28.365 27.299 28.388 28.576 28.562 28.860 29.261 28.065 29.876 27.428 27.479 28.994 28.129 27.874 29.790 0.000 0.000 0.000 0.000 0.000 0.000 0.000 0.000 
0.000 0.000 0.000 -0.000 28.852 28.059 27.106 27.255 28.225 27.987 28.329 27.107 28.103 28.414 27.330 29.369 30.408 25.243 28.537 29.128 28.214 28.373 29.065 27.383 0.835 0.000 0.000 -0.000 0.000 0.000 0.000 0.000 
0.000 0.000 0.000 -0.000 26.695 29.396 26.671 27.112 29.245 28.647 27.676 28.044 29.404 27.360 27.902 27.317 27.600 27.774 31.153 27.321 28.809 29.535 26.512 27.936 0.000 0.000 0.000 0.000 0.000 -0.000 0.000 0.000 
0.000 0.000 0.000 -0.000 27.748 26.732 27.893 27.908 26.246 27.284 27.579 26.370 26.460 27.199 27.051 27.118 25.459 27.520 27.457 26.868 28.657 28.776 27.023 28.194 0.000 0.000 0.000 0.000 0.000 0.000 0.000 0.000 
0.000 0.000 0.000 -0.000 27.087 27.254 27.436 27.923 27.858 27.192 27.520 27.770 28.172 27.003 26.882 28.663 26.156 25.871 27.745 28.009 29.095 28.147 28.382 27.447 0.000 0.000 0.000 0.000 -0.000 0.000 0.000 0.000 
0.000 0.000 0.000 0.000 0.000 27.740 27.071 28.939 26.984 28.441 27.404 28.064 26.920 28.031 26.669 26.979 26.514 26.358 27.160 26.116 26.725 28.628 27.988 29.815 0.000 0.000 0.000 -0.000 0.000 0.000 0.000 0.000 
-0.000 -0.000 -0.000 0.000 -0.000 22.460 28.137 28.615 27.412 25.385 27.071 27.091 27.231 24.769 27.281 27.001 26.103 27.372 27.500 28.800 28.067 27.901 26.951 0.000 -0.000 -0.000 -0.000 0.000 0.000 0.000 0.000 0.000 
0.000 0.000 -0.000 -0.000 -0.000 23.506 26.074 28.627 28.626 26.268 27.116 26.346 25.964 27.158 27.977 26.396 28.150 26.754 26.664 28.513 28.396 29.150 26.880 0.000 0.000 0.000 0.000 0.000 0.000 0.000 0.000 0.000 
0.000 -0.000 0.000 0.000 0.000 0.000 22.783 27.224 28.660 26.612 26.678 26.133 26.967 25.439 27.772 26.326 27.035 26.098 26.624 27.501 27.578 28.206 0.000 0.000 0.000 0.000 0.000 0.000 0.000 0.000 0.000 0.000 
0.000 0.000 0.000 -0.000 0.000 -0.000 0.000 23.287 27.737 28.149 26.785 26.611 26.546 25.747 27.145 27.054 27.891 27.527 25.522 28.371 23.627 0.000 0.000 0.000 0.000 0.000 0.000 0.000 0.000 0.000 0.000 0.000 
0.000 0.000 0.000 0.000 0.000 0.000 0.000 0.000 24.359 25.850 27.217 26.383 26.129 26.721 26.429 27.996 26.687 27.425 22.613 27.550 19.274 0.000 -0.000 0.000 0.000 0.000 0.000 0.000 0.000 0.000 0.000 0.000 
0.000 0.000 0.000 0.000 0.000 0.000 0.000 0.000 0.000 23.193 27.674 24.095 24.072 25.042 27.209 23.338 26.157 22.452 17.564 0.000 -0.000 0.000 -0.000 -0.000 0.000 0.000 0.000 0.000 0.000 0.000 0.000 0.000 
0.000 0.000 0.000 0.000 0.000 0.000 0.000 0.000 0.000 0.000 0.000 0.000 19.766 -0.000 0.000 0.000 -0.000 -0.000 -0.000 0.000 0.000 0.000 0.000 0.000 0.000 0.000 0.000 0.000 0.000 0.000 0.000 0.000 
0.000 0.000 0.000 0.000 0.000 0.000 0.000 0.000 0.000 0.000 0.000 0.000 0.000 0.000 0.000 -0.000 0.000 0.000 -0.000 -0.000 -0.000 -0.000 0.000 0.000 0.000 0.000 0.000 0.000 0.000 0.000 0.000 0.000 
0.000 0.000 0.000 0.000 0.000 0.000 0.000 0.000 0.000 0.000 0.000 0.000 0.000 0.000 0.000 0.000 0.000 0.000 0.000 -0.000 -0.000 -0.000 0.000 0.000 0.000 0.000 0.000 0.000 0.000 0.000 0.000 0.000 
0.000 0.000 0.000 0.000 0.000 0.000 0.000 0.000 0.000 0.000 0.000 0.000 0.000 0.000 0.000 0.000 0.000 0.000 0.000 0.000 -0.000 0.000 0.000 0.000 0.000 0.000 0.000 0.000 0.000 0.000 0.000 0.000 
0.000 0.000 0.000 0.000 0.000 0.000 0.000 0.000 0.000 0.000 0.000 0.000 0.000 0.000 0.000 0.000 0.000 0.000 0.000 -0.000 -0.000 0.000 0.000 0.000 0.000 0.000 0.000 0.000 0.000 0.000 0.000 0.000 
0.000 0.000 0.000 0.000 0.000 0.000 0.000 0.000 0.000 0.000 0.000 0.000 0.000 0.000 0.000 0.000 0.000 0.000 0.000 0.000 0.000 0.000 0.000 0.000 0.000 0.000 0.000 0.000 0.000 0.000 0.000 0.000 
