# Vol_scan Display Grid (processed)
# Grid size: 31 x 30
# Format: reflectivity
# Ref point: (-90000.000000, 10000.000000)
# Grid res: 1000.000000 meters
0.000 0.000 0.000 0.000 0.000 0.000 0.000 0.000 0.000 0.000 0.000 0.000 0.000 0.000 0.000 0.000 0.000 0.000 0.000 0.000 0.000 0.000 0.000 0.000 0.000 0.000 0.000 0.000 0.000 0.000 
0.000 0.000 0.000 0.000 0.000 0.000 0.000 0.000 0.000 0.000 0.000 0.000 0.000 0.000 0.000 -0.000 0.000 -0.000 0.000 0.000 -0.000 0.000 0.000 0.000 0.000 0.000 0.000 0.000 0.000 0.000 
0.000 0.000 0.000 0.000 0.000 0.000 0.000 0.000 0.000 0.000 0.000 0.000 0.000 0.000 0.000 0.000 -0.000 -0.000 0.000 0.000 -0.000 0.000 0.000 0.000 0.000 0.000 0.000 0.000 0.000 0.000 
0.000 0.000 0.000 0.000 0.000 0.000 0.000 0.000 0.000 0.000 0.000 0.000 -0.000 0.000 -0.000 -0.000 0.000 -0.000 -0.000 -0.000 0.000 0.000 0.000 0.000 0.000 0.000 0.000 0.000 0.000 0.000 
0.000 0.000 0.000 0.000 0.000 0.000 0.000 0.000 0.000 0.000 0.000 0.000 -0.000 0.000 0.000 0.000 0.000 -0.000 -0.000 0.000 -0.000 0.000 0.000 0.000 0.000 0.000 0.000 0.000 0.000 0.000 
0.000 0.000 0.000 0.000 0.000 0.000 0.000 0.000 0.000 0.000 0.000 0.006 0.001 0.414 0.371 0.611 0.446 0.494 0.000 0.000 -0.000 0.000 -0.000 0.000 0.000 0.000 0.000 0.000 0.000 0.000 
0.000 0.000 0.000 0.000 0.000 0.000 0.000 0.000 0.000 6.575 1.184 24.505 24.027 25.907 25.286 29.843 26.921 25.865 16.273 5.210 0.002 0.000 0.000 0.000 0.000 0.000 0.000 0.000 0.000 0.000 
0.000 0.000 0.000 0.000 0.000 0.000 0.000 6.970 6.613 24.203 25.082 28.620 28.317 28.732 28.017 28.745 27.857 27.095 27.709 27.610 25.424 0.000 0.000 0.000 0.000 0.000 0.000 0.000 0.000 0.000 
0.000 0.000 0.000 0.000 0.000 0.000 3.470 6.547 28.254 29.547 26.999 27.160 27.111 27.797 28.065 28.077 25.906 28.840 27.819 28.748 27.671 21.497 2.945 0.000 0.000 0.000 0.000 0.000 0.000 0.000 
0.000 0.000 0.000 0.000 0.000 0.000 5.017 27.473 27.278 26.484 26.337 27.458 27.722 28.780 28.067 27.362 28.277 27.948 26.843 27.096 25.579 28.336 26.920 0.000 -0.000 0.000 0.000 0.000 0.000 0.000 
0.000 0.000 0.000 0.000 0.000 7.063 17.556 27.041 29.088 28.479 29.544 29.210 28.337 27.000 27.738 28.157 28.373 29.007 30.668 29.185 26.969 28.180 27.815 24.655 0.000 0.000 0.000 0.000 0.000 0.000 
0.000 0.000 0.000 0.000 0.000 0.015 26.586 27.655 28.484 28.867 27.342 28.746 27.186 27.009 27.377 27.222 29.449 25.836 27.136 28.113 29.398 27.436 28.555 28.442 0.000 0.000 0.000 0.000 0.000 0.000 
0.000 0.000 0.000 -0.000 0.004 0.179 27.846 29.182 29.732 26.053 26.482 27.706 28.439 27.720 27.345 28.175 25.916 29.226 27.549 25.653 27.276 29.020 28.195 28.505 22.649 -0.000 0.000 0.000 0.000 0.000 
0.000 0.000 0.000 0.000 0.000 12.440 29.161 28.132 28.031 27.887 27.025 27.682 28.818 28.757 28.281 28.416 28.010 28.632 28.663 28.319 28.482 28.818 27.696 27.159 29.569 0.000 0.000 0.000 0.000 0.000 
0.000 0.000 0.000 -0.000 0.000 24.025 28.227 28.686 27.898 28.314 27.376 29.044 27.353 28.080 27.355 29.018 27.185 27.724 28.247 28.017 28.745 29.370 26.868 28.448 27.690 0.000 -0.000 0.000 0.000 0.000 
0.000 -0.000 0.000 0.000 0.000 29.255 27.652 26.600 28.680 27.392 27.354 26.606 27.417 26.925 28.660 27.336 27.755 29.831 29.071 29.450 28.230 28.148 29.338 28.516 30.109 0.000 0.000 0.000 0.000 0.000 
0.000 0.000 -0.000 0.000 0.000 28.920 26.809 27.870 26.778 26.521 28.302 28.513 27.645 27.290 27.121 26.580 29.442 29.178 27.173 28.562 27.281 26.922 26.959 29.081 28.168 0.000 -0.000 0.000 0.000 0.000 
0.000 -0.000 -0.000 -0.000 0.000 28.074 26.659 27.140 27.577 28.327 27.788 26.227 26.282 28.884 28.299 28.788 28.933 29.685 29.387 28.322 28.381 27.582 28.375 29.750 27.571 -0.000 0.000 -0.000 0.000 0.000 
0.000 0.000 0.000 0.000 0.000 27.352 28.754 29.290 26.178 28.518 28.283 27.336 28.459 27.653 29.726 31.475 30.186 27.505 27.522 29.803 27.759 27.823 26.875 28.719 27.791 -0.000 0.000 0.000 0.000 0.000 
0.000 0.000 0.000 0.000 0.000 0.000 26.980 28.061 27.805 27.221 29.067 27.195 26.505 28.772 28.717 28.599 29.284 29.468 28.388 28.268 28.499 28.050 27.176 28.451 27.689 0.000 0.000 0.000 0.000 0.000 
0.000 0.000 -0.000 0.000 0.000 0.000 27.294 27.105 25.552 28.159 28.886 28.260 27.837 27.924 27.623 27.439 28.463 27.667 27.290 28.374 29.028 29.250 25.785 27.716 -0.000 0.000 0.000 0.000 0.000 0.000 
0.000 0.000 0.000 0.000 0.000 0.000 24.582 29.534 26.591 27.497 28.510 28.471 27.418 29.457 27.885 26.928 28.560 27.536 26.033 28.024 27.174 28.871 27.558 26.748 0.000 0.000 0.000 0.000 0.000 0.000 
0.000 0.000 0.000 0.000 0.000 0.000 0.000 23.074 26.787 28.552 27.996 29.559 29.967 27.137 28.628 28.370 28.019 27.444 27.032 26.020 28.115 27.042 25.949 0.000 0.000 0.000 0.000 0.000 0.000 0.000 
0.000 0.000 0.000 0.000 0.000 0.000 0.000 0.000 18.966 28.936 28.306 26.144 27.753 27.449 27.948 28.090 29.025 28.719 26.212 28.200 27.206 25.010 0.000 0.000 0.000 0.000 0.000 0.000 0.000 0.000 
0.000 0.000 0.000 0.000 0.000 0.000 0.000 0.000 -0.000 24.462 28.210 28.329 29.500 28.083 26.874 25.934 27.489 28.174 29.559 27.035 23.501 0.000 0.000 0.000 0.000 0.000 0.000 0.000 0.000 0.000 
0.000 0.000 0.000 0.000 0.000 0.000 0.000 0.000 0.000 0.000 0.000 24.618 25.925 29.781 26.319 27.563 26.520 28.409 24.467 24.088 0.000 0.000 0.000 0.000 0.000 0.000 0.000 0.000 0.000 0.000 
0.000 0.000 0.000 0.000 0.000 0.000 0.000 0.000 0.000 0.000 0.000 0.000 0.000 15.834 23.635 21.643 18.633 0.000 0.000 0.000 0.000 0.000 0.000 0.000 0.000 0.000 0.000 0.000 0.000 0.000 
0.000 0.000 0.000 0.000 0.000 0.000 0.000 0.000 0.000 0.000 0.000 0.000 0.000 0.000 0.000 -0.000 0.000 -0.000 0.000 0.000 0.000 0.000 0.000 0.000 0.000 0.000 0.000 0.000 0.000 0.000 
0.000 0.000 0.000 0.000 0.000 0.000 0.000 0.000 0.000 0.000 0.000 0.000 0.000 0.000 0.000 0.000 0.000 0.000 0.000 0.000 0.000 0.000 0.000 0.000 0.000 0.000 0.000 0.000 0.000 0.000 
0.000 0.000 0.000 0.000 0.000 0.000 0.000 0.000 0.000 0.000 0.000 0.000 0.000 0.000 0.000 0.000 0.000 0.000 0.000 0.000 0.000 0.000 0.000 0.000 0.000 0.000 0.000 0.000 0.000 0.000 
0.000 0.000 0.000 0.000 0.000 0.000 0.000 0.000 0.000 0.000 0.000 0.000 0.000 0.000 0.000 0.000 0.000 0.000 0.000 0.000 0.000 0.000 0.000 0.000 0.000 0.000 0.000 0.000 0.000 0.000 
