# Vol_scan Display Grid (processed)
# Grid size: 29 x 33
# Format: reflectivity
# Ref point: (-78000.000000, 11000.000000)
# Grid res: 1000.000000 meters
0.000 0.000 0.000 0.000 0.000 -0.000 0.000 0.000 -0.000 0.000 0.000 0.000 0.000 0.000 0.000 0.000 0.000 0.000 0.000 0.000 0.000 0.000 0.000 0.000 0.000 0.000 0.000 0.000 0.000 0.000 0.000 0.000 0.000 
0.000 0.000 0.000 -0.000 0.000 -0.000 0.000 -0.000 -0.000 -0.000 0.000 0.000 -0.000 0.000 0.000 0.000 0.000 0.000 0.000 0.000 0.000 0.000 0.000 0.000 0.000 0.000 0.000 0.000 0.000 0.000 0.000 0.000 0.000 
0.000 0.000 0.000 0.000 0.000 0.000 0.000 0.000 0.000 0.000 0.000 0.000 0.000 0.259 0.624 0.013 6.294 6.678 0.000 0.000 0.000 0.000 0.000 0.000 0.000 0.000 0.000 0.000 0.000 0.000 0.000 0.000 0.000 
0.000 0.000 0.000 0.000 0.000 -0.000 0.000 0.000 0.000 0.000 9.443 21.807 27.591 25.609 23.384 24.768 29.302 28.969 17.529 5.783 0.000 0.000 0.000 0.000 0.000 0.000 0.000 0.000 0.000 0.000 0.000 0.000 0.000 
0.000 0.000 0.000 0.000 0.000 0.000 0.000 -0.000 23.834 27.885 27.257 29.132 28.261 27.015 27.911 29.777 27.998 26.845 26.524 0.213 0.001 0.000 0.000 0.000 0.000 0.000 0.000 0.000 0.000 0.000 0.000 0.000 0.000 
0.000 0.000 -0.000 -0.000 0.000 0.000 8.193 0.370 27.627 28.357 29.132 25.856 27.537 27.609 26.801 29.918 27.574 29.076 28.479 31.118 0.160 0.221 0.000 0.000 0.000 0.000 0.000 0.000 0.000 0.000 0.000 0.000 0.000 
0.000 0.000 0.000 0.000 0.000 0.000 25.136 26.737 28.377 26.692 27.453 28.875 28.848 27.346 27.542 26.466 28.813 27.181 27.512 27.550 28.272 25.184 0.000 -0.000 0.000 -0.000 0.000 0.000 0.000 0.000 0.000 0.000 0.000 
0.000 0.000 -0.000 0.000 0.000 0.000 27.917 27.716 30.324 26.105 28.067 28.577 27.888 27.462 25.193 28.918 25.899 29.424 29.309 28.689 28.993 26.291 21.804 0.000 -0.000 -0.000 0.000 0.000 0.000 0.000 0.000 0.000 0.000 
0.000 0.000 0.000 0.000 23.675 15.996 28.188 28.254 27.059 27.139 26.983 28.546 27.312 28.350 26.329 27.389 28.467 27.559 26.731 27.923 29.330 26.469 20.395 0.150 0.000 -0.000 -0.000 -0.000 0.000 0.000 0.000 0.000 0.000 
0.000 0.000 0.000 0.000 25.793 28.375 27.808 27.553 27.643 27.074 28.716 27.239 27.832 27.475 27.815 28.577 28.606 28.669 28.858 27.851 29.044 26.974 28.058 0.000 0.000 0.000 0.000 0.000 -0.000 0.000 -0.000 0.000 0.000 
0.000 -0.000 -0.000 0.000 28.425 28.012 28.425 26.356 28.393 26.904 29.397 27.954 27.169 27.149 28.695 28.016 29.109 28.403 28.412 28.675 28.599 28.046 27.469 24.599 0.000 0.000 0.000 0.000 0.000 0.000 0.000 0.000 0.000 
0.000 0.000 0.000 0.000 28.326 28.231 27.782 28.071 28.536 28.533 26.896 26.727 28.141 27.731 28.539 27.691 27.980 27.779 26.606 28.873 27.719 27.613 26.938 27.958 0.000 0.000 -0.000 0.000 0.000 0.000 0.000 0.000 0.000 
0.000 0.000 0.000 0.000 28.215 28.296 27.323 27.901 27.964 28.716 27.841 28.812 29.655 28.385 29.598 26.399 29.708 27.233 28.176 28.203 29.825 26.766 27.607 27.850 24.307 -0.000 0.000 0.000 -0.000 0.000 0.000 0.000 0.000 
0.000 -0.000 0.000 0.000 -0.000 28.142 28.275 28.772 28.449 29.151 28.827 30.428 29.100 30.835 28.490 28.582 27.846 27.796 27.913 28.917 28.564 28.218 26.739 29.024 0.000 0.000 0.000 0.000 0.000 0.000 0.000 0.000 0.000 
0.000 0.000 0.000 0.000 27.413 27.282 27.009 26.404 27.533 29.691 28.488 29.095 29.487 27.668 27.463 27.975 28.512 28.044 27.990 27.477 27.251 29.167 27.145 29.041 0.000 0.000 0.000 0.000 0.000 0.000 0.000 0.000 0.000 
0.000 0.000 0.000 0.000 27.950 28.472 28.770 26.708 28.189 27.828 28.296 28.893 28.908 28.122 30.463 29.282 27.971 28.895 29.215 28.342 27.577 28.886 26.647 24.988 0.000 0.000 0.000 0.000 -0.000 0.000 0.000 0.000 0.000 
-0.000 -0.000 0.000 0.000 25.182 29.430 28.206 28.576 28.979 28.652 28.887 28.588 28.089 27.189 28.368 30.503 28.729 28.992 28.860 28.983 27.493 28.382 28.011 29.730 0.000 0.000 0.000 0.000 0.000 0.000 0.000 0.000 0.000 
0.000 0.000 0.000 -0.000 0.000 28.731 29.234 28.354 28.260 28.049 28.144 28.351 28.496 29.357 27.591 27.329 27.858 29.213 27.708 29.971 28.233 29.613 30.381 -0.000 0.000 0.000 0.000 -0.000 0.000 0.000 0.000 0.000 0.000 
0.000 0.000 -0.000 -0.000 0.000 0.000 28.040 28.348 28.545 27.316 27.106 27.827 29.402 28.833 27.714 27.998 28.257 28.487 29.748 27.894 26.841 28.867 28.668 0.000 0.000 -0.000 -0.000 0.000 0.000 0.000 0.000 0.000 0.000 
0.000 0.000 -0.000 -0.000 0.000 0.000 26.360 26.697 26.521 27.830 26.420 27.681 28.541 28.472 28.739 26.502 28.229 28.903 28.684 29.676 27.867 26.857 0.000 0.000 0.000 -0.000 0.000 0.000 0.000 0.000 0.000 0.000 0.000 
0.000 0.000 0.000 0.000 0.000 0.000 -0.000 26.366 27.631 28.470 28.149 27.643 28.840 29.286 28.434 28.526 28.528 28.128 28.204 27.766 25.561 25.739 -0.000 -0.000 0.000 -0.000 0.000 0.000 0.000 0.000 0.000 0.000 0.000 
0.000 0.000 0.000 0.000 0.000 0.000 0.000 0.000 22.824 29.114 28.137 27.966 27.274 26.239 26.559 27.686 27.607 28.305 29.050 24.980 0.000 0.000 -0.000 0.000 -0.000 0.000 0.000 0.000 0.000 0.000 0.000 0.000 0.000 
0.000 0.000 0.000 0.000 0.000 0.000 0.000 0.000 0.000 21.549 24.052 27.087 24.099 27.087 27.620 27.436 27.148 23.347 20.029 0.000 -0.000 0.000 0.000 0.000 0.000 0.000 0.000 0.000 0.000 0.000 0.000 0.000 0.000 
0.000 0.000 0.000 0.000 0.000 0.000 0.000 0.000 0.000 0.000 0.000 0.000 25.174 24.575 21.020 0.000 -0.000 -0.000 0.000 -0.000 -0.000 0.000 -0.000 0.000 0.000 0.000 0.000 0.000 0.000 0.000 0.000 0.000 0.000 
0.000 0.000 0.000 0.000 0.000 0.000 0.000 0.000 0.000 0.000 0.000 0.000 0.000 0.000 0.000 0.000 -0.000 0.000 -0.000 0.000 0.000 0.000 0.000 0.000 0.000 0.000 0.000 0.000 0.000 0.000 0.000 0.000 0.000 
0.000 0.000 0.000 0.000 0.000 0.000 0.000 0.000 0.000 0.000 0.000 0.000 0.000 0.000 0.000 0.000 0.000 0.000 -0.000 0.000 -0.000 -0.000 0.000 0.000 0.000 0.000 0.000 0.000 0.000 0.000 0.000 0.000 0.000 
0.000 0.000 0.000 0.000 0.000 0.000 0.000 0.000 0.000 0.000 0.000 0.000 0.000 0.000 0.000 0.000 0.000 0.000 0.000 0.000 -0.000 -0.000 0.000 0.000 0.000 0.000 0.000 0.000 0.000 0.000 0.000 0.000 0.000 
0.000 0.000 0.000 0.000 0.000 0.000 0.000 0.000 0.000 0.000 0.000 0.000 0.000 0.000 0.000 0.000 0.000 0.000 0.000 0.000 0.000 0.000 0.000 0.000 0.000 0.000 0.000 0.000 0.000 0.000 0.000 0.000 0.000 
0.000 0.000 0.000 0.000 0.000 0.000 0.000 0.000 0.000 0.000 0.000 0.000 0.000 0.000 0.000 0.000 0.000 0.000 0.000 0.000 0.000 0.000 0.000 0.000 0.000 0.000 0.000 0.000 0.000 0.000 0.000 0.000 0.000 
