# Vol_scan Display Grid (processed)
# Grid size: 30 x 30
# Format: reflectivity
# Ref point: (-45000.000000, 12000.000000)
# Grid res: 1000.000000 meters
0.000 0.000 0.000 0.000 0.000 0.000 0.000 0.000 0.000 0.000 0.000 0.000 0.000 0.000 0.000 0.000 0.000 0.000 0.000 0.000 0.000 0.000 0.000 0.000 0.000 0.000 0.000 0.000 0.000 0.000 
0.000 0.000 0.000 0.000 0.000 0.000 0.000 0.000 0.000 0.000 -0.000 0.000 -0.000 0.000 0.000 0.000 0.000 0.000 0.000 0.000 0.000 0.000 0.000 0.000 0.000 0.000 0.000 0.000 0.000 0.000 
0.000 0.000 0.000 0.000 0.000 0.000 0.000 0.000 -0.000 0.000 0.000 0.000 0.000 0.000 0.000 0.000 0.000 0.000 0.000 0.000 0.000 0.000 0.000 0.000 0.000 0.000 0.000 0.000 0.000 0.000 
0.000 0.000 0.000 0.000 0.000 0.000 0.000 -0.000 0.000 -0.000 -0.000 0.000 0.000 0.000 0.000 0.000 0.000 0.000 0.000 0.000 0.000 0.000 0.000 0.000 0.000 0.000 0.000 0.000 0.000 0.000 
0.000 0.000 0.000 0.000 0.000 0.000 0.000 0.000 0.000 0.000 0.116 0.075 8.492 9.911 10.044 0.038 0.020 0.056 0.105 0.000 0.000 0.000 0.000 0.000 0.000 0.000 0.000 0.000 0.000 0.000 
0.000 0.000 0.000 0.000 0.000 0.000 0.000 0.000 0.197 23.389 26.035 23.576 22.664 28.014 28.339 24.237 24.397 10.396 0.025 6.659 0.000 0.000 0.000 0.000 0.000 0.000 0.000 0.000 0.000 0.000 
0.000 0.000 0.000 0.000 0.000 -0.000 0.000 0.215 30.142 29.666 28.187 29.253 27.839 27.537 27.149 27.941 27.638 28.455 27.085 6.096 6.090 0.000 0.000 0.000 0.000 0.000 0.000 0.000 0.000 0.000 
0.000 0.000 0.000 0.000 0.000 0.001 22.071 28.906 27.771 27.653 28.656 26.523 28.694 26.807 27.741 28.979 27.632 26.403 26.921 26.860 16.051 4.969 0.146 0.000 0.000 0.000 0.000 0.000 0.000 0.000 
0.000 0.000 0.000 0.000 0.000 15.103 27.518 27.660 28.431 27.577 27.932 27.919 28.118 27.594 29.130 27.594 27.658 26.756 27.147 25.939 28.260 0.025 0.046 0.000 0.000 0.000 0.000 0.000 0.000 0.000 
0.000 0.000 0.000 0.000 0.000 27.339 28.480 27.863 27.616 26.968 28.803 28.130 27.335 28.128 28.580 28.555 26.510 27.833 26.832 26.862 27.865 25.070 0.001 0.005 0.000 0.000 0.000 0.000 0.000 0.000 
0.000 0.000 0.000 -0.000 24.504 26.522 27.236 28.298 26.326 28.229 25.794 27.899 27.846 28.670 28.525 27.106 28.588 28.188 27.952 28.721 27.755 27.125 0.025 0.000 0.000 0.000 0.000 0.000 0.000 0.000 
0.000 0.000 0.000 0.000 28.699 27.788 27.087 27.758 26.781 27.463 25.914 25.931 26.646 27.946 28.396 27.557 27.694 26.383 27.790 28.042 26.934 28.073 22.800 0.000 0.000 0.000 0.000 0.000 0.000 0.000 
0.000 0.000 0.000 -0.000 27.171 27.657 28.052 28.391 28.449 27.637 28.247 27.473 28.668 27.442 27.623 28.224 27.415 27.517 27.986 27.779 28.695 27.094 26.883 0.063 0.000 0.000 -0.000 0.000 0.000 0.000 
0.000 0.000 0.000 28.707 28.629 27.369 26.949 27.963 27.806 29.002 28.102 26.094 28.179 26.212 26.858 28.338 26.936 27.241 27.296 26.904 28.765 26.851 29.088 0.049 0.000 0.000 0.000 -0.000 0.000 0.000 
0.000 0.000 0.000 22.344 28.073 26.808 28.143 26.088 28.396 27.614 27.961 26.526 28.786 27.258 28.008 25.881 28.706 27.026 27.358 28.197 27.541 27.687 28.971 0.083 0.000 0.000 -0.000 -0.000 0.000 0.000 
0.000 -0.000 0.000 27.710 27.804 29.159 26.962 26.128 29.208 27.485 41.670 39.724 41.273 40.297 43.390 43.675 26.696 26.968 28.189 27.860 27.865 29.412 27.445 0.134 0.000 0.000 0.000 -0.000 -0.000 0.000 
0.000 -0.000 0.000 27.039 30.001 28.022 28.637 27.176 27.553 27.165 43.607 42.998 45.047 46.349 46.109 42.952 43.003 28.150 25.813 27.843 27.091 28.117 28.351 0.002 -0.000 -0.000 0.000 0.000 0.000 0.000 
0.000 0.000 0.000 25.716 28.313 29.134 30.119 28.244 27.701 45.410 44.195 42.554 42.352 42.391 43.851 43.909 41.689 39.740 26.683 28.716 28.422 27.536 28.681 0.000 0.000 0.000 -0.000 0.000 0.000 0.000 
-0.000 0.000 0.000 0.000 27.726 28.764 27.916 29.747 39.944 43.063 44.420 43.418 44.277 42.933 45.607 43.739 44.445 44.023 27.481 27.574 27.332 27.494 29.666 0.000 0.000 0.000 0.000 -0.000 0.000 0.000 
0.000 0.000 -0.000 0.000 26.189 28.776 27.865 29.113 44.405 44.293 46.016 45.573 45.585 43.828 45.060 44.213 44.261 41.857 27.823 27.800 26.933 26.344 24.055 -0.000 0.000 0.000 -0.000 0.000 0.000 0.000 
0.000 0.000 0.000 0.000 -0.000 26.506 27.899 28.034 44.080 45.022 44.382 42.598 44.272 45.285 45.301 42.688 46.285 42.043 27.768 26.814 27.291 26.622 0.000 -0.000 0.000 0.000 0.000 0.000 0.000 0.000 
0.000 0.000 0.000 0.000 0.000 21.710 27.758 28.095 29.013 43.153 44.782 43.895 43.001 44.321 44.442 44.238 45.425 43.599 29.051 26.734 21.940 23.115 -0.000 0.000 0.000 0.000 0.000 0.000 0.000 0.000 
0.000 0.000 0.000 0.000 0.000 0.000 24.011 27.383 27.231 43.490 45.966 43.464 44.119 43.370 44.377 44.691 43.625 43.207 26.617 25.822 0.000 0.000 -0.000 0.000 0.000 0.000 0.000 0.000 0.000 0.000 
0.000 0.000 0.000 0.000 0.000 0.000 0.000 24.998 27.068 37.194 43.531 43.752 44.766 45.772 41.862 45.848 44.599 41.096 25.744 14.044 -0.000 0.000 0.000 0.000 0.000 0.000 0.000 0.000 0.000 0.000 
0.000 0.000 0.000 0.000 0.000 0.000 0.000 0.000 0.000 10.768 31.369 41.813 45.843 44.008 40.713 38.647 22.532 -0.000 0.000 0.000 0.000 0.000 0.000 0.000 0.000 0.000 0.000 0.000 0.000 0.000 
0.000 0.000 0.000 0.000 0.000 0.000 0.000 0.000 0.000 0.000 -0.000 0.000 0.000 30.616 0.000 0.000 0.000 -0.000 0.000 0.000 0.000 0.000 0.000 0.000 0.000 0.000 0.000 0.000 0.000 0.000 
0.000 0.000 0.000 0.000 0.000 0.000 0.000 0.000 0.000 0.000 0.000 0.000 0.000 0.000 0.000 0.000 0.000 -0.000 0.000 0.000 0.000 0.000 0.000 0.000 0.000 0.000 0.000 0.000 0.000 0.000 
0.000 0.000 0.000 0.000 0.000 0.000 0.000 0.000 0.000 0.000 0.000 0.000 0.000 0.000 0.000 0.000 0.000 0.000 0.000 0.000 0.000 0.000 0.000 0.000 0.000 0.000 0.000 0.000 0.000 0.000 
0.000 0.000 0.000 0.000 0.000 0.000 0.000 0.000 0.000 0.000 0.000 0.000 0.000 0.000 0.000 0.000 0.000 0.000 0.000 0.000 0.000 0.000 0.000 0.000 0.000 0.000 0.000 0.000 0.000 0.000 
0.000 0.000 0.000 0.000 0.000 0.000 0.000 0.000 0.000 0.000 0.000 0.000 0.000 0.000 0.000 0.000 0.000 0.000 0.000 0.000 0.000 0.000 0.000 0.000 0.000 0.000 0.000 0.000 0.000 0.000 
