# Vol_scan Display Grid (processed)
# Grid size: 31 x 30
# Format: reflectivity
# Ref point: (-37000.000000, 10000.000000)
# Grid res: 1000.000000 meters
0.000 0.000 0.000 0.000 0.000 0.000 0.000 0.000 0.000 0.000 0.000 0.000 0.000 0.000 0.000 0.000 0.000 0.000 0.000 0.000 0.000 0.000 0.000 0.000 0.000 0.000 0.000 0.000 0.000 0.000 
0.000 0.000 0.000 0.000 0.000 0.000 0.000 0.000 0.000 0.000 0.000 0.000 0.000 0.000 0.000 -0.000 -0.000 0.000 0.000 0.000 0.000 0.000 0.000 0.000 0.000 0.000 0.000 0.000 0.000 0.000 
0.000 0.000 0.000 0.000 0.000 0.000 0.000 0.000 0.000 0.000 0.000 0.000 0.000 0.000 0.000 0.000 0.000 0.000 0.000 0.000 0.000 0.000 0.000 0.000 0.000 0.000 0.000 0.000 0.000 0.000 
0.000 0.000 0.000 0.000 0.000 0.000 0.000 0.000 0.000 0.000 0.000 0.000 -0.000 -0.000 0.000 0.000 0.000 0.000 0.000 0.000 0.000 0.000 0.000 0.000 0.000 0.000 0.000 0.000 0.000 0.000 
0.000 0.000 0.000 0.000 0.000 0.000 0.000 0.000 0.000 0.000 0.000 0.000 0.000 20.438 25.861 25.541 25.418 8.249 0.000 -0.000 0.000 0.000 0.000 0.000 0.000 0.000 0.000 0.000 0.000 0.000 
0.000 0.000 0.000 0.000 0.000 0.000 0.000 0.000 0.000 -0.000 -0.000 15.556 26.878 28.188 28.612 28.822 27.927 27.277 26.948 26.202 0.000 0.000 0.000 0.000 0.000 0.000 0.000 0.000 0.000 0.000 
0.000 0.000 0.000 0.000 0.000 0.000 -0.000 0.000 0.000 11.640 26.650 27.773 30.095 29.154 29.763 29.732 27.988 28.111 27.794 28.255 27.807 29.385 0.000 0.000 0.000 0.000 0.000 0.000 0.000 0.000 
0.000 0.000 0.000 0.000 0.000 0.000 0.000 -0.000 25.694 26.205 28.407 26.994 27.976 29.141 26.700 28.097 29.606 29.107 26.862 28.105 27.785 26.714 27.218 0.000 0.000 0.000 0.000 0.000 0.000 0.000 
0.000 0.000 0.000 0.000 0.000 0.000 0.000 9.261 27.438 29.411 27.938 28.212 26.947 27.592 29.043 26.405 28.176 26.250 26.680 29.092 27.199 27.285 28.516 25.763 0.000 0.000 0.000 0.000 0.000 0.000 
0.000 0.000 0.000 0.000 -0.000 0.000 0.000 25.362 27.723 27.845 28.889 28.385 27.554 27.851 27.287 28.609 27.731 26.769 27.713 28.430 27.805 28.627 26.430 26.144 21.084 0.000 0.000 0.000 0.000 0.000 
-0.000 0.000 -0.000 -0.000 -0.000 0.000 26.137 26.913 26.912 27.162 29.250 27.150 28.930 26.873 27.442 28.609 29.810 27.872 27.660 28.467 28.273 31.220 26.168 28.272 27.123 0.000 0.000 0.000 0.000 0.000 
0.000 0.000 0.000 0.000 -0.000 0.001 26.950 28.668 27.345 24.725 26.566 25.865 29.189 28.836 27.108 27.369 27.440 29.943 28.133 27.178 29.917 26.529 27.713 26.759 28.034 0.000 -0.000 0.000 0.000 0.000 
0.000 0.000 0.000 -0.000 0.000 0.001 27.085 28.278 27.637 28.001 27.240 28.298 26.437 27.478 26.660 28.047 27.430 27.639 28.711 29.386 27.307 27.844 27.456 30.033 29.111 0.000 0.000 -0.000 -0.000 0.000 
0.000 -0.000 -0.000 0.000 0.000 0.741 27.724 29.610 28.326 27.040 27.379 27.791 27.683 30.434 28.395 26.941 26.926 26.867 27.474 27.237 28.670 26.616 26.497 29.166 27.545 0.000 -0.000 -0.000 0.000 0.000 
-0.000 0.000 0.000 0.000 0.000 0.453 28.009 27.886 28.673 26.630 26.256 29.219 28.956 26.054 27.576 27.896 27.377 28.488 28.570 27.578 28.562 27.788 28.640 28.722 27.852 26.715 0.000 0.000 0.000 0.000 
0.000 0.000 0.000 -0.000 0.000 0.115 28.998 28.277 26.909 27.748 29.113 27.196 26.966 27.154 27.509 27.387 29.227 27.433 27.195 27.649 27.556 30.744 29.192 28.131 27.517 29.535 -0.000 0.000 0.000 0.000 
0.000 0.000 0.000 0.000 0.000 0.001 26.521 29.111 28.056 27.433 28.687 27.360 28.495 27.055 29.138 27.972 24.680 28.042 25.611 27.097 27.989 28.092 31.184 30.467 30.079 28.042 0.000 0.000 0.000 0.000 
0.000 0.000 0.000 0.000 0.000 0.003 27.991 27.919 26.622 26.599 27.126 28.529 27.716 27.878 28.443 27.359 28.508 27.012 26.746 28.144 28.039 27.182 26.763 28.031 27.828 0.000 0.000 0.000 0.000 0.000 
0.000 0.000 0.000 -0.000 0.000 0.000 25.411 27.857 25.961 26.642 29.654 27.655 27.130 28.430 27.261 27.319 28.310 27.614 28.713 28.435 26.188 27.104 26.502 27.894 27.137 -0.000 0.000 0.000 0.000 0.000 
0.000 0.000 0.000 0.000 0.000 0.028 11.161 29.284 28.622 28.009 28.169 29.215 28.314 27.858 27.489 25.350 26.697 28.026 27.673 27.108 29.133 25.909 27.258 28.573 23.282 0.000 0.000 0.000 0.000 0.000 
0.000 0.000 0.000 0.000 0.000 0.000 1.544 26.742 28.579 26.786 27.079 29.806 29.960 26.812 28.958 29.224 27.649 26.991 28.995 26.283 25.610 26.440 28.011 28.571 0.000 0.000 0.000 0.000 0.000 0.000 
0.000 0.000 0.000 0.000 0.000 0.000 6.030 6.497 26.869 28.457 29.233 28.576 26.150 28.092 27.327 27.381 26.077 28.784 27.950 26.456 27.954 28.922 24.498 0.000 -0.000 0.000 0.000 0.000 0.000 0.000 
0.000 0.000 0.000 0.000 0.000 0.000 0.000 6.890 5.192 28.414 27.579 26.351 28.961 26.743 28.892 27.634 27.686 27.049 28.877 29.091 28.762 27.752 22.630 0.000 0.000 0.000 0.000 0.000 0.000 0.000 
0.000 0.000 0.000 0.000 0.000 0.000 0.000 0.000 2.350 5.929 27.234 26.559 28.430 28.071 27.029 28.489 28.419 29.180 27.737 27.789 28.460 0.000 0.000 -0.000 0.000 0.000 0.000 0.000 0.000 0.000 
0.000 0.000 0.000 0.000 0.000 0.000 0.000 0.000 0.000 6.330 0.030 0.003 25.303 25.261 25.638 27.474 23.285 23.836 25.178 0.001 0.001 0.000 -0.000 0.000 0.000 0.000 0.000 0.000 0.000 0.000 
0.000 0.000 0.000 0.000 0.000 0.000 0.000 0.000 0.000 0.000 0.000 6.170 0.002 0.000 0.002 0.002 0.002 0.000 0.000 0.000 -0.000 0.000 0.000 0.000 0.000 0.000 0.000 0.000 0.000 0.000 
0.000 0.000 0.000 0.000 0.000 0.000 0.000 0.000 0.000 0.000 0.000 0.000 0.000 0.000 0.000 -0.000 0.000 0.000 0.000 0.000 0.000 -0.000 0.000 0.000 0.000 0.000 0.000 0.000 0.000 0.000 
0.000 0.000 0.000 0.000 0.000 0.000 0.000 0.000 0.000 0.000 0.000 0.000 0.000 -0.000 0.000 0.000 0.000 -0.000 0.000 0.000 0.000 -0.000 0.000 0.000 0.000 0.000 0.000 0.000 0.000 0.000 
0.000 0.000 0.000 0.000 0.000 0.000 0.000 0.000 0.000 0.000 0.000 0.000 0.000 0.000 0.000 0.000 0.000 0.000 0.000 -0.000 0.000 0.000 0.000 0.000 0.000 0.000 0.000 0.000 0.000 0.000 
0.000 0.000 0.000 0.000 0.000 0.000 0.000 0.000 0.000 0.000 0.000 0.000 0.000 0.000 0.000 0.000 0.000 0.000 0.000 0.000 -0.000 0.000 0.000 0.000 0.000 0.000 0.000 0.000 0.000 0.000 
0.000 0.000 0.000 0.000 0.000 0.000 0.000 0.000 0.000 0.000 0.000 0.000 0.000 0.000 0.000 0.000 0.000 0.000 0.000 0.000 0.000 0.000 0.000 0.000 0.000 0.000 0.000 0.000 0.000 0.000 
