# Vol_scan Display Grid (processed)
# Grid size: 29 x 32
# Format: reflectivity
# Ref point: (-63000.000000, 11000.000000)
# Grid res: 1000.000000 meters
0.000 0.000 0.000 0.000 0.000 0.000 -0.000 0.000 -0.000 0.000 0.000 0.000 0.000 0.000 0.000 0.000 0.000 0.000 0.000 0.000 0.000 0.000 0.000 0.000 0.000 0.000 0.000 0.000 0.000 0.000 0.000 0.000 
0.000 0.000 0.000 0.000 0.000 -0.000 0.000 0.000 0.000 0.000 -0.000 -0.000 0.000 0.000 0.000 0.000 0.000 0.000 0.000 0.000 0.000 0.000 0.000 0.000 0.000 0.000 0.000 0.000 0.000 0.000 0.000 0.000 
0.000 0.000 0.000 0.000 0.000 -0.000 0.000 0.000 0.000 -0.000 0.000 0.000 0.000 0.000 0.031 0.013 5.090 5.050 0.000 0.000 0.000 0.000 0.000 0.000 0.000 0.000 0.000 0.000 0.000 0.000 0.000 0.000 
0.000 0.000 0.000 0.000 0.000 0.000 0.000 -0.000 0.000 0.000 0.001 6.269 0.001 10.698 8.492 16.897 27.675 5.838 5.590 5.250 0.000 0.000 0.000 0.000 0.000 0.000 0.000 0.000 0.000 0.000 0.000 0.000 
0.000 0.000 0.000 0.000 0.000 0.000 0.000 -0.000 0.000 0.001 23.786 25.997 26.525 27.607 28.609 27.386 25.584 27.107 29.587 6.019 6.450 6.080 0.000 0.000 0.000 0.000 0.000 0.000 0.000 0.000 0.000 0.000 
0.000 0.000 0.000 0.000 -0.000 0.000 0.000 11.704 21.883 28.191 28.884 26.962 26.781 26.973 27.949 26.713 28.280 29.375 28.480 27.151 0.039 5.972 4.800 0.000 0.000 0.000 0.000 0.000 0.000 0.000 0.000 0.000 
0.000 0.000 0.000 0.000 0.000 0.000 0.001 22.872 28.204 27.117 26.669 27.800 26.485 26.551 28.658 28.562 26.612 25.970 28.569 28.877 26.245 13.115 0.001 0.016 0.000 0.000 0.000 0.000 0.000 0.000 0.000 0.000 
0.000 0.000 0.000 0.000 -0.000 0.000 8.739 27.441 26.753 27.479 27.877 26.475 28.754 27.003 28.215 28.724 27.138 29.906 28.732 27.105 27.770 28.701 0.001 0.000 0.000 0.000 0.000 0.000 0.000 0.000 0.000 0.000 
0.000 0.000 0.000 0.000 -0.000 22.587 28.170 29.224 28.373 27.196 27.141 27.198 26.669 27.314 26.294 28.809 27.280 27.376 27.649 27.937 28.861 28.216 27.136 0.001 0.000 0.000 0.000 0.000 0.000 0.000 0.000 0.000 
0.000 0.000 0.000 0.000 0.000 28.509 26.683 27.439 28.053 27.947 27.777 26.465 29.226 28.014 27.208 27.471 26.050 28.055 28.880 26.786 27.679 27.704 25.777 0.001 0.000 0.000 -0.000 0.000 0.000 0.000 0.000 0.000 
0.000 0.000 0.000 0.000 0.000 25.827 27.258 28.001 27.620 27.161 26.431 27.834 27.982 27.596 27.211 29.589 27.720 27.254 28.317 27.665 24.876 27.676 28.000 27.090 0.000 -0.000 0.000 0.000 -0.000 0.000 0.000 0.000 
0.000 0.000 0.000 0.000 27.442 24.752 26.522 27.519 28.734 27.854 26.513 26.418 28.128 26.071 28.225 27.279 26.951 27.191 27.348 26.957 27.373 27.961 28.216 27.139 5.040 0.000 0.000 0.000 0.000 0.000 0.000 0.000 
0.000 0.000 0.000 0.000 27.894 29.677 26.796 28.634 27.482 28.206 26.501 27.324 28.901 26.845 27.457 26.938 28.262 28.147 26.811 27.401 26.427 26.406 27.402 25.014 0.000 0.000 -0.000 0.000 -0.000 0.000 -0.000 0.000 
0.000 0.000 0.000 -0.000 26.544 26.286 27.211 26.738 25.956 29.565 27.588 26.611 27.886 27.034 25.951 27.273 28.673 27.830 28.606 27.993 27.803 26.391 27.766 26.287 25.609 0.000 0.000 0.000 0.000 -0.000 0.000 0.000 
0.000 0.000 0.000 0.000 27.244 28.512 27.616 28.175 25.255 26.665 26.957 27.496 23.844 23.508 24.360 24.681 26.540 28.280 27.174 27.605 29.052 26.134 27.532 28.360 0.000 0.000 0.000 0.000 -0.000 0.000 -0.000 0.000 
0.000 0.000 0.000 0.000 27.918 27.473 27.130 30.092 27.539 27.201 25.831 25.248 24.380 24.444 24.059 24.192 24.713 26.785 27.001 27.376 26.477 28.270 26.031 28.192 0.000 0.000 -0.000 0.000 0.000 0.000 0.000 0.000 
0.000 0.000 0.000 -0.000 17.359 26.297 28.709 28.144 26.767 26.350 25.614 27.587 23.390 23.301 26.081 25.184 25.034 24.618 23.626 25.996 28.170 27.444 26.710 27.375 0.000 0.000 -0.000 0.000 0.000 0.000 0.000 0.000 
0.000 0.000 0.000 0.000 23.363 28.790 27.754 28.551 26.741 26.019 25.064 26.192 24.754 25.681 24.721 23.597 26.278 24.607 25.164 27.329 28.025 27.068 26.161 25.803 -0.000 0.000 0.000 0.000 0.000 0.000 0.000 0.000 
0.000 0.000 0.000 0.000 -0.000 27.966 27.733 28.226 27.614 30.029 24.416 25.415 25.500 25.993 24.442 25.476 24.205 25.432 25.620 27.794 26.659 27.159 24.475 0.000 -0.000 0.000 0.000 0.000 0.000 0.000 0.000 0.000 
0.000 0.000 0.000 0.000 0.000 0.000 26.623 26.707 28.711 24.774 25.252 24.741 24.143 25.954 24.657 25.300 25.991 25.834 25.231 28.853 27.230 26.721 28.457 0.000 0.000 -0.000 0.000 0.000 0.000 0.000 0.000 0.000 
0.000 0.000 0.000 0.000 0.000 0.000 19.970 28.331 27.260 29.531 24.628 24.213 24.181 24.521 24.558 25.974 25.743 26.078 24.900 27.738 26.900 25.656 0.000 0.000 0.000 0.000 0.000 0.000 0.000 0.000 0.000 0.000 
0.000 0.000 0.000 0.000 0.000 0.000 0.000 25.091 28.866 28.591 24.576 23.984 25.519 25.392 25.640 24.756 26.555 24.174 25.546 28.186 25.395 0.000 -0.000 0.000 0.000 0.000 0.000 0.000 0.000 0.000 0.000 0.000 
0.000 0.000 0.000 0.000 0.000 0.000 0.000 0.000 0.000 23.569 27.339 24.987 25.189 26.177 26.607 24.140 25.144 26.817 25.819 0.000 0.000 0.000 0.000 0.000 0.000 0.000 0.000 0.000 0.000 0.000 0.000 0.000 
0.000 0.000 0.000 0.000 0.000 0.000 0.000 0.000 0.000 0.000 23.185 22.702 22.812 24.259 20.837 21.520 24.173 28.458 24.103 0.000 -0.000 0.000 0.000 0.000 0.000 0.000 0.000 0.000 0.000 0.000 0.000 0.000 
0.000 0.000 0.000 0.000 0.000 0.000 0.000 0.000 0.000 0.000 0.000 0.000 0.000 0.000 0.000 0.000 -0.000 0.000 0.000 -0.000 0.000 0.000 0.000 0.000 0.000 0.000 0.000 0.000 0.000 0.000 0.000 0.000 
0.000 0.000 0.000 0.000 0.000 0.000 0.000 0.000 0.000 0.000 0.000 0.000 0.000 0.000 0.000 0.000 0.000 0.000 0.000 0.000 0.000 0.000 0.000 0.000 0.000 0.000 0.000 0.000 0.000 0.000 0.000 0.000 
0.000 0.000 0.000 0.000 0.000 0.000 0.000 0.000 0.000 0.000 0.000 0.000 0.000 0.000 0.000 0.000 0.000 0.000 0.000 0.000 0.000 0.000 0.000 0.000 0.000 0.000 0.000 0.000 0.000 0.000 0.000 0.000 
0.000 0.000 0.000 0.000 0.000 0.000 0.000 0.000 0.000 0.000 0.000 0.000 0.000 0.000 0.000 0.000 0.000 0.000 0.000 0.000 0.000 0.000 0.000 0.000 0.000 0.000 0.000 0.000 0.000 0.000 0.000 0.000 
0.000 0.000 0.000 0.000 0.000 0.000 0.000 0.000 0.000 0.000 0.000 0.000 0.000 0.000 0.000 0.000 0.000 0.000 0.000 0.000 0.000 0.000 0.000 0.000 0.000 0.000 0.000 0.000 0.000 0.000 0.000 0.000 
