# Vol_scan Display Grid (processed)
# Grid size: 29 x 33
# Format: reflectivity
# Ref point: (-83000.000000, 11000.000000)
# Grid res: 1000.000000 meters
0.000 0.000 0.000 0.000 -0.000 0.000 0.000 0.000 0.000 -0.000 0.000 0.000 0.000 0.000 0.000 0.000 0.000 0.000 0.000 0.000 0.000 0.000 0.000 0.000 0.000 0.000 0.000 0.000 0.000 0.000 0.000 0.000 0.000 
0.000 0.000 0.000 0.000 -0.000 -0.000 -0.000 0.000 0.000 -0.000 -0.000 0.000 0.000 0.000 0.000 0.000 0.000 0.000 0.000 0.000 0.000 0.000 0.000 0.000 0.000 0.000 0.000 0.000 0.000 0.000 0.000 0.000 0.000 
0.000 0.000 -0.000 -0.000 -0.000 0.000 -0.000 -0.000 0.000 0.000 -0.000 0.000 0.000 0.000 0.014 5.241 5.664 0.000 0.000 0.000 0.000 0.000 0.000 0.000 0.000 0.000 0.000 0.000 0.000 0.000 0.000 0.000 0.000 
0.000 0.000 0.000 0.000 0.000 0.000 0.000 -0.000 0.000 10.358 0.053 25.659 25.898 22.395 28.822 28.285 26.940 7.471 6.541 5.739 0.000 0.000 0.000 0.000 0.000 0.000 0.000 0.000 0.000 0.000 0.000 0.000 0.000 
0.000 0.000 0.000 0.000 0.000 0.000 0.000 0.000 0.101 25.974 20.862 28.855 28.191 26.382 28.757 30.949 29.301 28.507 26.027 0.047 0.010 0.000 0.000 0.000 0.000 0.000 0.000 0.000 0.000 0.000 0.000 0.000 0.000 
0.000 0.000 0.000 -0.000 0.000 0.000 0.000 0.000 25.186 28.194 29.533 27.452 28.861 29.080 26.741 26.958 27.837 26.500 28.892 23.055 28.592 0.000 -0.000 0.000 -0.000 0.000 0.000 0.000 0.000 0.000 0.000 0.000 0.000 
0.000 0.000 0.000 0.000 0.000 -0.000 22.931 28.732 27.572 28.400 27.478 28.143 28.523 27.723 29.039 28.634 29.051 29.127 27.458 27.477 27.888 19.505 -0.000 0.000 0.000 0.000 -0.000 0.000 0.000 0.000 0.000 0.000 0.000 
0.000 0.000 0.000 0.000 0.000 -0.000 29.529 29.764 30.249 27.315 27.223 27.641 30.240 28.095 26.767 29.510 28.573 27.964 27.507 26.795 27.549 27.364 0.030 0.000 -0.000 0.000 0.000 0.000 -0.000 0.000 0.000 0.000 0.000 
0.000 0.000 0.000 0.000 0.000 28.018 26.089 27.356 27.949 28.987 27.870 28.452 28.952 27.242 29.723 29.617 28.454 28.393 28.101 26.396 29.836 27.521 29.156 0.000 -0.000 0.000 -0.000 0.000 0.000 0.000 -0.000 0.000 0.000 
0.000 0.000 -0.000 0.000 7.573 28.355 29.227 26.809 29.124 28.026 28.754 26.361 28.615 28.113 28.135 26.955 29.905 27.523 28.920 30.125 26.342 26.686 23.468 20.582 0.000 -0.000 0.000 0.000 -0.000 0.000 0.000 0.000 0.000 
0.000 0.000 -0.000 0.000 24.881 28.713 27.391 27.664 28.229 27.705 27.051 26.786 27.445 27.889 28.605 28.206 27.719 30.972 28.250 27.456 28.480 29.329 28.266 29.243 0.000 0.000 0.000 -0.000 -0.000 0.000 -0.000 0.000 0.000 
0.000 0.000 0.000 23.842 24.264 27.748 28.565 28.240 26.645 27.703 29.081 27.541 28.964 27.842 27.621 27.535 26.624 27.510 28.127 28.584 28.106 27.394 29.628 22.316 0.000 0.000 0.000 0.000 0.000 -0.000 -0.000 0.000 0.000 
0.000 0.000 0.000 16.186 23.815 29.421 29.262 27.456 29.028 27.457 26.311 27.725 28.397 27.457 26.848 30.209 29.632 27.290 27.962 27.852 27.800 27.240 27.380 28.662 -0.000 0.000 0.000 0.000 0.000 0.000 0.000 0.000 0.000 
0.000 -0.000 0.000 0.000 27.694 28.437 26.201 27.160 28.294 26.932 28.028 28.571 27.343 28.064 30.196 26.974 28.337 27.909 28.516 27.830 28.331 26.011 28.962 28.300 0.000 -0.000 -0.000 0.000 0.000 0.000 0.000 0.000 0.000 
0.000 0.000 0.000 0.000 28.164 28.043 29.370 28.072 28.444 27.425 28.805 27.414 27.928 26.805 27.895 29.012 27.375 27.920 27.933 28.251 29.036 26.759 27.647 28.991 0.001 0.000 0.000 0.000 0.000 0.000 0.000 0.000 0.000 
0.000 0.000 0.000 0.000 28.081 28.679 26.346 28.730 27.276 26.902 27.793 28.082 29.695 28.035 27.276 27.065 27.684 26.452 27.615 29.198 28.389 29.760 27.261 27.185 0.000 0.000 0.000 0.000 0.000 0.000 0.000 0.000 0.000 
0.000 0.000 0.000 0.000 26.102 28.940 30.126 30.402 28.392 29.319 26.840 29.418 28.824 26.955 28.629 26.242 27.648 29.365 27.249 26.796 28.803 25.806 28.649 28.070 0.000 0.000 -0.000 0.000 0.000 0.000 0.000 0.000 0.000 
-0.000 -0.000 0.000 0.000 0.000 28.821 27.921 29.197 29.500 28.066 30.394 27.771 29.931 26.611 26.905 28.693 28.132 29.752 26.804 27.280 28.118 28.052 28.891 -0.000 0.000 -0.000 0.000 0.000 0.000 0.000 0.000 0.000 0.000 
-0.000 -0.000 0.000 0.000 -0.000 19.213 28.617 27.009 29.418 28.771 28.355 28.297 26.919 28.928 29.945 27.962 26.730 28.469 28.883 27.541 28.684 30.007 27.601 0.000 0.000 0.000 0.000 0.000 0.000 0.000 0.000 0.000 0.000 
0.000 0.000 0.000 0.000 0.000 23.149 27.071 26.724 28.131 27.250 28.639 27.006 27.792 29.522 27.841 29.492 28.374 27.331 28.064 30.196 27.346 28.593 0.000 0.000 0.000 0.000 0.000 0.000 0.000 0.000 0.000 0.000 0.000 
0.000 0.000 -0.000 -0.000 0.000 0.000 21.883 27.538 28.053 27.731 28.478 29.577 27.159 29.362 27.926 29.416 29.314 28.017 29.382 27.963 24.548 26.145 0.000 0.000 0.000 0.000 0.000 0.000 0.000 0.000 0.000 0.000 0.000 
0.000 0.000 0.000 0.000 0.000 0.000 -0.000 26.529 27.817 28.888 28.726 27.830 27.852 27.016 29.086 28.969 28.945 28.667 25.207 29.608 17.750 -0.000 0.000 0.000 0.000 0.000 0.000 0.000 0.000 0.000 0.000 0.000 0.000 
0.000 0.000 0.000 0.000 0.000 0.000 0.000 0.000 0.000 24.635 26.391 27.596 29.425 28.870 28.263 26.692 29.225 27.373 24.693 0.000 0.000 0.000 0.000 -0.000 0.000 0.000 0.000 0.000 0.000 0.000 0.000 0.000 0.000 
0.000 0.000 0.000 0.000 0.000 0.000 0.000 0.000 0.000 0.000 0.000 0.000 27.523 25.110 24.043 24.836 -0.000 -0.000 -0.000 -0.000 0.000 0.000 0.000 0.000 0.000 0.000 0.000 0.000 0.000 0.000 0.000 0.000 0.000 
0.000 0.000 0.000 0.000 0.000 0.000 0.000 0.000 0.000 0.000 0.000 0.000 0.000 0.000 0.000 -0.000 0.000 0.000 0.000 -0.000 -0.000 -0.000 0.000 0.000 0.000 0.000 0.000 0.000 0.000 0.000 0.000 0.000 0.000 
0.000 0.000 0.000 0.000 0.000 0.000 0.000 0.000 0.000 0.000 0.000 0.000 0.000 0.000 0.000 0.000 0.000 -0.000 0.000 0.000 -0.000 -0.000 -0.000 0.000 0.000 0.000 0.000 0.000 0.000 0.000 0.000 0.000 0.000 
0.000 0.000 0.000 0.000 0.000 0.000 0.000 0.000 0.000 0.000 0.000 0.000 0.000 0.000 0.000 0.000 0.000 0.000 0.000 -0.000 0.000 0.000 0.000 0.000 0.000 0.000 0.000 0.000 0.000 0.000 0.000 0.000 0.000 
0.000 0.000 0.000 0.000 0.000 0.000 0.000 0.000 0.000 0.000 0.000 0.000 0.000 0.000 0.000 0.000 0.000 0.000 0.000 0.000 0.000 -0.000 0.000 0.000 0.000 0.000 0.000 0.000 0.000 0.000 0.000 0.000 0.000 
0.000 0.000 0.000 0.000 0.000 0.000 0.000 0.000 0.000 0.000 0.000 0.000 0.000 0.000 0.000 0.000 0.000 0.000 0.000 0.000 0.000 0.000 0.000 0.000 0.000 0.000 0.000 0.000 0.000 0.000 0.000 0.000 0.000 
