# Vol_scan Display Grid (processed)
# Grid size: 28 x 26
# Format: reflectivity
# Ref point: (-49000.000000, 13000.000000)
# Grid res: 1000.000000 meters
0.000 0.000 0.000 0.000 0.000 0.000 0.000 -0.000 -0.000 0.000 7.848 11.490 3.274 -0.000 0.000 -0.000 0.000 0.000 0.000 0.000 0.000 0.000 0.000 0.000 0.000 0.000 
0.000 -0.000 -0.000 0.000 0.000 0.000 -0.000 0.000 0.452 25.720 28.068 26.622 26.768 28.192 21.604 23.301 0.000 -0.000 0.000 0.000 0.000 0.000 0.000 0.000 0.000 0.000 
0.000 0.000 0.000 0.000 0.000 0.000 5.093 21.393 25.188 27.721 28.511 27.675 26.256 29.722 27.645 27.516 30.775 21.636 -0.000 -0.000 0.000 0.000 0.000 0.000 0.000 0.000 
0.000 0.000 -0.000 0.000 0.000 21.661 26.183 26.553 30.082 28.630 27.833 28.524 26.976 28.167 28.645 28.644 27.694 28.919 24.892 -0.000 -0.000 0.000 0.000 0.000 0.000 0.000 
-0.000 -0.000 0.000 0.000 2.947 25.968 30.031 28.169 28.102 27.719 28.082 27.326 27.561 29.428 28.640 28.636 28.342 28.477 28.939 29.147 -0.000 0.000 0.000 0.000 0.000 0.000 
0.000 0.000 0.000 8.923 27.074 28.142 28.184 28.770 27.280 27.876 28.241 28.265 28.013 27.829 26.229 28.383 27.027 31.498 29.698 27.934 28.290 0.000 0.000 0.000 0.000 0.000 
0.000 0.000 0.001 10.740 26.692 28.016 29.126 27.821 27.003 29.368 28.579 27.479 27.295 28.785 27.456 27.735 27.919 26.318 28.534 27.636 28.151 25.371 0.000 0.000 0.000 0.000 
0.000 0.000 0.003 27.470 26.892 29.921 27.479 27.447 26.929 27.009 26.960 26.917 27.425 27.979 28.361 27.757 28.215 28.138 28.741 28.010 27.712 27.242 0.000 0.000 0.000 0.000 
0.000 0.000 2.948 28.309 27.814 27.859 28.063 27.045 28.690 29.358 26.394 28.128 25.956 27.864 29.841 26.440 26.594 27.703 27.466 27.425 27.282 29.101 -0.000 0.000 0.000 0.000 
0.025 0.000 6.177 29.251 29.619 28.254 30.278 29.610 27.953 27.574 26.576 28.050 26.942 28.631 27.228 28.720 27.276 27.307 25.728 30.430 28.478 26.457 24.088 0.000 0.000 0.000 
0.020 0.001 21.620 26.790 28.540 26.523 28.348 28.151 28.462 27.040 28.287 26.141 27.367 27.405 26.694 25.687 28.703 29.657 26.758 29.131 27.388 28.571 24.233 -0.000 0.000 0.000 
0.090 0.054 9.726 28.792 27.951 27.869 28.910 28.739 27.971 27.598 27.308 30.087 29.342 26.630 27.569 28.238 26.317 26.144 28.080 27.388 27.633 28.346 26.100 -0.000 0.000 0.000 
5.210 5.694 10.447 27.326 26.690 28.121 27.478 27.206 28.976 28.167 29.464 29.096 28.476 29.276 29.715 29.738 26.521 28.478 29.890 27.229 27.404 27.878 28.584 0.000 0.000 0.000 
4.290 6.725 0.147 28.803 27.760 28.683 28.837 30.308 30.617 30.935 30.097 28.066 29.531 29.700 30.680 29.712 29.758 27.253 29.841 29.985 28.434 28.656 0.000 0.000 0.000 0.000 
0.000 4.170 14.102 28.018 27.544 26.939 28.881 29.658 29.829 29.427 29.943 29.576 29.435 29.374 28.795 29.481 29.227 28.058 30.070 27.448 29.338 26.802 0.000 0.000 0.000 0.000 
0.000 6.490 5.930 26.684 25.634 28.013 28.379 27.828 30.848 29.611 30.080 29.738 29.128 28.499 28.587 28.117 31.089 29.550 27.603 29.481 25.723 26.893 0.000 0.000 0.000 0.000 
0.000 4.320 7.260 7.494 26.587 28.666 27.907 30.134 29.910 29.810 29.677 30.304 29.830 29.717 29.536 28.917 28.314 29.317 27.273 27.526 29.962 0.000 0.000 0.000 0.000 0.000 
0.000 0.000 6.540 5.614 29.397 27.577 28.012 28.845 30.339 30.570 30.843 28.353 29.830 29.522 28.207 29.211 29.169 28.004 28.443 27.473 24.629 0.000 0.000 0.000 0.000 0.000 
0.000 0.000 0.000 7.830 0.011 24.556 28.545 26.868 29.747 29.371 31.442 29.583 28.574 29.838 29.640 28.682 29.233 30.298 26.292 23.972 0.000 0.000 0.000 0.000 0.000 0.000 
0.000 0.000 0.000 5.580 0.052 0.005 23.309 28.861 28.730 30.245 29.458 31.216 28.419 30.427 28.405 30.151 28.544 30.001 25.152 0.000 0.000 0.000 0.000 0.000 0.000 0.000 
0.000 0.000 0.000 0.000 0.000 0.090 0.000 0.058 25.151 25.561 31.182 29.359 31.535 33.419 28.604 27.213 24.405 0.000 0.000 0.000 0.000 0.000 0.000 0.000 0.000 0.000 
0.000 0.000 0.000 0.000 0.000 0.000 0.000 0.000 0.000 0.001 0.000 21.034 21.064 22.070 19.154 0.000 0.000 0.000 0.000 0.000 0.000 0.000 0.000 0.000 0.000 0.000 
0.000 0.000 0.000 0.000 0.000 0.000 0.000 0.000 0.000 0.000 0.000 0.000 0.000 0.000 0.000 0.000 0.000 0.000 0.000 0.000 0.000 0.000 0.000 0.000 0.000 0.000 
0.000 0.000 0.000 0.000 0.000 0.000 0.000 0.000 0.000 -0.000 0.000 0.000 -0.000 -0.000 0.000 0.000 0.000 0.000 0.000 0.000 0.000 0.000 0.000 0.000 0.000 0.000 
0.000 0.000 0.000 0.000 0.000 0.000 0.000 0.000 0.000 0.000 -0.000 -0.000 0.000 -0.000 -0.000 0.000 0.000 0.000 0.000 0.000 0.000 0.000 0.000 0.000 0.000 0.000 
0.000 0.000 0.000 0.000 0.000 0.000 0.000 0.000 0.000 0.000 0.000 -0.000 0.000 0.000 0.000 0.000 0.000 0.000 0.000 0.000 0.000 0.000 0.000 0.000 0.000 0.000 
0.000 0.000 0.000 0.000 0.000 0.000 0.000 0.000 0.000 0.000 0.000 0.000 0.000 0.000 0.000 0.000 0.000 0.000 0.000 0.000 0.000 0.000 0.000 0.000 0.000 0.000 
0.000 0.000 0.000 0.000 0.000 0.000 0.000 0.000 0.000 0.000 0.000 0.000 0.000 0.000 0.000 0.000 0.000 0.000 0.000 0.000 0.000 0.000 0.000 0.000 0.000 0.000 
