# Vol_scan Display Grid (processed)
# Grid size: 29 x 27
# Format: reflectivity
# Ref point: (-51000.000000, 13000.000000)
# Grid res: 1000.000000 meters
0.000 -0.000 0.000 0.000 -0.000 0.000 0.000 0.000 0.000 0.000 0.000 0.000 0.000 0.000 0.000 0.000 0.000 0.000 0.000 0.000 0.000 0.000 0.000 0.000 0.000 0.000 0.000 
0.000 -0.000 -0.000 0.000 -0.000 0.000 0.000 -0.000 -0.000 -0.000 -0.000 0.000 0.000 -0.000 0.000 -0.000 0.000 0.000 0.000 -0.000 -0.000 0.000 0.000 0.000 0.000 0.000 0.000 
0.000 -0.000 -0.000 0.000 0.000 0.000 -0.000 0.000 9.593 25.095 28.566 27.047 27.787 29.596 27.478 23.962 17.285 -0.000 0.000 -0.000 -0.000 0.000 0.000 0.000 0.000 0.000 0.000 
0.000 -0.000 -0.000 0.000 0.000 0.000 3.398 24.385 27.080 28.515 27.584 27.860 28.499 27.326 29.577 27.549 28.254 25.595 22.615 -0.000 0.000 0.000 0.000 0.000 0.000 0.000 0.000 
0.000 0.000 0.000 0.000 0.053 23.253 27.805 29.358 27.808 27.139 27.102 26.103 26.670 28.200 26.814 27.727 28.118 29.746 29.477 20.208 -0.000 0.000 0.000 0.000 0.000 0.000 0.000 
0.000 0.000 0.000 0.000 2.015 28.767 27.562 26.814 27.220 29.263 27.779 28.230 26.828 26.855 28.562 28.439 28.052 28.582 26.611 26.453 16.837 0.000 0.000 0.000 0.000 0.000 0.000 
0.000 0.000 0.000 10.612 28.431 27.691 27.652 26.871 27.875 26.484 27.140 30.797 28.190 28.448 27.412 27.414 27.720 27.700 27.620 26.459 28.045 0.000 0.000 0.000 0.000 0.000 0.000 
0.000 0.000 0.000 25.252 28.092 29.420 29.325 25.940 28.268 28.558 26.533 29.017 26.899 27.075 27.882 27.586 25.978 26.974 29.265 27.218 26.492 26.134 0.000 0.000 0.000 0.000 0.000 
0.000 0.000 0.004 27.501 26.636 29.454 30.859 27.083 26.493 27.973 26.833 28.399 28.717 27.574 27.062 26.409 28.479 29.146 27.118 28.330 28.930 28.860 0.000 0.000 0.000 0.000 0.000 
0.000 0.000 0.003 27.936 26.805 28.143 27.699 29.066 29.029 27.687 27.870 27.544 26.304 28.734 26.714 28.145 27.604 29.253 27.668 27.577 27.113 28.026 -0.000 0.000 0.000 0.000 0.000 
0.000 0.001 12.015 28.770 29.370 27.573 28.472 26.299 28.636 27.486 28.534 27.756 27.292 28.947 28.557 28.092 27.872 27.463 28.476 28.014 27.757 28.706 0.000 0.000 0.000 0.000 0.000 
0.000 0.034 7.806 26.405 27.549 27.993 28.857 27.983 26.529 26.732 28.527 29.330 27.588 27.785 28.926 28.804 27.531 25.991 28.452 29.053 27.126 27.448 25.748 -0.000 0.000 0.000 0.000 
0.000 0.035 23.052 29.015 28.123 27.812 29.058 28.059 27.791 27.215 29.195 26.205 27.250 25.827 27.951 26.822 26.427 28.060 26.832 27.608 27.749 27.660 21.848 -0.000 -0.000 0.000 0.000 
0.000 6.604 3.068 28.154 28.536 27.553 27.035 28.223 28.391 27.058 28.252 25.923 26.584 27.830 27.393 27.709 26.757 28.729 27.469 27.573 28.292 27.244 20.549 -0.000 0.000 0.000 0.000 
0.000 0.050 20.093 27.895 27.931 27.206 26.632 29.083 26.920 26.876 26.836 28.120 24.330 28.018 27.912 26.929 27.452 27.076 27.435 28.467 28.916 27.164 -0.000 0.000 0.000 0.000 0.000 
0.000 4.070 15.416 29.075 27.662 26.346 28.723 26.592 27.579 28.521 28.530 25.665 26.608 28.714 27.386 25.812 28.501 26.741 28.405 29.247 27.936 26.885 -0.000 -0.000 0.000 0.000 0.000 
0.000 6.260 3.288 27.842 26.685 29.569 27.745 28.483 25.188 27.259 27.737 27.237 26.347 26.973 26.566 28.193 27.005 26.387 27.410 27.315 27.243 22.008 0.000 0.000 0.000 0.000 0.000 
0.000 8.250 8.110 10.360 27.478 28.079 27.962 29.849 28.553 28.001 28.591 27.435 26.835 26.748 26.730 25.451 27.056 26.290 27.179 29.109 25.493 0.000 0.000 0.000 0.000 0.000 0.000 
0.000 0.000 4.380 5.376 0.265 26.042 27.779 27.740 26.309 27.521 27.235 25.828 25.370 26.983 28.353 25.856 27.181 27.655 29.887 28.058 27.381 0.000 0.000 0.000 0.000 0.000 0.000 
0.000 0.000 0.000 5.130 0.037 0.122 26.493 27.409 26.600 28.033 26.849 28.063 27.103 25.264 26.003 26.378 28.779 27.562 27.023 28.564 0.000 0.000 0.000 0.000 0.000 0.000 0.000 
0.000 0.000 0.000 0.000 0.049 0.002 0.108 23.917 27.162 26.761 26.401 27.018 26.972 25.736 27.427 26.672 28.331 23.705 28.527 0.000 0.000 0.000 0.000 0.000 0.000 0.000 0.000 
0.000 0.000 0.000 0.000 0.000 0.049 0.000 0.000 19.086 24.141 22.848 28.367 26.068 27.347 22.490 23.806 20.542 0.000 0.000 0.000 0.000 0.000 0.000 0.000 0.000 0.000 0.000 
0.000 0.000 0.000 0.000 0.000 0.000 0.000 0.000 0.000 0.001 0.016 15.310 0.000 0.000 0.000 -0.000 0.000 0.000 0.000 0.000 0.000 0.000 0.000 0.000 0.000 0.000 0.000 
0.000 0.000 0.000 0.000 0.000 0.000 0.000 0.000 0.000 0.000 0.000 0.000 0.000 -0.000 0.000 -0.000 0.000 0.000 0.000 0.000 0.000 0.000 0.000 0.000 0.000 0.000 0.000 
0.000 0.000 0.000 0.000 0.000 0.000 0.000 0.000 -0.000 0.000 -0.000 0.000 -0.000 0.000 0.000 0.000 0.000 0.000 0.000 0.000 0.000 0.000 0.000 0.000 0.000 0.000 0.000 
0.000 0.000 0.000 0.000 0.000 0.000 0.000 -0.000 0.000 -0.000 0.000 0.000 0.000 0.000 0.000 0.000 0.000 0.000 0.000 0.000 0.000 0.000 0.000 0.000 0.000 0.000 0.000 
0.000 0.000 0.000 0.000 0.000 0.000 0.000 0.000 0.000 -0.000 -0.000 -0.000 0.000 0.000 0.000 0.000 0.000 0.000 0.000 0.000 0.000 0.000 0.000 0.000 0.000 0.000 0.000 
0.000 0.000 0.000 0.000 0.000 0.000 0.000 0.000 0.000 0.000 0.000 0.000 0.000 0.000 0.000 0.000 0.000 0.000 0.000 0.000 0.000 0.000 0.000 0.000 0.000 0.000 0.000 
0.000 0.000 0.000 0.000 0.000 0.000 0.000 0.000 0.000 0.000 0.000 0.000 0.000 0.000 0.000 0.000 0.000 0.000 0.000 0.000 0.000 0.000 0.000 0.000 0.000 0.000 0.000 
