# Vol_scan Display Grid (processed)
# Grid size: 31 x 31
# Format: reflectivity
# Ref point: (-52000.000000, 12000.000000)
# Grid res: 1000.000000 meters
0.000 0.000 0.000 0.000 0.000 0.000 0.000 0.000 0.000 0.000 0.000 0.000 0.000 0.000 0.000 0.000 0.000 0.000 0.000 0.000 0.000 0.000 0.000 0.000 0.000 0.000 0.000 0.000 0.000 0.000 0.000 
0.000 0.000 0.000 0.000 0.000 0.000 0.000 0.000 0.000 0.000 0.000 0.000 0.000 0.000 0.000 0.000 0.000 0.000 0.000 0.000 0.000 0.000 0.000 0.000 0.000 0.000 0.000 0.000 0.000 0.000 0.000 
0.000 0.000 0.000 0.000 0.000 0.000 0.000 -0.000 0.000 0.000 0.000 0.000 -0.000 0.000 0.000 0.000 0.000 0.000 0.000 0.000 0.000 0.000 0.000 0.000 0.000 0.000 0.000 0.000 0.000 0.000 0.000 
0.000 0.000 0.000 0.000 0.000 -0.000 0.000 0.000 0.000 0.000 0.000 0.000 0.000 0.000 0.000 0.021 5.865 0.000 0.000 0.000 0.000 0.000 0.000 0.000 0.000 0.000 0.000 0.000 0.000 0.000 0.000 
0.000 0.000 0.000 0.000 0.000 0.000 0.000 0.000 0.000 0.000 0.003 14.878 14.458 22.411 17.943 10.320 0.054 6.036 4.579 0.000 0.000 0.000 0.000 0.000 0.000 0.000 0.000 0.000 0.000 0.000 0.000 
0.000 0.000 0.000 0.000 0.000 0.000 0.000 0.004 23.766 25.113 28.408 27.135 27.434 28.749 28.242 24.932 23.654 27.074 5.467 5.904 6.220 0.000 0.000 0.000 0.000 0.000 0.000 0.000 0.000 0.000 0.000 
0.000 0.000 0.000 0.000 0.000 -0.000 0.005 22.864 27.038 27.545 28.568 25.429 29.215 25.950 28.444 27.722 25.952 26.159 25.534 31.908 6.851 5.307 0.000 0.000 0.000 0.000 0.000 0.000 0.000 0.000 0.000 
0.000 0.000 0.000 0.000 0.000 0.000 23.073 27.543 26.951 27.556 27.691 27.073 27.685 27.302 26.754 29.053 28.488 28.122 27.352 27.971 22.154 0.027 0.075 0.000 0.000 0.000 0.000 0.000 0.000 0.000 0.000 
0.000 0.000 0.000 0.000 -0.000 27.739 28.007 29.333 27.513 28.943 27.081 27.988 26.755 27.318 29.333 28.838 28.648 27.596 27.171 25.901 27.193 2.494 0.003 0.000 0.000 0.000 0.000 0.000 0.000 0.000 0.000 
0.000 0.000 0.000 0.000 21.108 28.954 28.652 26.973 27.391 26.004 28.832 27.621 27.251 27.701 29.750 28.353 27.911 27.508 26.543 26.063 28.246 27.189 0.000 0.000 0.000 0.000 0.000 0.000 0.000 0.000 0.000 
0.000 0.000 0.000 0.000 25.570 28.344 27.825 27.535 27.422 26.533 27.731 27.662 27.604 28.231 26.504 27.403 27.661 27.315 27.821 27.597 27.550 27.376 20.611 0.000 -0.000 0.000 0.000 0.000 0.000 0.000 0.000 
0.000 0.000 0.000 25.386 28.255 27.411 27.257 27.821 28.048 26.157 28.462 28.486 28.144 27.080 26.750 27.854 27.071 27.340 26.365 26.676 29.166 28.233 26.806 0.000 0.000 0.000 0.000 0.000 0.000 0.000 0.000 
0.000 0.000 0.000 25.843 28.641 26.739 28.378 27.766 27.009 28.011 26.536 27.787 26.574 28.243 27.385 26.774 27.982 27.784 25.985 29.114 27.660 28.739 26.000 0.001 0.000 0.000 0.000 0.000 0.000 0.000 0.000 
0.000 0.000 -0.000 28.686 29.142 27.934 28.251 27.342 28.520 27.728 28.110 27.005 26.946 27.457 27.686 27.145 26.776 27.034 27.991 26.264 27.910 27.620 27.794 14.819 0.000 0.000 0.000 0.000 0.000 0.000 0.000 
0.000 0.000 -0.000 28.563 26.376 26.990 27.687 27.543 27.762 27.321 28.405 29.429 29.608 29.974 27.230 27.193 27.942 27.651 27.492 26.560 27.107 27.285 27.601 6.241 -0.000 0.000 -0.000 0.000 0.000 0.000 0.000 
0.000 0.000 0.000 27.462 27.969 27.988 27.605 26.558 26.263 28.576 28.191 32.044 33.764 32.745 35.367 32.083 28.298 27.536 27.332 27.979 27.104 28.209 27.315 0.001 0.000 0.000 0.000 0.000 0.000 0.000 0.000 
0.000 0.000 -0.000 28.070 27.602 26.121 29.480 27.674 28.331 30.645 33.750 33.897 33.490 34.142 31.960 32.958 32.731 31.859 27.467 26.446 28.526 27.576 27.903 0.000 0.000 0.000 0.000 0.000 0.000 0.000 0.000 
0.000 0.000 0.000 26.073 26.526 27.644 27.730 27.005 28.626 33.528 35.898 33.045 34.295 33.702 36.221 33.767 34.786 33.810 28.123 27.028 27.658 26.484 27.698 0.000 0.000 0.000 0.000 0.000 0.000 0.000 0.000 
0.000 -0.000 -0.000 0.000 26.695 26.514 28.791 26.303 29.735 34.691 33.383 33.439 33.984 32.489 33.622 34.133 34.589 33.077 28.694 27.493 28.340 26.504 0.000 0.000 0.000 0.000 0.000 0.000 0.000 0.000 0.000 
0.000 0.000 0.000 0.000 23.709 28.959 27.699 29.882 33.696 35.113 33.313 34.543 33.112 35.036 34.893 33.840 33.228 33.778 27.950 28.379 27.186 23.034 23.744 0.000 0.000 0.000 0.000 0.000 0.000 0.000 0.000 
0.000 0.000 0.000 0.000 0.000 26.345 27.678 27.492 32.610 33.806 33.167 33.913 33.550 34.463 34.034 32.875 33.872 35.673 30.748 27.174 27.734 27.525 0.000 -0.000 0.000 0.000 0.000 0.000 0.000 0.000 0.000 
0.000 0.000 0.000 0.000 0.000 15.420 28.664 27.511 28.056 32.819 33.003 33.727 32.316 33.145 33.974 32.716 32.800 33.549 28.372 26.449 29.217 0.000 -0.000 0.000 0.000 0.000 0.000 0.000 0.000 0.000 0.000 
0.000 0.000 0.000 0.000 0.000 0.000 0.000 29.106 26.311 32.655 31.910 34.400 32.426 32.958 33.836 34.772 32.150 28.079 28.925 29.309 19.891 0.000 0.000 0.000 0.000 0.000 0.000 0.000 0.000 0.000 0.000 
0.000 0.000 0.000 0.000 0.000 0.000 0.000 0.000 24.785 30.744 32.650 33.627 33.330 31.923 33.955 31.729 34.339 25.793 24.113 18.003 -0.000 0.000 0.000 0.000 0.000 0.000 0.000 0.000 0.000 0.000 0.000 
0.000 0.000 0.000 0.000 0.000 0.000 0.000 0.000 0.000 23.995 23.957 29.672 31.163 31.762 29.435 30.561 0.000 -0.000 0.000 -0.000 0.000 0.000 0.000 0.000 0.000 0.000 0.000 0.000 0.000 0.000 0.000 
0.000 0.000 0.000 0.000 0.000 0.000 0.000 0.000 0.000 0.000 0.000 0.000 0.000 -0.000 0.000 0.000 0.000 0.000 0.000 -0.000 0.000 0.000 0.000 0.000 0.000 0.000 0.000 0.000 0.000 0.000 0.000 
0.000 0.000 0.000 0.000 0.000 0.000 0.000 0.000 0.000 0.000 0.000 0.000 0.000 0.000 -0.000 0.000 0.000 0.000 0.000 0.000 0.000 0.000 0.000 0.000 0.000 0.000 0.000 0.000 0.000 0.000 0.000 
0.000 0.000 0.000 0.000 0.000 0.000 0.000 0.000 0.000 0.000 0.000 0.000 0.000 0.000 0.000 -0.000 0.000 0.000 0.000 0.000 0.000 0.000 0.000 0.000 0.000 0.000 0.000 0.000 0.000 0.000 0.000 
0.000 0.000 0.000 0.000 0.000 0.000 0.000 0.000 0.000 0.000 0.000 0.000 0.000 0.000 0.000 0.000 0.000 0.000 0.000 0.000 0.000 0.000 0.000 0.000 0.000 0.000 0.000 0.000 0.000 0.000 0.000 
0.000 0.000 0.000 0.000 0.000 0.000 0.000 0.000 0.000 0.000 0.000 0.000 0.000 0.000 0.000 0.000 0.000 0.000 0.000 0.000 0.000 0.000 0.000 0.000 0.000 0.000 0.000 0.000 0.000 0.000 0.000 
0.000 0.000 0.000 0.000 0.000 0.000 0.000 0.000 0.000 0.000 0.000 0.000 0.000 0.000 0.000 0.000 0.000 0.000 0.000 0.000 0.000 0.000 0.000 0.000 0.000 0.000 0.000 0.000 0.000 0.000 0.000 
