# Vol_scan Display Grid (processed)
# Grid size: 31 x 23
# Format: reflectivity
# Ref point: (-67000.000000, 15000.000000)
# Grid res: 1000.000000 meters
0.000 0.000 0.000 0.000 0.000 0.000 0.000 0.000 0.000 0.000 0.000 0.000 0.000 0.000 0.000 0.000 0.000 0.000 0.000 0.000 0.000 0.000 0.000 
0.000 0.000 0.000 0.000 0.000 0.000 0.000 0.000 0.000 0.000 0.000 0.000 0.000 0.000 0.000 0.000 0.000 0.000 0.000 0.000 0.000 0.000 0.000 
0.000 0.000 0.000 0.000 0.000 0.000 -0.000 -0.000 0.000 0.000 0.000 0.000 0.000 0.000 0.000 0.000 0.000 0.000 0.000 0.000 0.000 0.000 0.000 
0.000 -0.000 0.000 0.000 0.000 0.000 -0.000 0.000 0.000 0.000 0.000 0.000 0.000 0.000 0.000 0.000 0.000 0.000 0.000 0.000 0.000 0.000 0.000 
0.000 -0.000 0.000 0.000 0.000 0.000 -0.000 0.000 0.000 -0.000 -0.000 0.000 0.000 0.000 0.000 0.000 0.000 0.000 0.000 0.000 0.000 0.000 0.000 
0.000 0.000 -0.000 0.000 0.000 0.000 0.000 0.135 10.375 19.845 21.187 16.020 14.417 0.000 0.000 0.000 0.000 0.000 0.000 0.000 0.000 0.000 0.000 
0.000 0.001 0.000 0.000 0.036 0.055 22.343 27.574 25.514 27.623 27.432 27.350 26.658 23.393 25.304 0.000 0.000 0.000 0.000 0.000 0.000 0.000 0.000 
0.000 0.000 0.000 0.002 22.796 24.223 27.801 29.372 29.744 27.901 27.601 27.985 26.715 27.443 27.765 25.391 26.672 0.000 0.000 0.000 0.000 0.000 0.000 
0.000 0.000 0.003 23.136 29.151 28.294 26.724 27.237 29.087 27.787 28.519 28.123 28.637 28.177 29.426 28.538 29.150 26.590 0.000 0.000 0.000 0.000 0.000 
8.470 0.003 24.707 27.472 27.913 27.239 27.733 27.564 27.100 28.567 26.906 28.824 27.219 25.753 27.883 28.499 28.653 28.995 -0.000 -0.000 -0.000 0.000 0.000 
5.260 5.627 27.364 26.791 29.425 28.671 27.028 27.343 28.073 27.696 27.293 27.711 28.969 27.182 29.530 27.514 28.032 28.312 25.814 0.000 0.000 -0.000 0.000 
4.310 26.282 28.931 27.565 27.185 28.151 29.040 28.001 27.625 28.877 27.973 28.175 28.984 27.976 28.152 28.951 27.125 28.640 28.288 21.168 -0.000 -0.000 0.000 
0.002 28.648 26.393 28.590 28.841 28.431 26.535 26.590 26.442 28.039 29.083 27.801 28.421 26.719 27.543 28.361 28.334 27.717 28.110 26.440 0.000 0.000 0.000 
17.624 27.870 27.221 27.772 28.780 27.525 28.477 26.637 28.196 28.227 28.633 28.675 28.984 26.704 27.692 28.394 28.862 28.774 27.346 30.360 0.000 0.000 0.000 
24.956 28.742 27.456 29.900 29.787 27.900 27.070 28.759 30.064 29.092 26.349 30.422 28.297 27.414 26.837 26.646 28.401 26.028 28.053 28.456 -0.000 0.000 0.000 
28.004 28.790 28.426 25.573 28.664 28.510 27.804 27.998 27.468 29.491 29.440 28.405 30.818 27.264 27.980 28.201 27.427 29.319 27.410 26.740 0.000 0.000 0.000 
27.909 27.998 29.394 27.287 26.128 27.336 28.280 28.867 26.290 27.308 26.519 27.203 28.941 29.107 27.839 29.059 26.100 26.901 26.743 28.821 0.000 0.000 0.000 
15.826 28.603 27.219 27.456 28.486 26.728 27.577 26.522 26.418 24.547 24.739 24.667 25.862 25.975 28.445 29.467 27.962 27.941 28.461 28.333 0.000 0.000 0.000 
0.000 27.903 28.974 27.198 26.084 27.801 25.501 24.111 23.496 23.719 24.729 25.273 25.387 25.343 25.469 27.884 27.418 28.095 28.574 26.957 0.000 0.000 0.000 
0.000 29.230 27.302 28.258 28.543 28.179 24.598 24.405 26.924 26.084 24.987 26.540 24.751 25.290 26.502 26.870 28.407 27.880 28.367 26.030 0.000 0.000 0.000 
0.000 24.943 27.790 27.026 30.840 26.739 26.786 24.528 25.270 25.444 24.675 25.183 24.820 24.521 24.758 28.130 28.486 27.989 27.073 20.266 -0.000 0.000 0.000 
0.000 0.490 28.321 30.240 26.430 26.685 25.370 25.365 25.812 25.664 25.373 26.970 26.274 25.470 25.241 27.772 27.744 25.886 23.540 0.000 0.000 0.000 0.000 
0.000 0.000 19.496 29.542 26.888 26.505 26.268 24.750 25.217 26.410 25.604 25.221 24.094 26.199 25.732 28.869 27.008 27.051 0.000 0.000 -0.000 0.000 0.000 
0.000 0.000 0.000 26.017 27.980 27.582 27.704 24.363 24.895 24.100 25.918 25.486 26.135 26.122 25.671 27.375 25.887 -0.000 0.000 -0.000 0.000 0.000 0.000 
0.000 0.000 0.000 0.000 21.050 23.682 27.984 25.098 25.041 25.053 24.035 24.027 27.314 25.246 27.608 28.940 0.000 0.000 0.000 0.000 0.000 0.000 0.000 
0.000 0.000 -0.000 0.000 0.000 0.000 18.755 25.293 23.357 20.579 25.635 24.629 25.490 25.752 27.301 0.000 0.000 0.000 0.000 0.000 0.000 0.000 0.000 
0.000 -0.000 0.000 0.000 -0.000 0.000 -0.000 0.000 0.000 0.000 18.432 0.000 0.000 0.000 0.000 0.000 0.000 0.000 0.000 0.000 0.000 0.000 0.000 
0.000 0.000 0.000 0.000 -0.000 0.000 0.000 0.000 0.000 0.000 0.000 0.000 0.000 0.000 0.000 0.000 0.000 0.000 0.000 0.000 0.000 0.000 0.000 
0.000 0.000 -0.000 -0.000 0.000 0.000 0.000 0.000 0.000 0.000 0.000 0.000 0.000 0.000 0.000 0.000 0.000 0.000 0.000 0.000 0.000 0.000 0.000 
0.000 0.000 0.000 0.000 0.000 0.000 0.000 0.000 0.000 0.000 0.000 0.000 0.000 0.000 0.000 0.000 0.000 0.000 0.000 0.000 0.000 0.000 0.000 
0.000 0.000 0.000 0.000 0.000 0.000 0.000 0.000 0.000 0.000 0.000 0.000 0.000 0.000 0.000 0.000 0.000 0.000 0.000 0.000 0.000 0.000 0.000 
