# Vol_scan Display Grid (processed)
# Grid size: 29 x 34
# Format: reflectivity
# Ref point: (-91000.000000, 10000.000000)
# Grid res: 1000.000000 meters
0.000 0.000 0.000 0.000 0.000 0.000 -0.000 0.000 0.000 0.000 0.000 0.000 0.000 0.000 0.000 0.000 0.000 0.000 0.000 0.000 0.000 0.000 0.000 0.000 0.000 0.000 0.000 0.000 0.000 0.000 0.000 0.000 0.000 0.000 
0.000 0.000 0.000 0.000 -0.000 -0.000 -0.000 0.000 0.000 0.000 0.000 0.000 0.000 0.005 0.000 2.991 5.790 0.000 0.000 0.000 0.000 0.000 0.000 0.000 0.000 0.000 0.000 0.000 0.000 0.000 0.000 0.000 0.000 0.000 
0.000 0.000 0.000 0.000 0.000 0.000 0.000 0.000 0.000 -0.000 -0.000 0.000 0.000 0.005 24.700 0.006 5.293 5.720 6.500 0.000 0.000 0.000 0.000 0.000 0.000 0.000 0.000 0.000 0.000 0.000 0.000 0.000 0.000 0.000 
0.000 0.000 0.000 0.000 0.000 -0.000 -0.000 0.000 0.000 0.003 0.003 26.396 29.315 23.286 29.884 26.691 27.178 29.356 32.428 7.639 0.005 0.000 0.000 0.000 0.000 0.000 0.000 0.000 0.000 0.000 0.000 0.000 0.000 0.000 
0.000 0.000 0.000 0.000 0.000 -0.000 -0.000 0.000 0.000 24.710 25.400 30.509 29.828 29.729 29.910 29.926 28.529 27.063 29.070 29.983 0.006 0.000 0.000 0.000 0.000 0.000 0.000 0.000 0.000 0.000 0.000 0.000 0.000 0.000 
0.000 0.000 0.000 0.000 -0.000 0.000 -0.000 24.975 24.466 29.507 27.531 27.768 28.130 27.695 28.098 29.378 29.010 29.540 28.609 27.534 27.738 22.381 0.000 0.000 0.000 0.000 0.000 0.000 0.000 0.000 0.000 0.000 0.000 0.000 
0.000 0.000 0.000 0.000 -0.000 0.000 0.000 27.901 27.352 27.701 29.880 29.268 27.901 28.767 27.527 29.662 27.906 29.047 28.167 28.812 27.975 29.617 24.078 0.000 0.000 0.000 0.000 0.000 0.000 0.000 0.000 0.000 0.000 0.000 
0.000 0.000 0.000 0.000 0.000 0.004 0.000 29.467 28.893 29.577 29.167 29.221 30.059 29.809 30.016 29.636 28.390 29.585 28.578 30.502 28.957 28.578 27.257 14.699 0.000 -0.000 -0.000 0.000 0.000 0.000 0.000 0.000 0.000 0.000 
0.000 0.000 0.000 0.000 0.000 23.268 25.402 29.735 29.026 28.831 28.656 28.273 28.122 27.675 28.001 29.121 29.865 31.342 28.388 28.359 28.568 29.517 30.921 28.870 0.000 0.000 0.000 0.000 -0.000 0.000 0.000 0.000 0.000 0.000 
0.000 0.000 -0.000 0.000 0.000 28.009 30.314 30.314 27.761 27.611 28.707 28.497 30.030 27.835 27.552 29.802 29.501 29.413 29.840 29.671 27.591 28.024 28.127 29.517 0.005 0.000 0.000 0.000 0.000 0.000 -0.000 0.000 0.000 0.000 
0.000 0.000 0.000 -0.000 -0.000 28.159 30.027 27.914 27.270 28.741 28.317 28.116 29.666 28.473 28.065 27.020 27.852 30.736 27.678 28.548 28.848 29.432 29.187 28.409 28.357 0.000 -0.000 0.000 -0.000 0.000 0.000 0.000 0.000 0.000 
0.000 0.000 0.000 0.000 0.000 28.106 27.448 27.783 29.673 28.069 28.803 28.614 29.033 28.753 29.164 28.748 28.838 27.597 30.204 27.503 29.803 29.199 26.874 28.293 0.000 0.000 0.000 0.000 -0.000 0.000 -0.000 0.000 0.000 0.000 
0.000 0.000 0.000 0.000 28.090 27.006 28.318 28.508 28.485 28.280 27.673 30.092 28.708 27.565 28.547 29.444 28.515 28.553 31.028 27.437 28.165 29.327 28.115 26.613 25.516 0.003 0.000 -0.000 0.000 0.000 -0.000 0.000 0.000 0.000 
0.000 0.000 0.000 -0.000 27.323 29.314 29.945 28.623 27.319 27.786 28.887 27.973 28.173 29.223 28.152 26.509 26.390 28.920 30.326 27.964 28.040 27.940 29.576 28.519 27.740 0.000 0.000 -0.000 0.000 -0.000 0.000 0.000 0.000 0.000 
0.000 0.000 0.000 0.000 0.000 28.912 28.373 28.799 28.782 27.782 27.742 28.976 28.312 29.126 27.728 28.527 28.679 28.947 27.968 29.039 28.832 28.062 26.681 26.903 28.428 0.000 0.000 0.000 0.000 -0.000 0.000 0.000 0.000 0.000 
0.000 0.000 0.000 0.000 0.000 28.088 27.622 27.594 27.526 27.388 28.065 27.054 27.992 28.208 28.120 28.132 28.734 28.090 28.610 28.205 28.144 27.589 29.649 28.260 -0.000 -0.000 0.000 0.000 0.000 0.000 0.000 0.000 0.000 0.000 
0.000 0.000 0.000 0.000 0.000 28.757 27.910 29.318 29.304 28.745 27.367 27.544 27.736 27.855 27.942 27.664 26.724 28.793 27.033 27.906 28.307 29.708 25.995 28.905 -0.000 -0.000 0.000 -0.000 0.000 0.000 0.000 0.000 0.000 0.000 
0.000 0.000 0.000 -0.000 0.000 0.000 28.625 25.278 27.246 30.140 28.138 28.193 29.043 27.882 26.976 28.224 28.167 26.305 28.985 27.802 29.679 26.990 28.454 0.000 0.000 0.000 -0.000 0.000 0.000 0.000 0.000 0.000 0.000 0.000 
0.000 0.000 0.000 0.000 0.000 0.000 25.057 29.675 29.094 27.430 28.752 29.482 27.757 26.790 28.915 28.540 28.381 25.819 30.042 28.313 30.417 27.873 27.130 0.000 0.000 0.000 0.000 0.000 0.000 0.000 0.000 0.000 0.000 0.000 
0.000 -0.000 -0.000 0.000 0.000 0.000 0.000 26.764 27.754 27.107 27.968 27.969 27.607 27.258 28.066 26.671 29.090 28.501 28.645 27.393 29.378 28.388 29.054 -0.000 0.000 0.000 0.000 0.000 0.000 0.000 0.000 0.000 0.000 0.000 
0.000 0.000 0.000 0.000 0.000 0.000 -0.000 0.000 24.758 28.656 28.593 26.626 28.114 29.063 27.223 26.085 27.519 26.971 27.979 26.919 28.687 23.746 0.000 0.000 -0.000 -0.000 0.000 0.000 0.000 0.000 0.000 0.000 0.000 0.000 
0.000 0.000 0.000 0.000 0.000 0.000 0.000 0.000 0.000 24.460 27.819 27.938 28.541 27.978 28.060 28.145 29.101 29.101 29.081 27.493 0.000 22.318 0.000 0.000 0.000 0.000 0.000 0.000 0.000 0.000 0.000 0.000 0.000 0.000 
0.000 0.000 0.000 0.000 0.000 0.000 0.000 0.000 0.000 0.000 26.743 28.339 24.501 26.150 28.350 28.054 28.005 26.108 0.000 23.959 -0.000 0.000 0.000 0.000 0.000 0.000 0.000 0.000 0.000 0.000 0.000 0.000 0.000 0.000 
0.000 0.000 0.000 0.000 0.000 0.000 0.000 0.000 0.000 0.000 0.000 0.000 0.000 19.731 0.000 0.000 23.141 0.000 0.000 0.000 0.000 0.000 -0.000 0.000 0.000 0.000 0.000 0.000 0.000 0.000 0.000 0.000 0.000 0.000 
0.000 0.000 0.000 0.000 0.000 0.000 0.000 0.000 0.000 0.000 0.000 0.000 0.000 0.000 0.000 0.000 0.000 0.000 0.000 0.000 0.000 0.000 0.000 0.000 -0.000 0.000 0.000 0.000 0.000 0.000 0.000 0.000 0.000 0.000 
0.000 0.000 0.000 0.000 0.000 0.000 0.000 0.000 0.000 0.000 0.000 0.000 0.000 0.000 0.000 0.000 0.000 0.000 0.000 0.000 0.000 -0.000 0.000 0.000 0.000 0.000 0.000 0.000 0.000 0.000 0.000 0.000 0.000 0.000 
0.000 0.000 0.000 0.000 0.000 0.000 0.000 0.000 0.000 0.000 0.000 0.000 0.000 0.000 0.000 0.000 0.000 0.000 0.000 0.000 0.000 0.000 0.000 -0.000 0.000 0.000 0.000 0.000 0.000 0.000 0.000 0.000 0.000 0.000 
0.000 0.000 0.000 0.000 0.000 0.000 0.000 0.000 0.000 0.000 0.000 0.000 0.000 0.000 0.000 0.000 0.000 0.000 0.000 0.000 0.000 0.000 0.000 0.000 0.000 0.000 0.000 0.000 0.000 0.000 0.000 0.000 0.000 0.000 
0.000 0.000 0.000 0.000 0.000 0.000 0.000 0.000 0.000 0.000 0.000 0.000 0.000 0.000 0.000 0.000 0.000 0.000 0.000 0.000 0.000 0.000 0.000 0.000 0.000 0.000 0.000 0.000 0.000 0.000 0.000 0.000 0.000 0.000 
