# Vol_scan Display Grid (processed)
# Grid size: 29 x 27
# Format: reflectivity
# Ref point: (-48000.000000, 12000.000000)
# Grid res: 1000.000000 meters
0.000 0.000 0.000 0.000 0.000 0.000 0.000 0.000 0.000 0.000 0.000 0.000 0.000 0.000 0.000 0.000 0.000 0.000 0.000 0.000 0.000 0.000 0.000 0.000 0.000 0.000 0.000 
0.000 0.000 0.000 0.000 0.000 0.000 0.000 0.000 0.000 0.000 0.000 -0.000 0.000 0.000 0.000 0.000 0.000 0.000 0.000 0.000 0.000 0.000 0.000 0.000 0.000 0.000 0.000 
0.000 0.000 0.000 -0.000 0.000 0.000 -0.000 0.000 -0.000 -0.000 18.569 20.876 23.588 24.743 23.975 14.712 15.198 0.000 0.000 -0.000 0.000 0.000 0.000 0.000 0.000 0.000 0.000 
0.000 -0.000 0.000 0.000 0.000 0.000 -0.000 0.066 7.692 23.294 29.376 26.708 28.870 27.262 27.441 26.357 28.027 24.602 28.259 -0.000 0.000 0.000 0.000 0.000 0.000 0.000 0.000 
0.000 -0.000 0.000 -0.000 0.000 0.000 0.037 25.654 27.075 28.457 31.153 28.535 28.305 26.872 28.122 28.462 28.236 28.566 26.594 25.012 -0.000 0.000 0.000 0.000 0.000 0.000 0.000 
0.000 -0.000 -0.000 -0.000 0.000 0.000 24.828 27.577 28.576 28.499 26.647 27.547 28.043 26.986 26.481 29.564 27.463 28.815 28.806 28.328 25.297 0.000 0.000 0.000 0.000 0.000 0.000 
0.000 0.000 -0.000 0.000 0.007 23.291 28.220 28.398 28.064 28.100 26.754 26.865 28.936 29.979 27.834 27.328 27.514 26.840 27.048 27.835 27.539 25.156 0.000 0.000 0.000 0.000 0.000 
-0.000 0.000 0.000 0.000 9.728 27.165 26.939 28.260 29.110 28.345 26.709 27.625 28.379 28.337 28.066 27.489 27.946 29.445 29.160 26.684 27.799 30.379 0.000 0.000 0.000 0.000 0.000 
0.000 0.000 0.000 0.000 24.825 29.499 27.531 28.832 27.847 28.179 28.682 26.531 28.340 28.182 27.320 29.053 26.936 26.935 27.390 28.591 26.408 27.609 27.388 0.000 0.000 0.000 0.000 
0.000 0.000 0.000 0.003 29.228 26.418 29.655 28.323 27.735 27.162 27.420 26.638 28.589 27.134 28.069 28.918 26.661 27.269 27.442 28.712 27.369 28.543 26.425 0.000 0.000 0.000 0.000 
0.000 0.000 0.000 0.197 27.305 27.387 28.702 28.493 28.613 27.926 27.646 27.301 26.805 28.689 27.947 29.121 27.218 27.567 28.088 26.934 27.740 27.438 28.728 0.000 0.000 0.000 0.000 
0.000 0.003 0.000 15.948 28.643 27.442 26.893 28.502 29.226 28.480 26.766 27.337 27.354 27.231 28.411 27.641 27.996 29.703 27.741 27.653 28.956 28.049 26.132 25.993 0.000 0.000 0.000 
0.000 0.075 0.000 10.892 27.107 27.900 28.210 27.653 27.004 28.702 26.782 28.339 34.910 33.259 32.444 30.245 26.853 28.649 25.924 26.967 25.649 28.034 28.501 0.000 0.000 0.000 0.000 
0.000 0.038 0.027 23.575 26.997 27.078 28.710 28.224 28.081 27.240 36.277 38.628 34.216 39.118 37.198 39.518 31.346 28.151 28.547 29.737 28.026 27.644 27.563 26.927 0.000 -0.000 0.000 
0.000 5.920 4.446 8.813 26.021 29.385 27.420 27.980 26.948 27.639 36.140 38.704 36.663 35.591 37.090 38.660 36.747 35.653 26.679 26.353 27.333 29.451 29.750 24.242 0.000 0.000 0.000 
0.000 0.000 0.018 17.128 26.932 28.426 27.521 28.050 27.185 38.362 36.475 36.948 36.258 34.990 39.138 37.445 36.704 36.903 27.362 27.360 28.092 27.579 28.274 0.000 -0.000 0.000 0.000 
0.000 0.000 8.660 6.797 23.395 26.747 28.290 27.317 28.130 35.913 36.980 38.363 37.161 34.034 37.350 36.329 37.080 35.237 37.033 27.099 27.390 29.153 26.935 0.000 0.000 0.000 0.000 
0.000 0.000 8.040 6.569 11.431 28.780 27.285 27.783 27.232 38.339 38.751 37.087 36.951 37.442 36.800 36.645 37.289 36.963 36.994 27.686 27.661 27.816 23.089 0.000 0.000 0.000 0.000 
0.000 0.000 0.000 5.330 4.966 29.402 27.670 26.773 27.800 36.783 36.080 36.843 36.798 36.798 38.345 38.840 35.354 37.195 37.674 28.487 28.128 24.116 0.000 0.000 0.000 0.000 0.000 
0.000 0.000 0.000 6.040 6.972 0.017 20.126 27.703 27.527 40.119 36.472 38.197 38.258 36.886 38.516 36.684 37.894 37.012 27.226 27.837 23.579 0.000 0.000 0.000 0.000 0.000 0.000 
0.000 0.000 0.000 0.000 6.510 7.746 0.394 23.249 27.154 34.450 37.703 35.952 37.601 37.711 37.546 36.602 36.829 35.065 28.224 24.524 -0.000 0.000 0.000 0.000 0.000 0.000 0.000 
0.000 0.000 0.000 0.000 0.000 5.600 0.039 0.001 21.433 21.645 34.834 37.308 36.049 34.847 38.817 36.165 34.004 24.241 25.962 0.000 0.000 0.000 0.000 0.000 0.000 0.000 0.000 
0.000 0.000 0.000 0.000 0.000 0.000 0.057 0.002 0.000 0.000 18.619 29.933 36.487 32.407 36.210 27.467 16.882 0.000 0.000 0.000 0.000 0.000 0.000 0.000 0.000 0.000 0.000 
0.000 0.000 0.000 0.000 0.000 0.000 0.000 0.000 0.004 0.000 0.000 0.001 0.000 0.000 0.000 0.000 0.000 -0.000 0.000 0.000 0.000 0.000 0.000 0.000 0.000 0.000 0.000 
0.000 0.000 0.000 0.000 0.000 0.000 0.000 0.000 0.000 0.000 -0.000 -0.000 -0.000 -0.000 0.000 0.000 0.000 0.000 0.000 0.000 0.000 0.000 0.000 0.000 0.000 0.000 0.000 
0.000 0.000 0.000 0.000 0.000 0.000 0.000 0.000 -0.000 0.000 0.000 0.000 -0.000 -0.000 0.000 -0.000 0.000 0.000 0.000 0.000 0.000 0.000 0.000 0.000 0.000 0.000 0.000 
0.000 0.000 0.000 0.000 0.000 0.000 0.000 0.000 -0.000 -0.000 0.000 0.000 0.000 0.000 -0.000 -0.000 0.000 0.000 0.000 0.000 0.000 0.000 0.000 0.000 0.000 0.000 0.000 
0.000 0.000 0.000 0.000 0.000 0.000 0.000 0.000 0.000 -0.000 -0.000 0.000 0.000 -0.000 0.000 0.000 0.000 0.000 0.000 0.000 0.000 0.000 0.000 0.000 0.000 0.000 0.000 
0.000 0.000 0.000 0.000 0.000 0.000 0.000 0.000 0.000 0.000 0.000 0.000 0.000 0.000 0.000 0.000 0.000 0.000 0.000 0.000 0.000 0.000 0.000 0.000 0.000 0.000 0.000 
