# Vol_scan Display Grid (processed)
# Grid size: 31 x 30
# Format: reflectivity
# Ref point: (-38000.000000, 12000.000000)
# Grid res: 1000.000000 meters
0.000 0.000 0.000 0.000 0.000 0.000 0.000 0.000 0.000 0.000 0.000 0.000 0.000 0.000 0.000 0.000 0.000 0.000 0.000 0.000 0.000 0.000 0.000 0.000 0.000 0.000 0.000 0.000 0.000 0.000 
0.000 0.000 0.000 0.000 0.000 0.000 0.000 0.000 0.000 0.000 0.000 -0.000 -0.000 0.000 0.000 0.000 0.000 0.000 0.000 0.000 0.000 0.000 0.000 0.000 0.000 0.000 0.000 0.000 0.000 0.000 
0.000 0.000 0.000 0.000 0.000 0.000 0.000 0.000 0.000 0.000 0.000 -0.000 0.000 -0.000 0.000 0.000 0.000 0.000 0.000 0.000 0.000 0.000 0.000 0.000 0.000 0.000 0.000 0.000 0.000 0.000 
0.000 0.000 0.000 0.000 0.000 0.000 0.000 0.000 0.000 0.000 0.000 -0.000 0.000 -0.000 0.000 -0.000 0.000 0.000 0.000 0.000 0.000 0.000 0.000 0.000 0.000 0.000 0.000 0.000 0.000 0.000 
0.000 0.000 0.000 0.000 0.000 0.000 0.000 -0.000 0.000 0.000 -0.000 -0.000 0.000 0.000 0.000 0.000 0.005 0.007 0.000 0.000 0.000 0.000 0.000 0.000 0.000 0.000 0.000 0.000 0.000 0.000 
0.000 0.000 0.000 0.000 0.000 0.000 0.000 0.000 -0.000 0.000 0.000 0.001 1.882 0.766 0.001 0.001 0.001 0.000 0.004 0.000 0.000 0.000 0.000 0.000 0.000 0.000 0.000 0.000 0.000 0.000 
0.000 0.000 0.000 0.000 0.000 0.000 0.000 0.000 0.002 7.054 14.462 23.124 23.166 22.254 24.550 23.277 18.547 0.649 0.051 0.003 0.000 0.000 0.000 0.000 0.000 0.000 0.000 0.000 0.000 0.000 
0.000 0.000 0.000 0.000 0.000 0.000 0.000 0.002 19.421 25.746 25.157 28.423 27.511 26.366 26.264 27.293 27.374 25.848 28.568 13.963 0.094 0.000 0.000 0.000 0.000 0.000 0.000 0.000 0.000 0.000 
0.000 0.000 0.000 0.000 0.000 0.000 0.000 25.274 28.214 28.850 26.793 28.216 29.010 27.508 28.124 27.417 28.686 28.231 28.765 25.895 16.477 6.700 0.000 0.000 0.000 0.000 0.000 0.000 0.000 0.000 
0.000 0.000 0.000 0.000 0.000 2.406 23.763 27.893 28.467 28.218 26.760 27.368 27.984 28.251 28.299 27.331 26.505 28.646 28.108 28.069 26.735 18.957 5.684 0.000 0.000 0.000 0.000 0.000 0.000 0.000 
0.000 0.000 0.000 0.000 0.000 26.630 27.954 28.303 27.796 27.893 28.847 28.677 27.159 27.241 27.271 27.305 26.872 29.100 27.365 27.239 26.844 27.416 5.903 7.760 0.000 0.000 0.000 0.000 0.000 0.000 
0.000 0.000 0.000 -0.000 7.562 28.288 26.308 27.217 28.486 28.350 28.868 28.619 26.844 26.449 28.459 28.400 27.936 28.192 27.638 28.121 26.198 28.733 16.396 5.676 0.000 0.000 0.000 0.000 0.000 0.000 
0.000 0.000 0.000 0.000 27.689 27.694 27.123 26.272 29.534 27.721 26.754 29.429 27.031 27.030 28.013 28.401 28.459 26.130 27.730 27.882 27.021 27.090 24.298 0.011 0.006 0.000 0.000 0.000 0.000 0.000 
0.000 0.000 0.000 -0.000 28.408 27.522 26.887 28.407 27.715 28.278 28.787 28.889 28.499 27.276 27.380 28.812 28.028 27.683 28.026 27.678 28.147 27.067 27.621 0.005 0.000 0.003 0.000 0.000 0.000 0.000 
0.000 0.000 -0.000 27.299 28.715 27.054 27.130 27.926 28.671 28.007 28.410 27.622 27.666 27.061 29.207 27.554 28.472 28.257 28.282 27.567 27.076 28.358 27.084 11.696 0.000 -0.000 0.000 0.000 0.000 0.000 
0.000 0.000 -0.000 26.417 27.765 27.168 27.766 29.296 27.260 29.056 28.198 27.075 28.967 27.255 28.114 26.602 28.281 28.963 26.568 27.047 27.551 28.421 26.827 15.451 0.000 0.000 0.000 0.000 0.000 0.000 
0.000 0.000 0.000 27.062 27.459 27.893 28.457 27.716 26.924 28.428 28.899 28.664 27.333 28.354 28.094 27.100 27.517 27.699 28.241 27.980 27.534 27.011 27.291 27.218 0.000 -0.000 -0.000 0.000 0.000 0.000 
-0.000 0.000 0.000 25.070 27.671 28.399 28.973 27.904 26.721 28.079 28.143 28.116 27.065 28.918 28.393 27.043 25.814 27.181 26.944 26.736 27.329 27.301 27.266 0.005 0.000 0.000 0.000 0.000 0.000 0.000 
0.000 -0.000 -0.000 0.000 26.856 27.465 26.631 27.294 27.371 27.091 28.049 28.351 29.131 27.907 29.044 27.872 27.852 27.609 27.176 27.605 28.320 26.885 27.449 0.006 0.000 0.000 -0.000 -0.000 0.000 0.000 
0.000 -0.000 0.000 -0.000 28.733 27.171 27.448 28.743 27.596 28.760 28.585 27.709 28.884 28.633 27.913 28.398 28.817 27.995 27.040 28.148 28.227 26.329 27.689 0.000 0.000 0.000 0.000 0.000 0.000 0.000 
0.000 0.000 0.000 0.000 26.563 27.494 28.453 28.125 28.404 29.626 27.570 28.503 27.395 28.640 27.839 27.509 27.644 27.878 27.353 27.301 27.405 26.337 24.657 0.000 -0.000 0.000 0.000 -0.000 0.000 0.000 
0.000 0.000 0.000 0.000 21.291 27.441 28.900 27.766 27.311 28.869 27.902 27.460 28.646 29.923 28.548 29.383 28.027 29.610 27.370 29.821 27.215 28.680 0.000 0.000 0.000 -0.000 -0.000 -0.000 0.000 0.000 
0.000 0.000 0.000 0.000 0.000 24.950 30.675 27.250 28.175 26.168 27.916 28.541 27.408 26.016 28.976 28.020 28.032 28.859 27.620 28.783 27.635 16.031 0.000 0.000 0.000 -0.000 0.000 0.000 0.000 0.000 
0.000 0.000 0.000 0.000 0.000 0.000 25.499 28.060 27.816 28.026 27.537 29.126 27.673 28.745 26.852 26.603 28.397 27.608 28.454 28.249 24.513 0.000 0.000 0.000 0.000 -0.000 0.000 0.000 0.000 0.000 
0.000 0.000 0.000 0.000 0.000 0.000 0.000 23.616 24.397 26.097 28.082 26.893 27.274 28.050 26.796 27.711 26.414 28.394 27.957 24.203 -0.000 0.000 0.000 -0.000 0.000 0.000 0.000 0.000 0.000 0.000 
0.000 0.000 0.000 0.000 0.000 0.000 0.000 -0.000 20.433 23.356 28.059 28.725 28.190 28.225 28.088 26.552 25.896 25.868 20.525 0.000 0.000 0.000 0.000 0.000 0.000 0.000 0.000 0.000 0.000 0.000 
0.000 0.000 0.000 0.000 0.000 0.000 0.000 0.000 0.000 -0.000 17.487 22.858 21.209 23.381 24.277 15.944 20.218 0.000 0.000 0.000 0.000 0.000 0.000 0.000 0.000 0.000 0.000 0.000 0.000 0.000 
0.000 0.000 0.000 0.000 0.000 0.000 0.000 0.000 0.000 0.000 0.000 0.000 -0.000 0.000 0.000 -0.000 -0.000 0.000 0.000 0.000 0.000 0.000 0.000 0.000 0.000 0.000 0.000 0.000 0.000 0.000 
0.000 0.000 0.000 0.000 0.000 0.000 0.000 0.000 0.000 0.000 -0.000 0.000 0.000 0.000 0.000 0.000 0.000 0.000 0.000 0.000 0.000 0.000 0.000 0.000 0.000 0.000 0.000 0.000 0.000 0.000 
0.000 0.000 0.000 0.000 0.000 0.000 0.000 0.000 0.000 0.000 -0.000 -0.000 0.000 0.000 0.000 0.000 0.000 0.000 0.000 0.000 0.000 0.000 0.000 0.000 0.000 0.000 0.000 0.000 0.000 0.000 
0.000 0.000 0.000 0.000 0.000 0.000 0.000 0.000 0.000 0.000 0.000 0.000 0.000 0.000 0.000 0.000 0.000 0.000 0.000 0.000 0.000 0.000 0.000 0.000 0.000 0.000 0.000 0.000 0.000 0.000 
