# Vol_scan Display Grid (processed)
# Grid size: 30 x 23
# Format: reflectivity
# Ref point: (-69000.000000, 16000.000000)
# Grid res: 1000.000000 meters
0.000 0.000 0.000 0.000 -0.000 -0.000 0.000 0.000 0.000 0.000 0.000 0.000 0.000 0.000 0.000 0.000 0.000 0.000 0.000 0.000 0.000 0.000 0.000 
0.000 0.000 -0.000 0.000 0.000 0.000 0.000 0.000 0.000 0.000 0.000 0.000 0.000 0.000 0.000 0.000 0.000 0.000 0.000 0.000 0.000 0.000 0.000 
0.000 0.000 0.000 0.000 0.000 0.000 0.000 -0.000 0.000 0.000 0.000 0.000 0.000 0.000 0.000 0.000 0.000 0.000 0.000 0.000 0.000 0.000 0.000 
0.000 0.000 0.000 -0.000 0.000 0.000 -0.000 0.000 0.000 -0.000 0.000 0.000 0.000 0.000 0.000 0.000 0.000 0.000 0.000 0.000 0.000 0.000 0.000 
0.000 0.000 0.000 0.000 0.000 0.000 0.000 0.000 0.112 0.345 0.000 0.000 0.000 0.000 0.000 0.000 0.000 0.000 0.000 0.000 0.000 0.000 0.000 
-0.000 0.000 0.000 0.000 0.000 2.643 9.633 25.018 23.189 21.800 24.685 22.323 16.857 -0.000 0.000 0.000 0.000 0.000 0.000 0.000 0.000 0.000 0.000 
0.000 0.000 0.000 1.172 24.456 23.490 24.879 28.312 26.502 26.817 25.753 27.933 26.647 24.628 -0.000 0.000 0.000 0.000 0.000 0.000 0.000 0.000 0.000 
0.010 0.000 6.236 24.980 27.128 26.341 28.775 29.378 28.321 30.232 28.349 28.735 28.638 28.809 29.442 22.544 -0.000 0.000 0.000 0.000 0.000 0.000 0.000 
0.000 7.835 28.489 27.849 28.012 27.545 29.762 27.348 26.482 26.836 26.841 26.432 27.159 29.311 26.929 28.416 25.969 0.000 0.000 0.000 0.000 0.000 0.000 
0.007 25.466 29.407 28.790 29.861 29.001 28.250 27.431 28.149 27.270 28.026 29.011 28.458 26.955 28.548 27.258 29.971 24.321 0.000 0.000 0.000 0.000 0.000 
15.735 28.389 29.214 28.383 27.318 28.034 27.581 28.146 28.577 27.168 27.714 27.783 26.862 28.251 27.136 26.524 28.371 27.165 0.000 0.000 0.000 0.000 0.000 
26.070 27.284 27.889 27.057 28.005 28.345 28.783 26.731 28.289 28.898 28.373 28.397 27.321 28.559 28.477 27.096 28.362 27.379 21.420 0.000 0.000 0.000 0.000 
27.619 26.913 27.476 28.757 27.759 28.601 27.720 26.919 28.664 29.134 28.658 27.354 28.718 27.630 27.868 27.629 27.914 27.471 26.334 0.000 0.000 0.000 0.000 
29.904 29.014 27.902 27.108 27.172 28.758 28.187 28.734 28.956 28.192 29.723 27.635 28.155 28.510 28.672 27.106 27.283 28.904 28.453 0.000 0.000 0.000 0.000 
28.948 27.383 27.711 28.697 27.747 27.276 27.372 26.666 27.438 29.280 28.506 27.826 26.134 28.072 29.976 27.885 27.364 27.350 28.387 0.000 0.000 0.000 0.000 
27.684 29.336 29.992 27.024 26.689 26.639 28.842 25.651 28.064 27.077 27.034 26.606 27.109 27.496 28.357 28.275 27.907 28.132 27.481 0.000 0.000 0.000 0.000 
27.446 28.666 25.459 27.742 27.946 29.205 26.248 27.407 26.283 25.738 25.709 26.249 27.558 28.463 28.157 28.419 27.833 27.905 28.595 0.000 0.000 0.000 0.000 
27.570 30.691 28.190 26.954 27.917 26.847 26.590 26.716 26.733 25.843 27.879 26.511 26.022 26.318 27.379 26.468 28.661 30.388 28.556 0.000 0.000 0.000 0.000 
28.392 26.628 30.057 26.615 27.511 25.562 26.336 24.331 25.700 25.885 27.046 26.180 26.235 27.940 27.766 28.219 26.821 27.998 27.594 0.000 0.000 0.000 0.000 
26.745 28.764 27.033 27.315 26.917 27.400 23.985 22.997 25.248 25.031 27.235 25.579 25.925 25.931 28.715 27.515 26.984 28.767 24.302 0.000 0.000 0.000 0.000 
19.481 27.388 28.378 26.617 26.843 27.648 24.694 25.477 27.042 24.114 25.769 27.054 23.893 26.530 27.145 27.298 26.362 27.596 0.000 0.000 0.000 0.000 0.000 
0.000 23.802 27.978 27.096 25.914 26.545 25.413 26.407 26.316 25.892 24.622 26.026 26.312 25.807 28.233 28.148 27.611 24.098 0.000 0.000 0.000 0.000 0.000 
0.000 0.001 26.679 29.588 27.758 25.446 25.641 25.064 24.933 25.434 27.479 24.214 24.327 25.504 27.772 27.289 23.480 -0.000 -0.000 0.000 0.000 0.000 0.000 
0.000 0.000 0.001 22.667 29.279 25.879 25.200 24.133 25.305 27.035 26.263 24.326 23.630 27.818 30.245 22.488 -0.000 0.000 -0.000 -0.000 0.000 0.000 0.000 
0.000 0.000 0.000 0.000 25.968 25.415 26.809 26.581 25.151 26.121 25.542 26.901 27.586 23.904 0.000 -0.000 0.000 0.000 0.000 0.000 0.000 0.000 0.000 
0.000 0.000 -0.000 0.000 0.000 0.000 0.000 22.372 23.629 22.120 25.587 26.963 0.000 0.000 0.000 0.000 0.000 0.000 0.000 0.000 0.000 0.000 0.000 
0.000 0.000 0.000 -0.000 -0.000 0.000 0.000 0.000 0.000 0.000 0.000 0.000 0.000 0.000 0.000 0.000 0.000 0.000 0.000 0.000 0.000 0.000 0.000 
0.000 0.000 -0.000 0.000 0.000 0.000 0.000 0.000 0.000 0.000 0.000 0.000 0.000 0.000 0.000 0.000 0.000 0.000 0.000 0.000 0.000 0.000 0.000 
0.000 0.000 0.000 0.000 0.000 0.000 0.000 0.000 0.000 0.000 0.000 0.000 0.000 0.000 0.000 0.000 0.000 0.000 0.000 0.000 0.000 0.000 0.000 
0.000 0.000 0.000 0.000 0.000 0.000 0.000 0.000 0.000 0.000 0.000 0.000 0.000 0.000 0.000 0.000 0.000 0.000 0.000 0.000 0.000 0.000 0.000 
