# Vol_scan Display Grid (processed)
# Grid size: 30 x 32
# Format: reflectivity
# Ref point: (-53000.000000, 11000.000000)
# Grid res: 1000.000000 meters
0.000 0.000 0.000 0.000 0.000 0.000 0.000 0.000 0.000 0.000 0.000 0.000 0.000 0.000 0.000 0.000 0.000 0.000 0.000 0.000 0.000 0.000 0.000 0.000 0.000 0.000 0.000 0.000 0.000 0.000 0.000 0.000 
0.000 0.000 0.000 0.000 0.000 0.000 0.000 0.000 0.000 0.000 0.000 0.000 0.000 -0.000 0.000 0.000 0.000 0.000 0.000 0.000 0.000 0.000 0.000 0.000 0.000 0.000 0.000 0.000 0.000 0.000 0.000 0.000 
0.000 0.000 0.000 0.000 0.000 0.000 0.000 0.000 0.000 0.000 0.000 0.000 0.000 0.000 0.000 0.000 0.000 0.000 0.000 0.000 0.000 0.000 0.000 0.000 0.000 0.000 0.000 0.000 0.000 0.000 0.000 0.000 
0.000 0.000 0.000 0.000 0.000 0.000 -0.000 0.000 -0.000 0.000 0.000 0.000 0.000 0.000 0.000 0.000 0.030 5.007 0.080 0.000 0.000 0.000 0.000 0.000 0.000 0.000 0.000 0.000 0.000 0.000 0.000 0.000 
0.000 0.000 0.000 0.000 0.000 0.000 -0.000 0.000 0.000 0.000 0.003 21.708 23.839 23.349 22.957 20.098 20.185 5.216 4.593 6.068 6.178 0.000 0.000 0.000 0.000 0.000 0.000 0.000 0.000 0.000 0.000 0.000 
0.000 0.000 0.000 0.000 0.000 0.000 0.000 0.000 0.000 6.292 23.077 25.276 25.623 27.371 27.462 24.768 27.599 25.214 26.403 25.709 5.773 6.801 0.000 0.000 0.000 0.000 0.000 0.000 0.000 0.000 0.000 0.000 
0.000 0.000 0.000 0.000 0.000 0.000 0.000 0.000 26.428 26.913 27.025 28.340 27.343 27.799 26.548 25.945 27.099 27.451 28.375 27.968 25.175 6.925 5.636 0.000 0.000 0.000 0.000 0.000 0.000 0.000 0.000 0.000 
0.000 0.000 0.000 0.000 0.000 0.000 7.434 25.453 28.239 27.659 26.321 27.884 29.222 29.003 26.721 27.559 27.172 26.949 26.955 27.950 29.209 24.183 0.048 0.099 0.000 0.000 0.000 0.000 0.000 0.000 0.000 0.000 
0.000 0.000 0.000 0.000 -0.000 0.000 22.431 26.420 26.906 26.856 28.453 26.186 28.177 28.138 28.899 26.927 27.200 27.259 27.131 28.131 26.951 28.732 4.173 0.000 0.000 0.000 0.000 0.000 0.000 0.000 0.000 0.000 
0.000 0.000 0.000 0.000 0.000 -0.000 27.905 26.754 28.254 27.450 27.020 27.395 28.005 28.457 27.862 28.265 27.201 26.280 28.170 27.846 27.435 27.886 27.605 0.002 0.000 0.000 -0.000 0.000 0.000 0.000 0.000 0.000 
0.000 0.000 0.000 0.000 0.000 28.343 26.873 27.203 26.413 26.593 28.108 27.427 28.766 27.426 26.605 28.119 27.105 26.492 27.817 27.448 27.317 26.802 27.844 5.055 0.000 0.000 -0.000 -0.000 0.000 0.000 0.000 0.000 
0.000 0.000 0.000 -0.000 0.000 26.769 28.084 28.026 27.383 26.860 26.095 29.249 29.098 25.866 27.049 28.630 27.680 26.739 28.040 28.133 26.743 25.796 26.983 26.558 0.002 0.000 0.000 -0.000 -0.000 -0.000 0.000 0.000 
0.000 0.000 0.000 0.000 28.004 28.672 28.073 28.627 27.828 27.146 26.573 28.993 28.426 28.556 28.361 27.093 28.536 28.061 28.211 28.591 27.310 27.333 27.205 27.166 0.002 0.000 0.000 0.000 -0.000 -0.000 0.000 0.000 
0.000 0.000 0.000 0.000 26.705 28.189 28.520 27.553 26.307 27.381 27.328 28.648 27.945 28.406 25.970 26.083 28.948 27.964 28.523 28.593 25.982 26.869 27.480 28.358 0.001 0.000 0.000 0.000 0.000 -0.000 -0.000 0.000 
0.000 0.000 0.000 0.000 27.314 28.534 28.287 26.139 27.843 27.253 27.734 28.226 27.670 28.476 27.259 27.698 28.298 27.743 28.169 28.082 27.722 27.855 26.792 28.473 28.819 0.000 0.000 0.000 0.000 0.000 -0.000 0.000 
0.000 0.000 -0.000 -0.000 27.607 28.424 26.027 27.926 27.658 28.059 27.957 29.761 30.558 29.267 30.962 30.430 28.794 28.485 26.584 25.962 28.006 27.110 26.979 27.865 5.942 -0.000 0.000 -0.000 0.000 0.000 0.000 0.000 
0.000 0.000 0.000 0.000 27.291 29.160 27.147 28.811 27.133 27.407 27.178 30.181 30.240 31.355 33.304 29.657 29.438 31.249 26.004 26.722 27.098 26.485 28.550 26.458 0.000 0.000 0.000 0.000 0.000 0.000 -0.000 0.000 
0.000 0.000 0.000 0.000 0.000 27.361 27.469 26.664 27.178 26.584 30.419 30.713 28.910 29.249 30.056 30.093 29.386 30.798 30.177 28.437 26.286 27.000 28.253 27.298 0.000 0.000 0.000 0.000 0.000 0.000 0.000 0.000 
0.000 0.000 0.000 0.000 -0.000 28.214 28.075 25.661 27.870 28.439 29.502 29.664 28.609 28.393 28.665 31.147 30.808 29.558 30.463 26.606 28.327 28.591 27.942 0.000 -0.000 0.000 0.000 0.000 0.000 0.000 0.000 0.000 
0.000 0.000 -0.000 -0.000 0.000 25.483 26.722 29.286 28.348 28.297 29.516 29.214 28.431 30.027 29.080 29.353 29.652 28.001 29.478 27.695 27.771 27.833 23.504 0.000 0.000 0.000 0.000 0.000 0.000 0.000 0.000 0.000 
0.000 0.000 0.000 0.000 0.000 0.000 26.535 27.333 27.801 31.089 29.476 29.337 29.623 28.685 29.144 31.001 29.923 30.292 30.563 28.834 27.007 29.108 0.000 -0.000 0.000 0.000 0.000 0.000 0.000 0.000 0.000 0.000 
0.000 0.000 0.000 0.000 0.000 0.000 0.000 25.576 26.727 29.261 27.996 28.652 29.040 31.130 29.011 29.329 28.592 31.510 29.836 27.987 28.013 0.000 0.000 0.000 0.000 0.000 0.000 0.000 0.000 0.000 0.000 0.000 
0.000 0.000 0.000 0.000 0.000 0.000 0.000 24.021 26.717 26.812 30.315 30.792 28.264 27.748 31.005 30.397 29.769 29.962 27.482 24.689 0.000 0.000 0.000 0.000 0.000 0.000 0.000 0.000 0.000 0.000 0.000 0.000 
0.000 0.000 0.000 0.000 0.000 0.000 0.000 0.000 0.000 23.527 27.876 29.555 29.313 30.355 30.322 30.213 28.917 24.942 22.402 0.000 -0.000 0.000 0.000 0.000 0.000 0.000 0.000 0.000 0.000 0.000 0.000 0.000 
0.000 0.000 0.000 0.000 0.000 0.000 0.000 0.000 0.000 0.000 19.481 18.596 27.107 26.089 29.359 26.910 28.402 23.679 0.000 -0.000 0.000 -0.000 0.000 0.000 0.000 0.000 0.000 0.000 0.000 0.000 0.000 0.000 
0.000 0.000 0.000 0.000 0.000 0.000 0.000 0.000 0.000 0.000 0.000 0.000 0.000 -0.000 0.000 -0.000 0.000 0.000 0.000 -0.000 0.000 0.000 0.000 0.000 0.000 0.000 0.000 0.000 0.000 0.000 0.000 0.000 
0.000 0.000 0.000 0.000 0.000 0.000 0.000 0.000 0.000 0.000 0.000 0.000 0.000 0.000 -0.000 0.000 -0.000 0.000 0.000 0.000 0.000 0.000 0.000 0.000 0.000 0.000 0.000 0.000 0.000 0.000 0.000 0.000 
0.000 0.000 0.000 0.000 0.000 0.000 0.000 0.000 0.000 0.000 0.000 0.000 0.000 0.000 0.000 -0.000 0.000 0.000 0.000 0.000 0.000 0.000 0.000 0.000 0.000 0.000 0.000 0.000 0.000 0.000 0.000 0.000 
0.000 0.000 0.000 0.000 0.000 0.000 0.000 0.000 0.000 0.000 0.000 0.000 0.000 0.000 0.000 0.000 -0.000 0.000 0.000 0.000 0.000 0.000 0.000 0.000 0.000 0.000 0.000 0.000 0.000 0.000 0.000 0.000 
0.000 0.000 0.000 0.000 0.000 0.000 0.000 0.000 0.000 0.000 0.000 0.000 0.000 0.000 0.000 0.000 0.000 0.000 0.000 0.000 0.000 0.000 0.000 0.000 0.000 0.000 0.000 0.000 0.000 0.000 0.000 0.000 
