# Vol_scan Display Grid (processed)
# Grid size: 31 x 31
# Format: reflectivity
# Ref point: (-48000.000000, 12000.000000)
# Grid res: 1000.000000 meters
0.000 0.000 0.000 0.000 0.000 0.000 0.000 0.000 0.000 0.000 0.000 0.000 0.000 0.000 0.000 0.000 0.000 0.000 0.000 0.000 0.000 0.000 0.000 0.000 0.000 0.000 0.000 0.000 0.000 0.000 0.000 
0.000 0.000 0.000 0.000 0.000 0.000 0.000 -0.000 0.000 -0.000 0.000 0.000 0.000 0.000 0.000 0.000 0.000 0.000 0.000 0.000 0.000 0.000 0.000 0.000 0.000 0.000 0.000 0.000 0.000 0.000 0.000 
0.000 0.000 0.000 0.000 0.000 0.000 0.000 0.000 0.000 -0.000 0.000 -0.000 0.000 0.000 0.000 0.000 0.000 0.000 0.000 0.000 0.000 0.000 0.000 0.000 0.000 0.000 0.000 0.000 0.000 0.000 0.000 
0.000 0.000 0.000 0.000 0.000 0.000 0.000 0.000 -0.000 0.000 0.000 0.000 0.000 -0.000 -0.000 0.000 0.000 0.000 0.000 0.000 0.000 0.000 0.000 0.000 0.000 0.000 0.000 0.000 0.000 0.000 0.000 
0.000 0.000 0.000 0.000 0.000 0.000 0.000 0.000 0.000 0.000 -0.000 0.000 0.000 0.000 0.000 0.003 0.037 0.055 0.000 0.000 0.000 0.000 0.000 0.000 0.000 0.000 0.000 0.000 0.000 0.000 0.000 
0.000 0.000 0.000 0.000 0.000 -0.000 0.000 -0.000 -0.000 10.864 21.720 22.033 22.457 23.967 24.020 17.232 8.982 0.045 8.283 0.000 0.000 0.000 0.000 0.000 0.000 0.000 0.000 0.000 0.000 0.000 0.000 
0.000 0.000 0.000 0.000 0.000 0.000 0.000 0.108 22.655 22.233 27.372 29.166 27.119 27.777 26.932 28.437 26.227 27.471 33.723 5.703 7.360 0.000 0.000 0.000 0.000 0.000 0.000 0.000 0.000 0.000 0.000 
0.000 0.000 0.000 0.000 0.000 0.000 0.000 26.855 27.918 26.707 28.026 27.736 27.096 28.436 27.393 28.937 27.929 26.694 27.770 26.490 6.064 5.563 0.000 0.000 0.000 0.000 0.000 0.000 0.000 0.000 0.000 
0.000 0.000 0.000 0.000 0.000 23.776 27.947 27.884 28.262 27.285 27.513 26.168 28.076 27.993 26.235 26.714 28.380 28.369 27.341 26.971 23.291 2.657 0.117 0.000 0.000 0.000 0.000 0.000 0.000 0.000 0.000 
0.000 0.000 0.000 -0.000 0.000 23.156 28.456 28.064 29.541 27.731 29.109 28.550 28.140 26.078 26.449 26.238 25.806 27.400 29.061 28.552 27.381 6.340 0.004 0.063 0.000 0.000 0.000 0.000 0.000 0.000 0.000 
0.000 0.000 0.000 0.000 0.000 27.365 27.819 27.145 28.519 27.860 27.720 27.667 28.222 30.331 29.187 26.860 28.451 28.590 28.318 27.430 29.451 27.744 3.222 0.004 0.000 0.000 0.000 0.000 0.000 0.000 0.000 
0.000 0.000 0.000 0.000 27.467 27.639 27.149 25.894 28.030 26.324 28.435 28.044 28.594 28.428 27.123 28.154 29.735 27.408 27.553 27.793 27.333 25.609 23.407 0.000 0.000 0.000 0.000 0.000 0.000 0.000 0.000 
0.000 0.000 -0.000 0.000 27.201 28.120 26.713 27.634 27.022 27.240 28.225 28.953 28.206 27.196 27.707 26.800 28.549 29.573 27.695 27.424 26.903 26.715 25.958 0.000 0.000 0.000 0.000 0.000 0.000 0.000 0.000 
0.000 0.000 0.000 27.253 27.792 27.459 26.720 29.296 27.453 28.477 27.323 27.314 29.997 28.524 27.441 28.935 27.726 27.962 28.051 25.347 25.715 24.683 27.551 0.001 0.000 0.000 0.000 0.000 0.000 0.000 0.000 
0.000 0.000 -0.000 21.024 27.248 28.082 26.467 28.377 27.373 29.074 27.510 28.425 27.346 27.958 26.276 29.995 26.668 28.785 27.529 28.111 26.595 25.712 26.204 7.545 0.000 0.000 0.000 0.000 0.000 0.000 0.000 
0.000 0.000 -0.000 26.369 27.031 27.839 26.784 28.015 28.349 27.581 28.267 28.472 48.005 49.534 44.886 36.275 28.963 28.954 27.497 27.939 30.274 27.458 27.335 7.354 0.000 0.000 0.000 0.000 0.000 0.000 0.000 
0.000 0.000 -0.000 28.373 26.724 26.081 27.839 27.538 26.598 27.438 44.362 48.545 47.691 49.567 46.941 45.832 40.307 28.313 28.085 27.387 27.230 28.374 26.649 9.789 0.000 0.000 0.000 0.000 0.000 0.000 0.000 
0.000 0.000 0.000 0.000 27.162 28.243 27.432 28.291 28.930 48.405 48.150 45.911 48.576 47.740 46.436 50.336 46.476 43.389 28.652 29.801 27.433 28.005 28.243 0.002 0.000 0.000 -0.000 0.000 -0.000 -0.000 0.000 
0.000 -0.000 -0.000 0.000 28.360 27.982 27.456 27.813 28.118 48.159 49.448 50.040 48.092 48.455 46.835 47.699 46.766 48.784 28.593 27.223 28.492 26.933 27.651 0.000 -0.000 0.000 0.000 -0.000 0.000 0.000 0.000 
-0.000 -0.000 0.000 -0.000 27.779 28.116 28.473 28.358 43.689 49.492 47.867 48.105 49.786 48.916 49.366 50.211 46.369 48.921 51.301 28.590 27.008 29.776 23.185 0.000 -0.000 -0.000 0.000 0.000 0.000 0.000 0.000 
0.000 0.000 -0.000 -0.000 0.000 27.517 27.564 27.883 50.217 46.294 46.979 50.729 47.789 50.479 47.673 49.094 47.578 49.276 46.790 27.846 28.050 29.007 0.000 0.000 0.000 0.000 0.000 0.000 0.000 0.000 0.000 
0.000 0.000 0.000 0.000 -0.000 25.916 27.050 28.886 48.692 51.285 47.378 48.142 48.285 49.184 48.086 50.824 48.195 48.117 27.198 28.181 27.131 24.906 0.000 0.000 0.000 0.000 0.000 0.000 0.000 0.000 0.000 
0.000 0.000 0.000 0.000 0.000 20.528 27.080 27.442 29.786 48.337 49.775 46.960 48.700 51.206 48.399 46.473 48.027 49.216 26.067 26.228 27.633 0.000 0.000 -0.000 0.000 0.000 0.000 0.000 0.000 0.000 0.000 
0.000 0.000 0.000 0.000 0.000 0.000 15.953 24.411 28.458 48.305 48.541 50.390 47.056 47.126 50.093 46.905 50.778 43.198 26.442 18.566 -0.000 -0.000 0.000 0.000 0.000 0.000 0.000 0.000 0.000 0.000 0.000 
0.000 0.000 0.000 0.000 0.000 0.000 0.000 0.000 24.819 24.542 47.719 51.040 50.881 48.817 52.061 52.218 48.078 22.096 16.524 0.000 0.000 0.000 0.000 0.000 0.000 0.000 0.000 0.000 0.000 0.000 0.000 
0.000 0.000 0.000 0.000 0.000 0.000 0.000 0.000 0.000 0.000 24.582 45.646 44.570 46.686 47.173 42.977 18.734 0.000 0.000 0.000 0.000 0.000 0.000 0.000 0.000 0.000 0.000 0.000 0.000 0.000 0.000 
0.000 0.000 0.000 0.000 0.000 0.000 0.000 0.000 0.000 0.000 0.000 -0.000 -0.000 -0.000 0.000 -0.000 -0.000 0.000 0.000 0.000 0.000 0.000 0.000 0.000 0.000 0.000 0.000 0.000 0.000 0.000 0.000 
0.000 0.000 0.000 0.000 0.000 0.000 0.000 0.000 0.000 0.000 0.000 0.000 -0.000 -0.000 -0.000 0.000 0.000 0.000 0.000 0.000 0.000 0.000 0.000 0.000 0.000 0.000 0.000 0.000 0.000 0.000 0.000 
0.000 0.000 0.000 0.000 0.000 0.000 0.000 0.000 0.000 0.000 0.000 0.000 0.000 0.000 0.000 0.000 0.000 0.000 0.000 0.000 0.000 0.000 0.000 0.000 0.000 0.000 0.000 0.000 0.000 0.000 0.000 
0.000 0.000 0.000 0.000 0.000 0.000 0.000 0.000 0.000 0.000 0.000 0.000 0.000 -0.000 0.000 0.000 0.000 0.000 0.000 0.000 0.000 0.000 0.000 0.000 0.000 0.000 0.000 0.000 0.000 0.000 0.000 
0.000 0.000 0.000 0.000 0.000 0.000 0.000 0.000 0.000 0.000 0.000 0.000 0.000 0.000 0.000 0.000 0.000 0.000 0.000 0.000 0.000 0.000 0.000 0.000 0.000 0.000 0.000 0.000 0.000 0.000 0.000 
