# Vol_scan Display Grid (processed)
# Grid size: 30 x 29
# Format: reflectivity
# Ref point: (-84000.000000, 11000.000000)
# Grid res: 1000.000000 meters
0.000 0.000 0.000 0.000 0.000 0.000 0.000 0.000 0.000 0.000 0.000 0.000 0.000 0.000 0.000 -0.000 0.000 0.000 0.000 0.000 0.000 0.000 0.000 0.000 0.000 0.000 0.000 0.000 0.000 
0.000 0.000 0.000 0.000 0.000 0.000 0.000 0.000 0.000 0.000 0.000 0.000 0.000 0.000 0.000 -0.000 -0.000 0.000 0.000 0.000 0.000 0.000 0.000 0.000 0.000 0.000 0.000 0.000 0.000 
0.000 0.000 0.000 0.000 0.000 0.000 0.000 0.000 0.000 0.000 0.000 0.000 -0.000 0.000 -0.000 -0.000 0.000 0.000 -0.000 0.000 0.000 0.000 0.000 0.000 0.000 0.000 0.000 0.000 0.000 
0.000 0.000 0.000 0.000 0.000 0.000 0.000 0.000 0.000 0.000 0.000 0.000 -0.000 0.000 0.000 0.000 0.000 0.000 -0.000 0.000 0.000 0.000 0.000 0.000 0.000 0.000 0.000 0.000 0.000 
0.000 0.000 0.000 0.000 0.000 0.000 0.000 0.000 0.000 0.000 0.001 0.000 0.000 0.000 0.000 0.000 0.000 0.000 -0.000 0.000 0.000 0.000 0.000 0.000 0.000 0.000 0.000 0.000 0.000 
0.000 0.000 0.000 0.000 0.000 0.000 0.000 0.000 0.010 0.001 0.000 0.001 0.001 5.180 10.392 7.137 0.001 0.003 -0.000 -0.000 -0.000 0.000 0.000 0.000 0.000 0.000 0.000 0.000 0.000 
0.000 0.000 0.000 0.000 0.000 0.000 7.820 0.033 0.030 1.918 23.012 25.089 24.624 24.661 22.844 24.937 24.834 23.574 0.003 0.000 -0.000 0.000 0.000 0.000 0.000 0.000 0.000 0.000 0.000 
0.000 0.000 0.000 0.000 0.000 7.310 3.560 0.082 9.892 26.372 28.095 25.105 28.197 27.809 27.487 28.559 29.031 28.167 28.637 23.344 3.214 0.000 0.000 0.000 0.000 0.000 0.000 0.000 0.000 
0.000 0.000 0.000 0.000 5.430 7.130 5.601 18.293 28.161 26.781 25.994 27.860 27.316 28.036 27.296 26.817 27.723 30.157 29.263 27.725 26.744 0.000 0.000 0.000 0.000 0.000 0.000 0.000 0.000 
0.000 0.000 0.000 7.670 6.980 6.119 15.802 27.928 27.893 27.051 28.389 26.081 26.344 26.739 27.598 25.810 28.194 28.081 27.726 28.015 28.331 24.805 0.190 0.000 0.000 0.000 0.000 0.000 0.000 
0.000 0.000 0.000 6.840 0.225 22.084 29.188 27.937 25.987 27.480 29.602 28.171 26.519 28.382 29.320 27.542 26.956 28.375 28.325 27.964 28.668 28.590 26.222 0.000 0.000 0.000 0.000 0.000 0.000 
0.000 0.000 0.000 6.910 0.216 27.024 27.489 28.061 28.744 28.063 27.899 29.062 29.496 27.264 26.362 27.501 27.226 27.465 27.694 27.999 26.558 26.463 27.316 -0.000 -0.000 0.000 0.000 0.000 0.000 
0.000 0.000 5.530 0.181 3.701 27.391 26.688 28.640 28.332 26.005 29.239 27.354 26.710 28.275 28.198 29.843 26.958 27.246 27.781 26.365 26.769 26.521 25.699 29.447 -0.000 0.000 0.000 0.000 0.000 
0.000 0.000 0.015 0.037 0.775 28.230 27.698 27.794 26.490 28.200 27.698 26.939 27.352 28.997 28.564 28.262 27.977 27.682 29.196 28.364 27.950 28.718 27.067 28.566 0.000 -0.000 0.000 0.000 0.000 
0.000 0.000 0.004 0.002 24.190 28.707 26.057 28.723 29.237 28.520 27.025 30.282 27.834 27.253 28.545 27.478 27.200 27.979 27.403 29.496 27.460 27.690 27.658 28.370 0.000 0.000 -0.000 0.000 0.000 
0.000 0.000 0.000 0.000 27.745 29.745 27.512 27.857 27.235 27.612 26.605 27.021 26.670 29.111 28.570 28.270 28.091 27.637 26.232 30.054 28.971 27.382 27.820 27.543 0.000 0.000 0.000 0.000 0.000 
0.000 0.000 0.000 0.000 26.583 28.743 28.118 26.719 28.900 29.731 27.801 29.470 26.750 27.239 27.966 28.338 28.075 28.510 27.950 28.721 28.038 28.807 29.437 28.044 0.000 -0.000 -0.000 0.000 0.000 
0.000 0.000 0.000 0.000 13.015 26.443 30.021 27.607 26.726 27.626 28.561 27.895 26.839 27.071 27.158 27.571 26.836 27.286 27.099 27.649 27.499 27.936 28.240 27.956 0.000 0.000 0.000 0.000 0.000 
0.000 0.000 0.000 0.000 24.535 27.632 28.047 29.200 28.026 28.747 29.807 29.775 27.644 26.641 26.477 29.165 27.121 26.830 28.965 28.300 28.498 28.236 27.451 28.631 0.000 0.000 0.000 0.000 0.000 
-0.000 -0.000 0.000 0.000 3.043 29.106 28.125 26.356 27.003 28.634 29.381 29.059 27.581 25.986 26.122 27.932 28.711 27.024 27.690 27.895 27.868 28.763 27.038 26.248 0.000 0.000 0.000 0.000 0.000 
0.000 0.000 0.000 0.000 0.000 28.951 28.687 27.183 29.937 29.959 30.946 29.888 27.217 26.998 29.012 27.040 27.279 26.420 27.573 27.382 27.524 27.480 27.076 0.000 0.000 0.000 0.000 0.000 0.000 
-0.000 0.000 0.000 0.000 0.000 0.001 28.544 27.744 27.904 29.586 29.702 29.126 27.401 29.207 27.540 27.631 28.175 27.425 27.900 26.892 27.930 26.667 27.605 0.000 0.000 0.000 0.000 0.000 0.000 
0.000 0.000 -0.000 0.000 0.000 0.000 0.001 28.153 27.649 28.756 27.843 28.775 28.352 30.008 25.940 28.869 28.109 28.658 28.151 26.968 27.294 26.480 0.000 0.000 0.000 0.000 0.000 0.000 0.000 
0.000 0.000 0.000 0.000 0.000 0.000 0.000 19.851 28.632 28.270 28.226 29.363 28.821 29.306 27.838 26.852 27.540 29.271 27.974 28.194 26.018 0.000 0.000 0.000 0.000 0.000 0.000 0.000 0.000 
0.000 0.000 0.000 0.000 0.000 0.000 0.000 0.000 14.590 27.978 27.249 27.767 26.433 28.111 29.417 28.809 28.307 28.886 26.488 21.881 0.000 0.000 0.000 0.000 0.000 0.000 0.000 0.000 0.000 
0.000 0.000 0.000 0.000 0.000 0.000 0.000 0.000 -0.000 0.000 25.727 26.511 27.104 28.109 26.667 27.961 26.053 23.329 24.988 0.000 0.000 0.000 0.000 0.000 0.000 0.000 0.000 0.000 0.000 
0.000 0.000 0.000 0.000 0.000 0.000 0.000 0.000 0.000 0.000 0.000 0.000 0.000 23.448 13.404 14.475 -0.000 0.000 0.000 -0.000 0.000 0.000 0.000 0.000 0.000 0.000 0.000 0.000 0.000 
0.000 0.000 0.000 0.000 0.000 0.000 0.000 0.000 0.000 0.000 0.000 0.000 0.000 0.000 0.000 0.000 0.000 0.000 0.000 -0.000 0.000 0.000 0.000 0.000 0.000 0.000 0.000 0.000 0.000 
0.000 0.000 0.000 0.000 0.000 0.000 0.000 0.000 0.000 0.000 0.000 0.000 0.000 0.000 0.000 0.000 0.000 0.000 0.000 0.000 0.000 0.000 0.000 0.000 0.000 0.000 0.000 0.000 0.000 
0.000 0.000 0.000 0.000 0.000 0.000 0.000 0.000 0.000 0.000 0.000 0.000 0.000 0.000 0.000 0.000 0.000 0.000 0.000 0.000 0.000 0.000 0.000 0.000 0.000 0.000 0.000 0.000 0.000 
