# Vol_scan Display Grid (processed)
# Grid size: 30 x 24
# Format: reflectivity
# Ref point: (-56000.000000, 15000.000000)
# Grid res: 1000.000000 meters
0.000 0.000 0.000 0.000 0.000 0.000 0.000 0.000 0.000 0.000 0.000 0.000 0.000 0.000 0.000 0.000 0.000 0.000 0.000 0.000 0.000 0.000 0.000 0.000 
0.000 -0.000 0.000 -0.000 0.000 0.000 0.000 0.000 0.000 0.000 0.000 0.000 0.000 0.000 0.000 0.000 0.000 0.000 0.000 0.000 0.000 0.000 0.000 0.000 
-0.000 0.000 0.000 -0.000 -0.000 0.000 0.000 0.000 0.000 0.000 0.000 0.000 -0.000 0.000 0.000 0.000 0.000 0.000 0.000 0.000 0.000 0.000 0.000 0.000 
0.000 0.000 0.000 0.000 0.000 0.000 11.255 11.458 25.821 24.720 25.778 22.139 23.885 22.497 0.000 -0.000 -0.000 0.000 0.000 0.000 0.000 0.000 0.000 0.000 
-0.000 0.000 0.000 0.000 2.926 25.006 28.260 26.611 30.418 25.680 28.684 28.391 26.656 28.595 28.651 24.864 0.000 -0.000 0.000 0.000 0.000 0.000 0.000 0.000 
-0.000 0.000 0.000 2.024 27.143 27.988 28.357 26.884 29.635 28.278 27.647 30.184 27.763 28.244 27.539 27.139 25.636 0.000 0.000 0.000 0.000 0.000 0.000 0.000 
0.000 0.000 0.025 23.521 28.591 26.124 26.957 30.428 28.089 28.624 28.186 27.650 28.923 28.191 29.124 28.982 28.910 23.669 0.000 0.000 0.000 0.000 0.000 0.000 
0.000 0.003 24.574 30.272 26.061 26.993 26.802 27.642 27.772 27.707 28.053 28.067 29.783 27.504 27.365 29.132 27.456 27.155 23.300 0.000 0.000 0.000 0.000 0.000 
0.000 20.200 29.211 28.498 28.160 29.093 27.095 27.957 27.546 26.528 28.548 27.572 27.694 30.251 27.595 28.430 29.058 27.160 28.521 20.157 0.000 0.000 0.000 0.000 
0.003 27.986 28.985 29.323 27.501 27.622 29.813 27.776 28.759 28.300 27.386 26.203 27.913 27.438 29.655 28.277 28.487 27.868 27.751 25.984 0.000 0.000 0.000 0.000 
14.091 28.252 27.806 27.227 28.813 30.335 29.320 26.474 27.119 28.253 28.692 27.334 28.718 26.680 27.768 29.165 27.299 29.086 28.245 27.586 0.000 0.000 0.000 0.000 
14.511 27.897 28.340 27.881 29.470 27.671 26.852 28.724 28.291 27.718 26.732 27.733 29.002 27.894 29.415 27.469 26.883 28.813 26.845 28.544 -0.000 0.000 0.000 0.000 
12.722 28.973 26.569 29.734 27.849 28.026 27.853 29.782 27.874 29.113 28.414 27.121 28.059 28.449 26.832 27.173 29.490 28.162 27.721 27.667 22.526 0.000 0.000 0.000 
27.412 26.669 27.451 27.471 27.226 28.466 27.599 27.591 26.028 26.891 28.039 27.057 28.795 29.067 29.243 27.996 27.762 28.089 27.965 28.518 0.000 0.000 0.000 0.000 
13.896 26.313 28.796 25.986 26.804 27.846 27.130 27.605 25.812 26.661 26.513 26.524 27.927 28.095 27.730 27.765 27.679 29.589 27.803 27.594 0.000 0.000 0.000 0.000 
36.707 27.162 29.060 29.452 27.345 28.273 24.097 28.256 27.369 26.927 27.052 26.449 27.629 27.362 27.082 27.460 27.502 29.129 27.803 27.860 0.000 0.000 -0.000 0.000 
17.400 28.698 27.691 28.675 27.512 26.673 27.934 25.620 27.244 27.200 25.642 24.774 25.411 26.226 28.138 28.672 28.871 28.779 27.785 27.329 0.000 -0.000 -0.000 0.000 
6.699 27.546 28.549 29.285 28.348 27.585 27.342 27.242 26.182 26.648 26.264 25.583 27.873 27.997 25.854 27.291 28.273 28.632 27.024 25.320 -0.000 0.000 0.000 0.000 
6.006 2.147 27.359 27.450 27.651 27.567 27.306 25.287 27.250 25.031 28.011 25.568 26.213 25.084 27.179 26.694 28.726 28.022 27.234 14.650 0.000 0.000 0.000 0.000 
6.420 0.046 23.861 27.531 25.798 27.967 26.725 26.613 27.430 26.079 24.736 26.865 26.072 27.475 26.364 28.694 30.811 28.051 24.283 0.000 0.000 0.000 0.000 0.000 
4.510 0.088 0.001 26.159 26.539 28.662 27.847 26.417 27.031 24.810 27.646 26.308 27.545 25.789 26.975 28.982 29.644 28.293 0.000 0.000 0.000 0.000 0.000 0.000 
0.000 0.112 0.006 0.000 27.781 28.182 27.717 25.440 26.501 26.105 25.255 26.705 26.470 27.623 27.684 27.199 25.122 0.000 0.000 0.000 0.000 0.000 0.000 0.000 
0.000 0.000 0.000 0.000 0.001 0.001 24.764 28.116 25.517 28.016 26.765 26.682 27.008 24.764 24.280 23.026 0.000 0.000 0.000 0.000 0.000 0.000 0.000 0.000 
0.000 -0.000 0.000 0.000 0.000 0.000 0.000 0.001 16.410 23.548 21.736 21.851 17.835 0.000 -0.000 0.000 0.000 0.000 0.000 0.000 0.000 0.000 0.000 0.000 
0.000 0.000 0.000 0.000 0.000 0.000 0.000 0.000 0.000 0.000 0.000 0.000 0.000 0.000 0.000 0.000 0.000 0.000 0.000 0.000 0.000 0.000 0.000 0.000 
0.000 0.000 -0.000 0.000 0.000 -0.000 -0.000 -0.000 0.000 -0.000 0.000 -0.000 0.000 0.000 0.000 0.000 0.000 0.000 0.000 0.000 0.000 0.000 0.000 0.000 
0.000 0.000 0.000 0.000 0.000 0.000 -0.000 0.000 0.000 -0.000 0.000 0.000 0.000 0.000 0.000 0.000 0.000 0.000 0.000 0.000 0.000 0.000 0.000 0.000 
0.000 0.000 0.000 0.000 0.000 0.000 0.000 -0.000 -0.000 0.000 0.000 0.000 0.000 0.000 0.000 0.000 0.000 0.000 0.000 0.000 0.000 0.000 0.000 0.000 
0.000 0.000 0.000 0.000 0.000 0.000 0.000 0.000 0.000 0.000 0.000 0.000 0.000 0.000 0.000 0.000 0.000 0.000 0.000 0.000 0.000 0.000 0.000 0.000 
0.000 0.000 0.000 0.000 0.000 0.000 0.000 0.000 0.000 0.000 0.000 0.000 0.000 0.000 0.000 0.000 0.000 0.000 0.000 0.000 0.000 0.000 0.000 0.000 
