# Vol_scan Display Grid (processed)
# Grid size: 31 x 32
# Format: reflectivity
# Ref point: (-51000.000000, 11000.000000)
# Grid res: 1000.000000 meters
0.000 0.000 0.000 0.000 0.000 0.000 0.000 0.000 0.000 -0.000 0.000 0.000 0.000 0.000 0.000 0.000 0.000 0.000 0.000 0.000 0.000 0.000 0.000 0.000 0.000 0.000 0.000 0.000 0.000 0.000 0.000 0.000 
0.000 0.000 0.000 0.000 0.000 0.000 0.000 0.000 -0.000 0.000 0.000 -0.000 -0.000 0.000 0.000 0.000 0.000 0.000 0.000 0.000 0.000 0.000 0.000 0.000 0.000 0.000 0.000 0.000 0.000 0.000 0.000 0.000 
0.000 0.000 0.000 0.000 0.000 0.000 0.000 0.000 0.000 0.000 -0.000 0.000 0.000 -0.000 -0.000 0.000 0.000 0.000 0.000 0.000 0.000 0.000 0.000 0.000 0.000 0.000 0.000 0.000 0.000 0.000 0.000 0.000 
0.000 0.000 0.000 0.000 0.000 0.000 0.000 0.000 0.000 0.000 -0.000 0.000 0.000 0.000 0.000 0.002 7.424 -0.000 0.000 0.000 0.000 0.000 0.000 0.000 0.000 0.000 0.000 0.000 0.000 0.000 0.000 0.000 
0.000 0.000 0.000 0.000 0.000 0.000 -0.000 0.000 0.000 0.000 0.003 6.107 8.527 11.176 20.397 0.002 0.005 0.056 6.108 5.510 0.000 0.000 0.000 0.000 0.000 0.000 0.000 0.000 0.000 0.000 0.000 0.000 
0.000 0.000 0.000 0.000 0.000 0.000 -0.000 -0.000 0.000 0.003 19.573 22.461 26.019 26.810 27.253 25.056 21.402 22.825 27.081 6.733 5.930 0.000 0.000 0.000 0.000 0.000 0.000 0.000 0.000 0.000 0.000 0.000 
0.000 0.000 0.000 0.000 0.000 -0.000 0.000 0.000 0.021 23.109 27.538 27.087 26.806 26.417 27.916 26.060 27.717 27.824 25.033 26.480 23.094 5.615 5.450 0.000 0.000 0.000 0.000 0.000 0.000 0.000 0.000 0.000 
0.000 0.000 0.000 0.000 0.000 0.000 0.041 24.482 27.983 28.478 25.718 26.827 27.168 27.475 28.227 27.269 27.651 29.148 27.836 26.325 26.076 8.267 0.038 0.062 0.000 0.000 0.000 0.000 0.000 0.000 0.000 0.000 
0.000 0.000 0.000 0.000 0.000 0.000 24.146 28.213 27.894 26.800 25.344 28.193 28.751 26.952 26.456 28.278 28.533 28.347 27.564 26.780 27.333 27.046 4.130 0.030 0.000 0.000 0.000 0.000 0.000 0.000 0.000 0.000 
0.000 0.000 0.000 0.000 -0.000 0.000 28.291 27.776 27.559 27.214 28.205 27.265 27.401 28.002 27.621 27.432 27.586 27.890 27.610 27.507 27.825 28.189 23.680 0.006 0.000 0.000 0.000 0.000 0.000 0.000 0.000 0.000 
0.000 0.000 0.000 0.000 -0.000 27.953 29.079 27.933 26.988 27.088 28.106 26.699 27.837 28.260 26.751 28.557 27.380 28.108 26.843 26.862 26.491 28.780 26.888 2.148 0.000 -0.000 -0.000 0.000 0.000 0.000 0.000 0.000 
0.000 0.000 0.000 0.000 -0.000 26.321 27.658 28.667 28.290 26.963 28.229 27.502 28.676 27.663 27.326 26.743 27.279 27.484 27.814 26.849 27.671 27.901 26.607 26.786 0.000 0.000 -0.000 -0.000 0.000 0.000 0.000 0.000 
0.000 0.000 0.000 0.000 26.355 26.617 27.730 27.725 28.597 26.628 29.259 27.876 28.452 27.343 29.612 26.573 27.635 26.620 27.456 26.692 28.141 27.614 27.651 26.953 0.003 0.000 0.000 -0.000 -0.000 0.000 0.000 0.000 
0.000 0.000 0.000 -0.000 26.399 27.881 27.103 30.645 28.426 28.222 27.622 27.335 27.607 28.217 28.113 28.025 29.293 27.751 27.075 26.348 27.578 27.585 28.491 27.636 0.004 -0.000 0.000 -0.000 -0.000 -0.000 0.000 0.000 
0.000 0.000 0.000 0.000 26.684 27.517 26.860 28.293 27.069 27.562 29.096 28.553 27.270 28.539 33.091 27.590 27.023 27.096 27.695 26.325 26.559 27.892 28.708 27.322 0.004 0.000 0.000 0.000 0.000 -0.000 -0.000 0.000 
0.000 0.000 0.000 -0.000 26.574 26.696 27.091 27.370 27.095 26.825 27.891 32.041 32.096 35.251 36.513 33.074 33.228 29.364 28.661 27.299 27.136 27.377 26.535 28.339 0.001 0.000 0.000 0.000 0.000 0.000 -0.000 0.000 
0.000 0.000 0.000 0.000 26.832 27.014 28.692 27.580 27.535 27.211 27.687 37.109 35.354 37.091 38.671 36.646 37.959 33.795 26.418 27.141 28.705 27.019 28.687 26.370 0.000 0.000 0.000 0.000 0.000 0.000 0.000 0.000 
0.000 -0.000 0.000 -0.000 0.000 26.096 27.753 28.162 27.700 26.273 36.248 38.667 35.930 37.295 38.656 35.606 37.011 36.414 36.361 27.009 27.217 27.491 25.909 25.100 0.001 0.000 0.000 0.000 0.000 0.000 0.000 0.000 
0.000 0.000 0.000 0.000 -0.000 26.899 27.124 26.890 26.589 36.410 37.190 36.224 36.031 36.370 36.768 36.232 37.412 36.213 36.563 27.299 28.472 28.163 28.589 27.763 0.000 0.000 0.000 0.000 0.000 0.000 0.000 0.000 
0.000 -0.000 0.000 -0.000 0.000 26.954 27.364 28.201 26.660 38.104 37.250 38.901 36.118 38.077 38.521 37.464 38.871 35.553 36.070 27.802 28.642 27.757 27.899 24.785 -0.000 0.000 -0.000 0.000 0.000 0.000 0.000 0.000 
0.000 0.000 0.000 -0.000 0.000 -0.000 28.005 27.311 27.212 33.313 34.598 36.678 38.318 39.246 36.988 37.664 37.449 38.351 37.790 27.901 26.899 28.399 28.154 -0.000 -0.000 0.000 0.000 0.000 0.000 0.000 0.000 0.000 
0.000 0.000 0.000 0.000 0.000 -0.000 20.142 27.500 27.187 35.153 38.599 35.903 36.274 37.522 38.229 36.665 36.782 37.437 36.322 28.774 27.535 28.551 17.273 0.000 0.000 0.000 0.000 0.000 0.000 0.000 0.000 0.000 
0.000 0.000 0.000 0.000 0.000 0.000 0.000 25.563 26.206 27.305 36.195 37.790 38.496 38.434 36.048 36.107 36.652 36.353 27.685 27.773 28.220 23.339 0.000 0.000 0.000 0.000 0.000 0.000 0.000 0.000 0.000 0.000 
0.000 0.000 0.000 0.000 0.000 0.000 0.000 0.000 25.017 24.821 36.991 36.435 36.222 35.909 36.124 36.317 36.666 35.755 24.201 28.580 21.169 -0.000 0.000 0.000 0.000 0.000 0.000 0.000 0.000 0.000 0.000 0.000 
0.000 0.000 0.000 0.000 0.000 0.000 0.000 0.000 0.000 0.000 23.538 29.802 34.153 34.804 36.713 36.432 28.369 24.717 0.000 -0.000 0.000 -0.000 0.000 0.000 0.000 0.000 0.000 0.000 0.000 0.000 0.000 0.000 
0.000 0.000 0.000 0.000 0.000 0.000 0.000 0.000 0.000 0.000 0.000 -0.000 0.000 24.757 34.583 -0.000 0.000 0.000 0.000 0.000 0.000 0.000 0.000 0.000 0.000 0.000 0.000 0.000 0.000 0.000 0.000 0.000 
0.000 0.000 0.000 0.000 0.000 0.000 0.000 0.000 0.000 0.000 0.000 0.000 0.000 0.000 0.000 -0.000 -0.000 0.000 0.000 0.000 0.000 0.000 0.000 0.000 0.000 0.000 0.000 0.000 0.000 0.000 0.000 0.000 
0.000 0.000 0.000 0.000 0.000 0.000 0.000 0.000 0.000 0.000 0.000 0.000 0.000 0.000 0.000 0.000 -0.000 0.000 0.000 0.000 0.000 0.000 0.000 0.000 0.000 0.000 0.000 0.000 0.000 0.000 0.000 0.000 
0.000 0.000 0.000 0.000 0.000 0.000 0.000 0.000 0.000 0.000 0.000 0.000 0.000 0.000 0.000 0.000 0.000 0.000 0.000 0.000 0.000 0.000 0.000 0.000 0.000 0.000 0.000 0.000 0.000 0.000 0.000 0.000 
0.000 0.000 0.000 0.000 0.000 0.000 0.000 0.000 0.000 0.000 0.000 0.000 0.000 0.000 0.000 -0.000 0.000 0.000 0.000 0.000 0.000 0.000 0.000 0.000 0.000 0.000 0.000 0.000 0.000 0.000 0.000 0.000 
0.000 0.000 0.000 0.000 0.000 0.000 0.000 0.000 0.000 0.000 0.000 0.000 0.000 0.000 0.000 0.000 0.000 0.000 0.000 0.000 0.000 0.000 0.000 0.000 0.000 0.000 0.000 0.000 0.000 0.000 0.000 0.000 
