# Vol_scan Display Grid (processed)
# Grid size: 29 x 29
# Format: reflectivity
# Ref point: (-82000.000000, 11000.000000)
# Grid res: 1000.000000 meters
0.000 0.000 0.000 0.000 0.000 0.000 0.000 0.000 0.000 0.000 0.000 0.000 0.000 0.000 0.000 0.000 0.000 0.000 0.000 0.000 0.000 0.000 0.000 0.000 0.000 0.000 0.000 0.000 0.000 
0.000 0.000 0.000 0.000 0.000 0.000 0.000 0.000 0.000 0.000 0.000 0.000 0.000 0.000 -0.000 0.000 0.000 0.000 0.000 0.000 0.000 0.000 0.000 0.000 0.000 0.000 0.000 0.000 0.000 
0.000 0.000 0.000 0.000 0.000 0.000 0.000 0.000 0.000 0.000 0.000 0.000 0.000 0.000 0.000 0.000 0.000 0.000 0.000 0.000 0.000 0.000 0.000 0.000 0.000 0.000 0.000 0.000 0.000 
0.000 0.000 0.000 0.000 0.000 0.000 0.000 0.000 0.000 0.000 0.000 0.000 0.000 0.000 0.000 -0.000 0.000 0.000 0.000 0.000 0.000 0.000 0.000 0.000 0.000 0.000 0.000 0.000 0.000 
0.000 0.000 0.000 0.000 0.000 0.000 0.000 0.000 0.000 0.000 0.000 0.000 -0.000 -0.000 0.000 0.000 0.000 -0.000 0.000 0.000 0.000 0.000 0.000 0.000 0.000 0.000 0.000 0.000 0.000 
0.000 0.000 0.000 0.000 0.000 0.000 0.000 0.000 0.000 0.000 0.000 0.001 0.000 0.001 0.001 0.002 0.000 0.000 0.000 0.000 -0.000 0.000 0.000 0.000 0.000 0.000 0.000 0.000 0.000 
0.000 0.000 0.000 0.000 0.000 0.000 0.000 7.150 0.001 0.001 3.150 17.367 24.258 19.283 22.595 24.020 21.009 17.306 0.000 -0.000 0.000 0.000 0.000 0.000 0.000 0.000 0.000 0.000 0.000 
0.000 0.000 0.000 0.000 0.000 0.000 6.690 4.904 10.066 22.443 25.608 28.418 27.737 27.770 30.151 29.006 29.338 28.520 27.128 4.503 0.000 0.000 0.000 0.000 0.000 0.000 0.000 0.000 0.000 
0.000 0.000 0.000 0.000 0.000 7.890 5.715 6.292 24.638 26.845 27.279 25.751 28.651 29.094 27.897 29.039 28.216 28.071 28.958 26.572 22.530 0.000 0.000 0.000 0.000 0.000 0.000 0.000 0.000 
0.000 0.000 0.000 0.000 5.620 4.928 23.238 24.656 29.136 27.220 27.321 28.117 27.300 25.872 30.730 28.016 27.585 29.107 30.394 27.411 28.580 25.397 -0.000 0.000 0.000 0.000 0.000 0.000 0.000 
0.000 0.000 0.000 6.500 6.570 26.648 25.936 27.532 29.059 29.269 26.739 26.807 27.914 26.453 27.988 29.347 28.517 27.350 27.381 28.260 29.824 27.488 14.358 0.000 0.000 0.000 0.000 0.000 0.000 
0.000 0.000 0.000 3.460 6.311 28.602 27.022 27.164 28.125 26.627 28.777 28.427 28.691 28.842 29.086 29.202 29.746 28.300 27.675 26.808 27.699 28.363 27.570 -0.000 0.000 0.000 0.000 0.000 0.000 
0.000 0.000 8.190 0.037 0.056 27.580 28.571 28.916 27.346 26.906 25.577 28.435 28.045 28.213 28.889 26.333 26.347 28.460 29.952 26.497 27.179 28.859 27.233 24.647 -0.000 0.000 0.000 0.000 0.000 
0.000 0.000 6.160 0.138 5.367 29.565 28.102 27.205 27.754 26.610 28.350 27.993 29.951 27.176 27.565 25.970 28.285 27.604 29.437 27.874 27.930 28.752 26.875 28.500 0.000 0.000 0.000 0.000 0.000 
0.000 0.000 0.047 0.013 23.163 26.581 28.264 26.813 28.269 28.133 27.456 27.768 27.007 28.837 28.341 26.964 28.297 27.091 28.219 26.573 27.020 27.602 28.159 26.664 0.000 0.000 0.000 0.000 0.000 
0.000 0.000 0.010 0.002 24.807 28.025 27.642 27.969 30.981 27.277 28.541 27.853 29.091 27.483 28.465 28.477 29.127 27.405 28.813 26.475 28.309 28.268 28.322 28.064 0.000 0.000 0.000 0.000 0.000 
0.000 0.000 0.001 0.000 26.346 26.951 27.829 26.959 28.744 28.588 27.064 27.153 26.770 29.522 30.748 30.032 28.680 26.811 28.593 28.744 29.065 26.991 27.959 28.380 0.000 0.000 0.000 0.000 0.000 
0.000 0.000 0.000 0.000 27.235 27.708 27.317 28.687 26.972 28.443 29.361 27.960 28.355 28.713 28.967 28.934 27.877 28.739 28.307 29.172 27.552 28.266 27.936 28.737 0.000 -0.000 0.000 0.000 0.000 
0.000 -0.000 0.000 0.000 20.126 26.796 27.373 27.869 26.703 29.418 26.787 26.701 27.877 28.205 28.317 27.936 27.782 29.265 27.485 27.952 27.570 27.682 28.544 27.914 -0.000 -0.000 0.000 0.000 0.000 
0.000 0.000 0.000 0.000 5.622 29.933 29.266 26.484 27.675 28.128 28.912 27.264 28.967 28.627 27.972 28.992 29.400 26.752 28.450 28.844 27.183 29.962 28.241 25.812 0.000 0.000 0.000 0.000 0.000 
0.000 -0.000 0.000 0.000 0.000 27.133 27.157 29.088 27.872 27.936 29.830 27.563 27.003 27.698 27.782 27.262 29.240 27.367 28.382 28.022 27.123 29.893 27.939 23.280 0.000 0.000 0.000 0.000 0.000 
0.000 0.000 0.000 -0.000 0.000 0.237 27.090 26.418 27.888 28.195 27.724 27.148 27.370 28.990 27.556 27.497 27.823 29.268 29.366 28.330 27.172 27.520 29.220 0.000 0.000 0.000 0.000 0.000 0.000 
0.000 0.000 0.000 -0.000 0.000 0.000 24.174 28.105 28.534 27.664 27.158 28.040 28.631 25.635 27.606 27.232 28.111 28.568 28.513 27.140 28.510 26.339 25.383 0.000 0.000 0.000 0.000 0.000 0.000 
0.000 0.000 0.000 0.000 0.000 0.000 0.001 23.976 28.934 27.963 28.353 29.415 27.206 28.099 26.832 26.781 28.504 28.554 28.239 29.464 27.135 23.076 0.000 0.000 0.000 0.000 0.000 0.000 0.000 
0.000 0.000 0.000 -0.000 0.000 -0.000 -0.000 20.222 24.576 28.774 27.964 28.335 27.290 27.343 29.533 28.443 26.399 28.252 27.354 26.338 24.908 0.000 0.000 0.000 0.000 0.000 0.000 0.000 0.000 
0.000 0.000 0.000 0.000 0.000 0.000 -0.000 0.000 0.000 25.538 26.006 26.502 28.941 27.538 27.053 29.189 28.604 25.293 23.692 15.477 0.000 0.000 0.000 0.000 0.000 0.000 0.000 0.000 0.000 
0.000 0.000 0.000 0.000 0.000 0.000 0.000 0.000 0.000 -0.000 -0.000 26.184 26.004 26.600 24.247 22.992 23.516 17.113 0.000 0.000 -0.000 0.000 0.000 0.000 0.000 0.000 0.000 0.000 0.000 
0.000 0.000 0.000 0.000 0.000 0.000 0.000 0.000 0.000 0.000 0.000 0.000 0.000 0.000 -0.000 -0.000 0.000 0.000 -0.000 0.000 0.000 0.000 0.000 0.000 0.000 0.000 0.000 0.000 0.000 
0.000 0.000 0.000 0.000 0.000 0.000 0.000 0.000 0.000 0.000 0.000 0.000 0.000 0.000 0.000 0.000 0.000 0.000 0.000 0.000 0.000 0.000 0.000 0.000 0.000 0.000 0.000 0.000 0.000 
