# Vol_scan Display Grid (processed)
# Grid size: 31 x 30
# Format: reflectivity
# Ref point: (-89000.000000, 10000.000000)
# Grid res: 1000.000000 meters
0.000 0.000 0.000 0.000 0.000 0.000 0.000 0.000 0.000 0.000 0.000 0.000 0.000 0.000 0.000 0.000 0.000 0.000 0.000 0.000 0.000 0.000 0.000 0.000 0.000 0.000 0.000 0.000 0.000 0.000 
0.000 0.000 0.000 0.000 0.000 0.000 0.000 0.000 0.000 0.000 0.000 0.000 0.000 0.000 0.000 -0.000 0.000 0.000 0.000 0.000 0.000 0.000 0.000 0.000 0.000 0.000 0.000 0.000 0.000 0.000 
0.000 0.000 0.000 0.000 0.000 0.000 0.000 0.000 0.000 0.000 0.000 0.000 0.000 0.000 0.000 0.000 -0.000 -0.000 -0.000 -0.000 -0.000 0.000 0.000 0.000 0.000 0.000 0.000 0.000 0.000 0.000 
0.000 0.000 0.000 0.000 0.000 0.000 0.000 0.000 0.000 0.000 0.000 0.000 -0.000 -0.000 0.000 0.000 -0.000 -0.000 -0.000 0.000 -0.000 0.000 0.000 0.000 0.000 0.000 0.000 0.000 0.000 0.000 
0.000 0.000 0.000 0.000 0.000 0.000 0.000 0.000 0.000 0.000 0.000 0.000 0.000 0.000 0.000 0.000 0.000 0.000 0.000 -0.000 -0.000 -0.000 0.000 0.000 0.000 0.000 0.000 0.000 0.000 0.000 
0.000 0.000 0.000 0.000 0.000 0.000 0.000 0.000 0.000 0.000 0.000 0.007 0.001 0.001 0.639 0.716 0.994 1.496 0.000 0.000 0.000 0.000 0.000 0.000 0.000 0.000 0.000 0.000 0.000 0.000 
0.000 0.000 0.000 0.000 0.000 0.000 0.000 0.000 0.000 6.523 0.582 9.425 23.369 26.687 24.204 23.659 23.185 23.721 8.644 5.646 0.001 0.000 0.000 0.000 0.000 0.000 0.000 0.000 0.000 0.000 
0.000 0.000 0.000 0.000 0.000 0.000 0.000 0.000 7.223 23.844 24.633 26.528 28.526 28.901 26.363 29.084 27.175 26.973 28.134 25.841 26.982 0.000 -0.000 0.000 0.000 0.000 0.000 0.000 0.000 0.000 
0.000 0.000 0.000 0.000 0.000 0.000 0.000 5.686 21.837 24.021 27.792 28.017 26.583 30.521 27.343 28.697 27.838 28.779 28.155 27.521 27.019 21.629 7.438 -0.000 0.000 0.000 0.000 0.000 0.000 0.000 
0.000 0.000 0.000 0.000 0.000 0.000 4.449 29.871 28.351 26.069 27.457 27.616 28.818 29.958 26.814 27.948 28.540 28.090 25.356 26.973 27.963 27.304 20.350 0.000 0.000 0.000 0.000 0.000 0.000 0.000 
0.000 0.000 0.000 0.000 0.000 0.166 2.780 30.449 27.524 30.223 27.590 27.498 28.158 28.376 27.888 30.131 26.144 26.075 27.012 26.190 27.204 28.224 28.990 25.412 -0.000 0.000 0.000 0.000 0.000 0.000 
0.000 0.000 0.000 0.000 0.000 0.025 26.841 27.617 28.362 25.929 27.474 27.636 27.085 29.071 28.096 27.952 29.032 28.092 28.533 28.734 29.193 27.330 28.581 28.932 -0.000 -0.000 0.000 0.000 0.000 0.000 
0.000 0.000 0.000 0.000 -0.000 0.517 26.633 28.225 28.672 27.355 27.053 27.524 28.654 28.398 27.184 27.849 29.014 26.684 27.438 28.915 29.081 26.176 29.285 28.294 22.072 0.000 0.000 0.000 0.000 0.000 
0.000 0.000 0.000 0.000 0.000 14.315 28.137 28.342 27.118 29.104 27.010 28.129 26.857 28.138 27.759 28.998 27.407 28.627 28.611 28.335 28.577 28.524 29.307 29.912 26.165 0.000 0.000 0.000 0.000 0.000 
0.000 0.000 -0.000 0.000 0.000 25.637 27.855 27.079 28.906 28.547 27.448 28.683 27.555 25.665 27.104 28.031 28.372 27.303 27.833 30.180 27.530 28.187 29.894 28.235 28.653 0.000 0.000 0.000 0.000 0.000 
0.000 0.000 0.000 0.000 0.000 27.922 27.413 28.194 27.380 28.162 28.002 27.151 27.772 29.951 26.913 27.883 29.127 29.073 28.614 27.748 27.628 26.557 28.367 28.106 27.343 0.000 -0.000 0.000 0.000 0.000 
0.000 0.000 0.000 0.000 0.000 27.949 27.296 27.602 28.516 26.889 27.075 29.308 27.654 26.704 26.060 28.853 27.696 31.154 27.140 28.127 28.285 26.906 28.077 29.045 27.612 -0.000 0.000 -0.000 0.000 0.000 
-0.000 0.000 0.000 0.000 0.000 27.656 28.252 27.354 26.073 26.457 26.729 26.513 27.785 28.007 26.368 28.480 27.079 28.347 27.775 28.518 26.664 27.627 26.891 25.794 27.531 -0.000 0.000 0.000 0.000 0.000 
0.000 0.000 0.000 0.000 0.000 0.005 28.292 29.283 26.463 30.237 28.823 27.552 27.146 28.240 29.246 28.500 30.398 27.505 27.254 26.960 27.924 27.651 28.641 29.049 27.718 0.000 0.000 0.000 0.000 0.000 
0.000 0.000 -0.000 0.000 0.000 0.002 27.906 28.253 26.757 28.707 26.785 26.706 28.200 28.541 29.362 27.319 29.836 28.259 28.559 26.069 29.866 27.622 27.752 27.454 27.596 0.000 0.000 0.000 0.000 0.000 
-0.000 0.000 0.000 -0.000 0.000 0.000 28.896 28.762 28.046 29.094 29.146 28.899 29.245 27.417 27.999 29.237 26.294 28.645 27.768 28.207 27.674 27.511 27.559 25.831 24.992 0.000 0.000 0.000 0.000 0.000 
0.000 -0.000 0.000 0.000 -0.000 0.000 0.001 27.007 29.566 28.546 31.097 26.416 28.261 28.607 27.500 27.895 27.702 26.739 27.831 28.443 26.721 27.620 29.209 26.516 0.000 0.000 0.000 0.000 0.000 0.000 
0.000 0.000 -0.000 -0.000 0.000 0.000 0.000 27.737 26.903 27.399 27.475 28.964 28.030 30.481 28.317 27.819 27.507 27.746 28.168 27.732 27.760 28.212 27.420 0.000 0.000 0.000 0.000 0.000 0.000 0.000 
0.000 0.000 0.000 0.000 0.000 -0.000 0.000 0.000 27.392 28.417 28.156 28.794 28.720 28.449 28.083 28.381 27.924 26.315 28.408 27.899 27.478 28.245 25.769 0.000 0.000 0.000 0.000 0.000 0.000 0.000 
0.000 0.000 0.000 0.000 0.000 0.000 0.000 -0.000 0.000 22.512 28.878 27.987 28.995 26.677 27.037 26.955 27.698 26.789 28.562 27.277 25.970 25.406 0.000 0.000 0.000 0.000 0.000 0.000 0.000 0.000 
0.000 0.000 0.000 0.000 0.000 0.000 0.000 0.000 0.000 0.000 23.173 25.713 28.771 28.580 26.926 26.568 28.205 28.796 26.997 23.163 0.000 0.000 0.000 0.000 0.000 0.000 0.000 0.000 0.000 0.000 
0.000 0.000 0.000 0.000 0.000 0.000 0.000 0.000 0.000 0.000 0.000 0.000 0.000 16.017 22.757 21.457 20.891 15.544 0.000 0.000 0.000 0.000 0.000 0.000 0.000 0.000 0.000 0.000 0.000 0.000 
0.000 0.000 0.000 0.000 0.000 0.000 0.000 0.000 0.000 0.000 0.000 0.000 0.000 0.000 0.000 0.000 0.000 -0.000 0.000 0.000 0.000 0.000 0.000 0.000 0.000 0.000 0.000 0.000 0.000 0.000 
0.000 0.000 0.000 0.000 0.000 0.000 0.000 0.000 0.000 0.000 0.000 0.000 0.000 0.000 0.000 0.000 0.000 0.000 0.000 0.000 0.000 0.000 0.000 0.000 0.000 0.000 0.000 0.000 0.000 0.000 
0.000 0.000 0.000 0.000 0.000 0.000 0.000 0.000 0.000 0.000 0.000 0.000 0.000 0.000 0.000 0.000 0.000 0.000 0.000 0.000 0.000 0.000 0.000 0.000 0.000 0.000 0.000 0.000 0.000 0.000 
0.000 0.000 0.000 0.000 0.000 0.000 0.000 0.000 0.000 0.000 0.000 0.000 0.000 0.000 0.000 0.000 0.000 0.000 0.000 0.000 0.000 0.000 0.000 0.000 0.000 0.000 0.000 0.000 0.000 0.000 
