# Vol_scan Display Grid (processed)
# Grid size: 30 x 31
# Format: reflectivity
# Ref point: (-59000.000000, 12000.000000)
# Grid res: 1000.000000 meters
0.000 0.000 0.000 0.000 0.000 0.000 0.000 0.000 0.000 0.000 0.000 0.000 0.000 0.000 0.000 0.000 0.000 0.000 0.000 0.000 0.000 0.000 0.000 0.000 0.000 0.000 0.000 0.000 0.000 0.000 0.000 
0.000 0.000 0.000 0.000 0.000 0.000 -0.000 0.000 -0.000 -0.000 -0.000 0.000 0.000 0.000 0.000 0.000 0.000 0.000 0.000 0.000 0.000 0.000 0.000 0.000 0.000 0.000 0.000 0.000 0.000 0.000 0.000 
0.000 0.000 0.000 0.000 0.000 0.000 -0.000 0.000 0.000 -0.000 0.000 -0.000 0.000 -0.000 0.000 0.000 0.000 0.000 0.000 0.000 0.000 0.000 0.000 0.000 0.000 0.000 0.000 0.000 0.000 0.000 0.000 
0.000 0.000 0.000 0.000 0.000 0.000 0.000 0.000 0.000 -0.000 0.000 0.000 0.001 0.002 0.001 0.020 5.550 7.220 0.000 0.000 0.000 0.000 0.000 0.000 0.000 0.000 0.000 0.000 0.000 0.000 0.000 
0.000 0.000 0.000 0.000 -0.000 0.000 -0.000 0.000 0.000 0.000 3.706 13.461 20.937 25.101 25.226 14.876 25.512 5.903 5.620 6.060 0.000 0.000 0.000 0.000 0.000 0.000 0.000 0.000 0.000 0.000 0.000 
0.000 0.000 0.000 0.000 0.000 0.000 0.000 0.002 20.554 25.496 28.577 29.202 26.925 28.318 25.778 27.318 23.574 27.250 7.083 6.720 6.380 0.000 0.000 0.000 0.000 0.000 0.000 0.000 0.000 0.000 0.000 
0.000 0.000 0.000 0.000 0.000 0.000 0.002 19.863 27.934 25.911 26.212 26.793 26.289 26.247 26.960 26.363 27.925 28.348 29.383 15.646 3.442 6.090 0.000 0.000 0.000 0.000 0.000 0.000 0.000 0.000 0.000 
0.000 0.000 0.000 0.000 0.000 21.556 26.921 27.187 26.065 26.724 28.018 26.969 27.142 27.014 26.093 26.566 26.440 27.735 26.789 26.460 13.191 0.001 -0.000 0.000 0.000 0.000 0.000 0.000 0.000 0.000 0.000 
0.000 0.000 0.000 0.000 0.000 24.024 26.089 26.851 29.679 27.556 27.248 26.701 27.240 28.073 27.792 27.676 29.073 27.706 27.585 29.227 27.787 23.688 0.000 0.000 0.000 0.000 0.000 0.000 0.000 0.000 0.000 
0.000 0.000 0.000 0.000 4.796 27.265 26.914 27.433 28.704 28.163 27.468 26.443 28.310 27.456 28.356 27.436 26.383 27.403 27.204 26.298 25.676 25.987 0.001 0.000 -0.000 -0.000 0.000 0.000 0.000 0.000 0.000 
0.000 0.000 0.000 23.772 28.075 27.386 27.815 28.039 27.320 25.100 28.048 25.342 27.316 27.138 26.464 26.700 27.312 27.173 25.987 26.428 27.592 27.240 23.604 0.000 -0.000 -0.000 -0.000 0.000 0.000 0.000 0.000 
0.000 0.000 0.000 22.435 27.822 27.064 27.918 27.502 27.271 27.348 26.473 27.462 27.070 27.155 27.165 27.233 27.227 26.988 27.196 26.550 27.034 27.564 24.709 0.000 0.000 -0.000 0.000 0.000 0.000 0.000 0.000 
0.000 0.000 -0.000 23.323 25.837 28.037 27.098 27.285 26.907 27.448 29.614 28.044 28.086 26.276 27.701 27.480 27.621 26.508 28.391 26.704 28.480 26.713 27.204 0.001 0.000 -0.000 0.000 0.000 -0.000 0.000 0.000 
0.000 0.000 0.000 27.388 27.797 27.766 26.832 26.940 29.325 27.874 27.197 26.890 29.515 26.741 26.363 27.347 27.960 26.706 28.392 27.723 26.593 27.002 27.671 0.000 0.000 0.000 -0.000 0.000 -0.000 -0.000 0.000 
0.000 -0.000 -0.000 27.167 27.718 26.729 27.183 26.550 27.384 27.500 29.297 27.227 26.338 27.289 26.870 26.778 28.446 28.914 28.146 25.098 27.350 29.241 26.785 1.674 0.000 0.000 0.000 -0.000 0.000 -0.000 0.000 
0.000 0.000 -0.000 23.791 25.791 26.815 28.183 27.428 26.765 27.404 26.670 26.416 25.842 27.171 26.108 28.798 26.717 26.937 25.464 27.697 26.325 27.859 25.739 0.000 0.000 -0.000 0.000 0.000 0.000 0.000 0.000 
0.000 0.000 0.000 27.065 27.624 26.959 28.953 27.242 26.081 28.296 25.035 26.624 25.988 23.564 27.050 28.255 26.587 25.038 27.435 27.408 25.978 26.638 27.073 0.000 0.000 0.000 -0.000 0.000 0.000 0.000 0.000 
0.000 0.000 0.000 0.000 26.459 27.374 27.171 28.036 26.709 26.616 26.258 25.780 26.010 25.442 26.320 27.282 27.437 26.217 26.498 27.809 27.602 27.893 26.498 0.000 0.000 0.000 0.000 0.000 0.000 0.000 0.000 
-0.000 0.000 0.000 0.000 27.645 27.856 28.959 27.271 27.529 26.932 25.471 26.134 26.710 26.697 25.078 25.578 27.812 25.283 27.543 27.554 28.831 26.245 24.834 0.000 0.000 -0.000 0.000 0.000 0.000 0.000 0.000 
-0.000 0.000 0.000 -0.000 23.441 26.808 30.319 28.555 25.876 27.082 24.962 26.837 28.546 25.512 26.494 27.198 27.213 25.813 28.519 28.579 26.451 27.667 0.000 0.000 0.000 -0.000 0.000 0.000 0.000 0.000 0.000 
0.000 0.000 0.000 -0.000 0.000 26.562 28.584 27.919 27.924 26.909 26.322 26.880 25.522 27.435 26.764 26.837 27.487 26.940 25.733 27.032 27.114 0.000 0.000 0.000 0.000 0.000 0.000 0.000 0.000 0.000 0.000 
0.000 0.000 0.000 0.000 0.000 21.946 27.734 27.358 27.346 24.501 26.331 26.829 25.956 27.610 27.997 27.275 25.436 26.479 28.012 26.798 0.000 0.000 0.000 0.000 0.000 0.000 0.000 0.000 0.000 0.000 0.000 
0.000 0.000 0.000 0.000 0.000 0.000 0.000 24.969 27.622 26.654 26.798 26.182 26.298 28.106 26.659 26.427 26.648 26.800 23.177 27.538 0.000 0.000 0.000 0.000 0.000 0.000 0.000 0.000 0.000 0.000 0.000 
0.000 0.000 0.000 0.000 0.000 0.000 0.000 0.000 27.342 27.178 27.230 25.380 24.956 26.509 25.797 27.355 26.842 25.229 23.281 0.000 0.000 -0.000 0.000 0.000 0.000 0.000 0.000 0.000 0.000 0.000 0.000 
0.000 0.000 0.000 0.000 0.000 0.000 0.000 0.000 0.000 19.281 23.392 21.047 21.963 22.905 22.330 23.510 23.168 0.000 -0.000 -0.000 -0.000 0.000 0.000 0.000 0.000 0.000 0.000 0.000 0.000 0.000 0.000 
0.000 0.000 0.000 0.000 0.000 0.000 0.000 0.000 0.000 0.000 0.000 0.000 -0.000 0.000 0.000 0.000 0.000 0.000 0.000 0.000 0.000 0.000 0.000 0.000 0.000 0.000 0.000 0.000 0.000 0.000 0.000 
0.000 0.000 0.000 0.000 0.000 0.000 0.000 0.000 0.000 0.000 0.000 0.000 0.000 0.000 0.000 -0.000 0.000 0.000 0.000 0.000 0.000 0.000 0.000 0.000 0.000 0.000 0.000 0.000 0.000 0.000 0.000 
0.000 0.000 0.000 0.000 0.000 0.000 0.000 0.000 0.000 0.000 0.000 0.000 0.000 0.000 0.000 -0.000 -0.000 0.000 0.000 0.000 0.000 0.000 0.000 0.000 0.000 0.000 0.000 0.000 0.000 0.000 0.000 
0.000 0.000 0.000 0.000 0.000 0.000 0.000 0.000 0.000 0.000 0.000 0.000 0.000 0.000 0.000 0.000 -0.000 0.000 0.000 0.000 0.000 0.000 0.000 0.000 0.000 0.000 0.000 0.000 0.000 0.000 0.000 
0.000 0.000 0.000 0.000 0.000 0.000 0.000 0.000 0.000 0.000 0.000 0.000 0.000 0.000 0.000 0.000 0.000 0.000 0.000 0.000 0.000 0.000 0.000 0.000 0.000 0.000 0.000 0.000 0.000 0.000 0.000 
