# Vol_scan Display Grid (processed)
# Grid size: 32 x 32
# Format: reflectivity
# Ref point: (-55000.000000, 11000.000000)
# Grid res: 1000.000000 meters
0.000 0.000 0.000 0.000 0.000 0.000 0.000 0.000 0.000 0.000 0.000 0.000 0.000 0.000 0.000 0.000 0.000 0.000 0.000 0.000 0.000 0.000 0.000 0.000 0.000 0.000 0.000 0.000 0.000 0.000 0.000 0.000 
0.000 0.000 0.000 0.000 0.000 0.000 0.000 -0.000 0.000 -0.000 0.000 0.000 0.000 0.000 0.000 0.000 0.000 0.000 0.000 0.000 0.000 0.000 0.000 0.000 0.000 0.000 0.000 0.000 0.000 0.000 0.000 0.000 
0.000 0.000 0.000 0.000 0.000 0.000 -0.000 0.000 0.000 0.000 0.000 0.000 0.000 0.000 0.000 0.000 0.000 0.000 0.000 0.000 0.000 0.000 0.000 0.000 0.000 0.000 0.000 0.000 0.000 0.000 0.000 0.000 
0.000 0.000 0.000 0.000 0.000 0.000 0.000 0.000 0.000 0.000 0.000 0.000 -0.000 0.000 -0.000 0.000 0.000 0.000 0.000 0.000 0.000 0.000 0.000 0.000 0.000 0.000 0.000 0.000 0.000 0.000 0.000 0.000 
0.000 0.000 0.000 0.000 0.000 -0.000 0.000 0.000 0.000 0.000 0.000 0.000 0.001 0.002 0.003 0.004 0.001 0.038 5.816 0.000 0.000 0.000 0.000 0.000 0.000 0.000 0.000 0.000 0.000 0.000 0.000 0.000 
0.000 0.000 0.000 0.000 0.000 0.000 0.000 0.000 0.000 0.000 0.003 5.339 22.334 20.774 23.777 22.255 24.688 8.089 6.067 6.169 5.311 0.000 0.000 0.000 0.000 0.000 0.000 0.000 0.000 0.000 0.000 0.000 
0.000 0.000 0.000 0.000 0.000 0.000 -0.000 0.000 4.474 22.769 25.947 26.224 26.590 28.253 25.607 26.750 27.510 26.068 26.990 25.963 5.784 6.157 0.000 0.000 0.000 0.000 0.000 0.000 0.000 0.000 0.000 0.000 
0.000 0.000 0.000 0.000 0.000 -0.000 0.000 0.003 24.860 25.531 28.203 27.104 26.604 27.305 26.570 27.067 27.274 27.703 27.373 26.892 29.086 0.080 0.031 0.000 0.000 0.000 0.000 0.000 0.000 0.000 0.000 0.000 
0.000 0.000 0.000 0.000 0.000 0.000 0.000 22.881 26.431 26.680 26.063 28.050 27.190 25.941 25.764 27.141 25.538 28.388 26.840 26.700 26.115 24.783 0.012 0.031 0.000 0.000 0.000 0.000 0.000 0.000 0.000 0.000 
0.000 0.000 0.000 0.000 0.000 15.542 27.643 27.387 28.308 26.469 28.478 25.758 26.777 26.467 26.630 28.229 27.008 27.634 25.550 25.895 26.642 26.849 21.451 0.000 0.000 0.000 0.000 0.000 0.000 0.000 0.000 0.000 
0.000 0.000 0.000 0.000 -0.000 24.382 25.210 28.536 26.796 25.773 27.876 27.545 27.766 27.383 27.307 26.480 27.899 26.482 25.748 25.575 27.690 27.234 26.631 0.002 0.000 -0.000 0.000 0.000 0.000 0.000 0.000 0.000 
0.000 0.000 0.000 -0.000 0.000 25.711 26.107 27.481 28.288 27.049 26.581 27.729 27.718 28.242 28.178 26.613 28.717 26.978 26.530 25.776 28.000 25.535 27.349 22.223 0.000 -0.000 0.000 0.000 0.000 0.000 0.000 0.000 
0.000 0.000 0.000 0.000 24.801 27.699 26.602 25.939 27.860 26.403 27.365 28.295 26.711 27.250 27.601 28.567 27.370 27.133 27.453 27.406 26.709 26.075 27.181 25.921 0.000 0.000 0.000 0.000 0.000 0.000 0.000 0.000 
0.000 0.000 0.000 0.000 24.361 26.949 27.186 25.589 28.057 28.015 26.202 27.593 28.096 26.247 26.163 26.809 25.795 26.715 27.212 28.509 29.236 27.930 26.345 28.102 4.138 0.000 0.000 0.000 0.000 0.000 0.000 0.000 
0.000 0.000 0.000 -0.000 27.761 28.061 28.749 28.376 28.536 27.623 27.499 28.617 30.976 25.327 28.637 27.570 27.136 27.104 27.232 27.409 28.132 27.472 26.775 28.410 0.003 0.000 0.000 0.000 0.000 0.000 0.000 0.000 
0.000 0.000 0.000 0.000 27.391 28.467 28.066 26.781 28.485 28.224 28.039 25.619 28.908 27.628 25.145 28.004 27.806 27.052 26.926 27.405 27.979 26.565 27.274 27.969 0.001 0.000 0.000 0.000 0.000 0.000 0.000 0.000 
0.000 0.000 -0.000 0.000 27.729 27.431 28.020 28.055 26.604 28.028 28.699 28.850 28.398 27.471 28.084 27.999 29.477 26.158 25.845 25.787 26.231 27.112 28.732 27.088 24.449 0.000 0.000 0.000 0.000 0.000 -0.000 0.000 
0.000 0.000 -0.000 0.000 24.134 27.875 28.549 28.285 26.437 26.460 27.700 27.776 26.435 27.129 26.888 27.464 27.792 28.290 28.568 26.995 27.657 27.195 27.869 28.782 0.001 0.000 0.000 -0.000 0.000 0.000 0.000 0.000 
0.000 0.000 0.000 0.000 23.715 28.034 26.792 28.833 26.708 28.799 27.158 27.897 27.990 26.784 28.247 27.677 28.878 26.745 27.137 27.697 26.371 26.125 28.311 26.624 0.000 0.000 0.000 0.000 -0.000 0.000 0.000 0.000 
0.000 0.000 0.000 0.000 0.000 25.162 27.769 26.982 28.449 26.777 26.837 26.145 27.237 26.125 26.776 26.103 27.568 27.088 26.984 26.180 26.270 25.374 29.407 0.001 0.000 0.000 0.000 0.000 0.000 0.000 0.000 0.000 
0.000 0.000 -0.000 -0.000 0.000 16.486 25.554 27.007 26.738 26.605 27.832 28.164 27.415 27.768 26.095 27.491 28.036 27.988 27.825 26.894 26.641 27.660 22.876 0.000 -0.000 0.000 0.000 0.000 0.000 0.000 0.000 0.000 
0.000 0.000 0.000 0.000 0.000 -0.000 24.772 27.649 28.241 26.123 26.559 27.490 27.289 27.578 27.203 25.702 26.665 27.074 28.093 28.208 27.602 28.308 -0.000 0.000 0.000 0.000 0.000 0.000 0.000 0.000 0.000 0.000 
0.000 0.000 0.000 0.000 0.000 0.000 0.000 24.538 27.224 27.812 28.130 25.734 27.446 26.609 26.661 28.116 27.082 25.879 26.594 27.602 26.742 0.000 0.000 -0.000 0.000 0.000 0.000 0.000 0.000 0.000 0.000 0.000 
0.000 0.000 0.000 0.000 0.000 0.000 0.000 0.000 24.973 26.931 25.956 26.194 26.311 26.885 27.452 26.450 27.420 26.942 28.044 23.368 0.000 0.000 0.000 0.000 0.000 0.000 0.000 0.000 0.000 0.000 0.000 0.000 
0.000 0.000 0.000 0.000 0.000 0.000 0.000 0.000 0.000 25.380 22.919 28.252 27.061 27.758 27.840 26.790 27.185 23.095 21.202 -0.000 0.000 0.000 0.000 0.000 0.000 0.000 0.000 0.000 0.000 0.000 0.000 0.000 
0.000 0.000 0.000 0.000 0.000 0.000 0.000 0.000 0.000 0.000 0.000 0.000 22.015 22.717 23.395 23.098 26.156 0.000 -0.000 0.000 0.000 -0.000 0.000 0.000 0.000 0.000 0.000 0.000 0.000 0.000 0.000 0.000 
0.000 0.000 0.000 0.000 0.000 0.000 0.000 0.000 0.000 0.000 0.000 0.000 0.000 -0.000 0.000 0.000 0.000 0.000 0.000 0.000 0.000 0.000 0.000 0.000 0.000 0.000 0.000 0.000 0.000 0.000 0.000 0.000 
0.000 0.000 0.000 0.000 0.000 0.000 0.000 0.000 0.000 0.000 0.000 0.000 0.000 0.000 -0.000 0.000 0.000 0.000 0.000 -0.000 0.000 0.000 0.000 0.000 0.000 0.000 0.000 0.000 0.000 0.000 0.000 0.000 
0.000 0.000 0.000 0.000 0.000 0.000 0.000 0.000 0.000 0.000 0.000 0.000 0.000 0.000 0.000 -0.000 0.000 0.000 0.000 0.000 0.000 0.000 0.000 0.000 0.000 0.000 0.000 0.000 0.000 0.000 0.000 0.000 
0.000 0.000 0.000 0.000 0.000 0.000 0.000 0.000 0.000 0.000 0.000 0.000 0.000 0.000 0.000 0.000 0.000 0.000 0.000 0.000 0.000 0.000 0.000 0.000 0.000 0.000 0.000 0.000 0.000 0.000 0.000 0.000 
0.000 0.000 0.000 0.000 0.000 0.000 0.000 0.000 0.000 0.000 0.000 0.000 0.000 0.000 0.000 0.000 0.000 0.000 0.000 0.000 0.000 0.000 0.000 0.000 0.000 0.000 0.000 0.000 0.000 0.000 0.000 0.000 
0.000 0.000 0.000 0.000 0.000 0.000 0.000 0.000 0.000 0.000 0.000 0.000 0.000 0.000 0.000 0.000 0.000 0.000 0.000 0.000 0.000 0.000 0.000 0.000 0.000 0.000 0.000 0.000 0.000 0.000 0.000 0.000 
