# Vol_scan Display Grid (processed)
# Grid size: 30 x 33
# Format: reflectivity
# Ref point: (-71000.000000, 11000.000000)
# Grid res: 1000.000000 meters
0.000 0.000 0.000 0.000 0.000 0.000 0.000 0.000 0.000 -0.000 0.000 0.000 0.000 0.000 0.000 0.000 0.000 0.000 0.000 0.000 0.000 0.000 0.000 0.000 0.000 0.000 0.000 0.000 0.000 0.000 0.000 0.000 0.000 
0.000 0.000 0.000 0.000 0.000 -0.000 0.000 0.000 0.000 0.000 0.000 0.000 0.000 0.000 0.000 0.000 0.000 0.000 0.000 0.000 0.000 0.000 0.000 0.000 0.000 0.000 0.000 0.000 0.000 0.000 0.000 0.000 0.000 
0.000 0.000 0.000 0.000 0.000 0.000 0.000 0.000 0.000 0.000 0.000 0.000 0.000 0.001 0.002 0.019 6.060 0.000 0.000 0.000 0.000 0.000 0.000 0.000 0.000 0.000 0.000 0.000 0.000 0.000 0.000 0.000 0.000 
0.000 0.000 0.000 0.000 0.000 -0.000 0.000 0.000 0.000 0.000 23.297 1.448 21.240 23.833 21.805 27.961 29.269 22.891 6.018 0.000 0.000 0.000 0.000 0.000 0.000 0.000 0.000 0.000 0.000 0.000 0.000 0.000 0.000 
0.000 0.000 0.000 0.000 0.000 0.000 0.000 0.000 0.000 22.206 29.487 27.658 29.397 27.983 28.926 27.553 27.944 27.637 26.765 4.742 6.833 0.000 0.000 0.000 0.000 0.000 0.000 0.000 0.000 0.000 0.000 0.000 0.000 
0.000 0.000 0.000 0.000 0.000 0.000 0.000 24.870 29.674 29.196 28.557 28.811 27.802 26.466 28.846 26.710 28.943 28.378 29.017 26.159 10.291 0.003 0.000 0.000 0.000 0.000 0.000 0.000 0.000 0.000 0.000 0.000 0.000 
0.000 0.000 0.000 0.000 -0.000 0.000 6.372 27.840 30.129 26.894 28.372 28.949 28.503 27.394 27.217 27.466 27.145 26.144 26.801 26.813 29.712 6.323 0.000 -0.000 -0.000 0.000 0.000 0.000 0.000 0.000 0.000 0.000 0.000 
0.000 0.000 0.000 0.000 0.000 23.927 25.191 27.278 25.711 29.271 27.485 27.975 26.909 30.373 25.266 27.900 29.003 26.897 26.941 28.074 27.004 28.111 0.000 0.000 0.000 0.000 -0.000 0.000 0.000 0.000 0.000 0.000 0.000 
0.000 0.000 0.000 0.000 0.000 26.207 29.048 29.619 27.522 26.638 27.856 28.572 27.871 28.451 28.678 28.605 29.406 28.500 27.306 28.666 26.908 28.341 29.159 0.000 0.000 0.000 0.000 0.000 0.000 0.000 0.000 0.000 0.000 
0.000 0.000 0.000 0.000 0.000 27.700 27.686 27.912 28.529 28.833 28.834 27.816 26.635 28.279 27.973 29.812 28.235 27.275 28.206 27.519 29.938 28.632 29.246 24.762 0.000 0.000 0.000 0.000 0.000 -0.000 0.000 0.000 0.000 
0.000 0.000 0.000 -0.000 0.000 26.255 27.991 26.467 28.735 27.625 27.120 27.167 29.698 27.390 27.764 28.331 28.457 27.227 28.716 28.122 28.901 28.988 28.432 1.624 0.000 0.000 0.000 -0.000 0.000 0.000 0.000 0.000 0.000 
0.000 0.000 0.000 -0.000 26.942 27.349 27.308 27.216 27.927 27.618 29.485 28.108 27.835 27.481 26.885 27.646 29.525 29.132 29.296 28.341 29.399 27.583 28.316 29.358 0.000 0.000 0.000 0.000 0.000 0.000 0.000 0.000 0.000 
0.000 0.000 0.000 -0.000 27.723 29.664 29.056 26.124 29.350 28.367 28.082 27.013 27.183 28.505 27.553 28.143 28.983 28.454 28.105 27.413 28.180 27.906 28.842 27.462 0.000 0.000 0.000 0.000 0.000 0.000 -0.000 0.000 0.000 
0.000 0.000 0.000 -0.000 27.090 26.495 25.968 29.414 27.403 28.616 26.908 28.255 28.621 25.876 31.195 27.261 28.308 27.302 28.488 29.087 27.814 29.658 27.685 27.890 0.000 0.000 0.000 0.000 -0.000 0.000 0.000 0.000 0.000 
0.000 0.000 0.000 0.000 28.214 27.672 28.687 28.055 28.043 27.767 26.697 25.524 27.136 27.388 24.948 25.639 27.843 26.130 29.890 28.186 26.649 28.408 27.545 28.701 0.000 0.000 0.000 0.000 0.000 0.000 0.000 0.000 0.000 
0.000 -0.000 -0.000 0.000 -0.000 27.982 28.318 26.333 28.049 27.318 26.528 28.174 27.058 25.910 26.986 25.588 25.269 27.269 28.162 28.286 27.509 28.320 27.075 24.397 -0.000 -0.000 -0.000 0.000 -0.000 0.000 0.000 0.000 0.000 
0.000 0.000 0.000 0.000 26.917 26.755 28.501 28.306 27.482 25.658 26.021 28.120 26.107 27.053 25.843 26.940 26.122 25.714 25.893 28.043 26.208 27.823 29.504 28.952 0.000 0.000 0.000 -0.000 0.000 0.000 0.000 0.000 0.000 
0.000 0.000 0.000 0.000 0.000 27.724 26.654 26.362 29.007 26.683 24.678 27.602 25.267 26.947 26.177 24.910 27.575 25.498 26.331 27.767 28.372 27.580 28.123 0.000 0.000 0.000 0.000 0.000 0.000 0.000 0.000 0.000 0.000 
0.000 0.000 0.000 0.000 0.000 24.226 26.553 27.263 27.535 26.844 25.246 25.900 25.850 25.322 26.480 25.064 26.388 27.030 27.077 26.144 26.569 26.289 27.664 0.000 0.000 -0.000 -0.000 0.000 0.000 0.000 0.000 0.000 0.000 
0.000 -0.000 -0.000 0.000 0.000 0.000 27.472 27.845 28.557 26.338 27.546 27.264 26.066 25.397 25.362 26.900 26.564 26.043 25.877 27.099 27.047 27.581 -0.000 0.000 -0.000 0.000 0.000 0.000 0.000 0.000 0.000 0.000 0.000 
0.000 0.000 0.000 0.000 0.000 -0.000 20.903 26.966 26.563 27.704 25.423 25.760 26.538 25.797 26.149 25.082 27.410 24.818 25.868 27.022 26.230 0.000 -0.000 0.000 0.000 0.000 0.000 0.000 0.000 0.000 0.000 0.000 0.000 
0.000 0.000 0.000 0.000 0.000 0.000 0.000 0.000 24.224 26.662 27.065 27.499 25.763 26.037 24.904 25.933 26.345 25.965 28.420 27.209 23.554 0.000 -0.000 0.000 0.000 0.000 0.000 0.000 0.000 0.000 0.000 0.000 0.000 
0.000 0.000 0.000 0.000 0.000 0.000 0.000 0.000 0.000 25.151 24.331 24.646 26.118 26.672 26.335 26.382 26.538 27.046 26.717 -0.000 -0.000 0.000 0.000 0.000 0.000 0.000 0.000 0.000 0.000 0.000 0.000 0.000 0.000 
0.000 0.000 0.000 0.000 0.000 0.000 0.000 0.000 0.000 0.000 0.000 24.132 23.269 19.299 22.742 22.121 16.124 0.000 0.000 0.000 -0.000 0.000 0.000 0.000 0.000 0.000 0.000 0.000 0.000 0.000 0.000 0.000 0.000 
0.000 0.000 0.000 0.000 0.000 0.000 0.000 0.000 0.000 0.000 0.000 0.000 0.000 0.000 0.000 -0.000 0.000 0.000 0.000 0.000 0.000 -0.000 0.000 0.000 0.000 0.000 0.000 0.000 0.000 0.000 0.000 0.000 0.000 
0.000 0.000 0.000 0.000 0.000 0.000 0.000 0.000 0.000 0.000 0.000 0.000 0.000 0.000 0.000 0.000 -0.000 0.000 0.000 0.000 0.000 0.000 0.000 0.000 0.000 0.000 0.000 0.000 0.000 0.000 0.000 0.000 0.000 
0.000 0.000 0.000 0.000 0.000 0.000 0.000 0.000 0.000 0.000 0.000 0.000 0.000 0.000 0.000 0.000 0.000 0.000 -0.000 0.000 0.000 0.000 0.000 0.000 0.000 0.000 0.000 0.000 0.000 0.000 0.000 0.000 0.000 
0.000 0.000 0.000 0.000 0.000 0.000 0.000 0.000 0.000 0.000 0.000 0.000 0.000 0.000 0.000 0.000 0.000 0.000 0.000 -0.000 0.000 0.000 0.000 0.000 0.000 0.000 0.000 0.000 0.000 0.000 0.000 0.000 0.000 
0.000 0.000 0.000 0.000 0.000 0.000 0.000 0.000 0.000 0.000 0.000 0.000 0.000 0.000 0.000 0.000 0.000 0.000 0.000 0.000 0.000 0.000 0.000 0.000 0.000 0.000 0.000 0.000 0.000 0.000 0.000 0.000 0.000 
0.000 0.000 0.000 0.000 0.000 0.000 0.000 0.000 0.000 0.000 0.000 0.000 0.000 0.000 0.000 0.000 0.000 0.000 0.000 0.000 0.000 0.000 0.000 0.000 0.000 0.000 0.000 0.000 0.000 0.000 0.000 0.000 0.000 
