# Vol_scan Display Grid (processed)
# Grid size: 31 x 32
# Format: reflectivity
# Ref point: (-56000.000000, 11000.000000)
# Grid res: 1000.000000 meters
0.000 0.000 0.000 0.000 0.000 0.000 0.000 0.000 0.000 0.000 0.000 0.000 0.000 0.000 0.000 0.000 0.000 0.000 0.000 0.000 0.000 0.000 0.000 0.000 0.000 0.000 0.000 0.000 0.000 0.000 0.000 0.000 
0.000 0.000 0.000 0.000 0.000 0.000 0.000 -0.000 0.000 0.000 -0.000 -0.000 0.000 0.000 0.000 0.000 0.000 0.000 0.000 0.000 0.000 0.000 0.000 0.000 0.000 0.000 0.000 0.000 0.000 0.000 0.000 0.000 
0.000 0.000 0.000 0.000 0.000 0.000 -0.000 0.000 -0.000 0.000 -0.000 0.000 0.000 -0.000 0.000 0.000 0.000 0.000 0.000 0.000 0.000 0.000 0.000 0.000 0.000 0.000 0.000 0.000 0.000 0.000 0.000 0.000 
0.000 0.000 0.000 0.000 0.000 0.000 0.000 0.000 0.000 0.000 -0.000 -0.000 -0.000 0.000 0.001 0.034 0.000 0.000 0.000 0.000 0.000 0.000 0.000 0.000 0.000 0.000 0.000 0.000 0.000 0.000 0.000 0.000 
0.000 0.000 0.000 0.000 0.000 -0.000 0.000 0.000 0.000 0.000 0.000 0.000 0.000 0.002 0.002 0.003 0.033 0.039 7.570 0.000 0.000 0.000 0.000 0.000 0.000 0.000 0.000 0.000 0.000 0.000 0.000 0.000 
0.000 0.000 0.000 0.000 0.000 -0.000 0.000 0.000 0.000 0.002 21.754 21.754 25.868 25.111 24.486 25.167 20.059 23.619 23.047 5.118 5.900 0.000 0.000 0.000 0.000 0.000 0.000 0.000 0.000 0.000 0.000 0.000 
0.000 0.000 0.000 0.000 0.000 0.000 0.000 0.000 0.002 22.427 26.607 27.824 27.685 27.163 27.704 28.381 28.356 26.925 25.030 30.897 6.021 7.240 0.000 0.000 0.000 0.000 0.000 0.000 0.000 0.000 0.000 0.000 
0.000 0.000 0.000 0.000 0.000 0.000 0.002 23.761 26.545 26.550 26.324 28.630 27.945 26.867 25.917 26.243 28.951 26.815 27.801 27.212 29.807 0.057 0.034 0.000 0.000 0.000 0.000 0.000 0.000 0.000 0.000 0.000 
0.000 0.000 0.000 0.000 -0.000 -0.000 23.169 27.884 26.357 27.665 26.750 26.727 27.994 27.461 26.552 27.280 27.889 26.721 26.779 29.370 27.347 23.403 0.004 0.025 0.000 0.000 0.000 0.000 0.000 0.000 0.000 0.000 
0.000 0.000 0.000 0.000 -0.000 0.000 22.969 28.476 27.882 27.810 28.388 27.642 29.082 26.570 26.980 27.757 27.628 26.858 26.242 26.526 26.420 25.962 22.153 0.000 0.000 -0.000 0.000 0.000 0.000 0.000 0.000 0.000 
0.000 0.000 0.000 0.000 0.000 27.137 26.596 27.028 26.887 26.583 27.982 27.157 27.726 27.117 29.016 26.379 27.477 27.530 27.198 27.587 27.113 26.465 25.327 1.886 0.000 0.000 -0.000 0.000 0.000 0.000 0.000 0.000 
0.000 0.000 0.000 0.000 -0.000 29.390 27.279 26.608 26.395 28.646 27.048 28.807 27.388 27.709 26.655 26.939 27.284 26.906 25.306 27.151 25.762 27.690 26.684 3.750 0.000 0.000 0.000 -0.000 0.000 0.000 0.000 0.000 
0.000 0.000 0.000 -0.000 0.000 26.955 27.841 27.945 28.336 27.054 27.118 27.370 26.317 28.707 28.493 27.957 27.606 28.121 27.214 26.555 27.378 26.886 25.954 27.531 0.002 0.000 -0.000 0.000 -0.000 0.000 0.000 0.000 
0.000 0.000 0.000 0.000 27.961 28.785 27.660 26.558 27.006 28.498 26.683 27.176 26.185 26.555 26.861 29.145 27.025 27.157 27.969 27.005 27.982 27.512 26.148 26.459 0.000 0.000 0.000 -0.000 0.000 0.000 0.000 0.000 
0.000 0.000 0.000 0.000 28.753 28.018 27.517 28.600 28.545 27.875 26.009 27.578 25.975 26.953 27.747 27.681 25.852 27.802 27.894 25.925 27.656 26.953 27.433 25.158 6.171 0.000 0.000 0.000 -0.000 0.000 0.000 0.000 
0.000 0.000 0.000 0.000 28.106 28.616 26.831 28.718 26.958 26.933 27.805 26.349 27.817 26.228 27.918 28.666 28.800 26.868 28.331 27.519 26.017 28.318 28.923 26.200 0.003 0.000 0.000 0.000 0.000 -0.000 -0.000 0.000 
0.000 0.000 0.000 0.000 24.982 27.943 26.269 27.541 26.549 27.498 28.239 27.298 27.440 28.415 27.951 26.404 26.367 26.596 26.146 26.667 27.131 27.089 27.257 26.219 0.000 0.000 0.000 0.000 0.000 0.000 0.000 0.000 
0.000 0.000 -0.000 -0.000 26.369 26.938 27.057 26.208 26.426 27.961 27.375 26.810 28.065 26.499 27.450 26.861 26.437 27.126 28.015 27.173 26.545 26.606 27.348 28.104 6.899 0.000 0.000 0.000 0.000 0.000 0.000 0.000 
0.000 -0.000 0.000 0.000 0.000 27.744 28.781 27.747 28.389 28.174 27.572 26.695 26.477 28.447 29.128 28.317 27.448 27.804 26.584 27.274 27.791 26.629 27.817 26.911 0.000 0.000 0.000 -0.000 -0.000 0.000 0.000 0.000 
0.000 0.000 0.000 0.000 -0.000 27.668 26.786 26.888 28.552 27.230 27.041 26.524 28.092 27.756 29.463 27.694 27.688 26.485 28.533 29.655 27.623 27.523 28.189 23.913 0.000 0.000 0.000 -0.000 0.000 0.000 0.000 0.000 
0.000 0.000 0.000 0.000 0.000 0.000 26.333 28.211 27.539 26.667 27.485 25.290 26.857 27.530 27.048 28.285 26.671 27.876 28.946 27.467 28.492 28.049 27.276 0.000 0.000 0.000 0.000 0.000 0.000 0.000 0.000 0.000 
0.000 0.000 0.000 0.000 0.000 0.000 23.285 27.231 26.982 27.298 27.028 25.444 27.597 27.073 27.935 27.463 28.041 27.424 27.416 27.200 27.267 27.234 0.000 0.000 -0.000 0.000 0.000 0.000 0.000 0.000 0.000 0.000 
0.000 0.000 0.000 0.000 0.000 0.000 0.000 24.880 27.812 27.474 27.411 25.633 25.701 26.065 27.522 28.026 28.161 27.064 27.496 26.693 25.546 0.000 -0.000 0.000 0.000 0.000 0.000 0.000 0.000 0.000 0.000 0.000 
0.000 0.000 0.000 0.000 0.000 0.000 0.000 0.000 25.484 27.902 26.931 26.048 27.917 27.371 26.671 26.291 27.247 25.973 27.205 22.887 0.000 0.000 0.000 0.000 0.000 0.000 0.000 0.000 0.000 0.000 0.000 0.000 
0.000 0.000 0.000 0.000 0.000 0.000 0.000 0.000 0.000 0.000 23.975 25.084 25.059 25.755 26.090 24.503 23.968 23.347 -0.000 0.000 0.000 0.000 0.000 0.000 0.000 0.000 0.000 0.000 0.000 0.000 0.000 0.000 
0.000 0.000 0.000 0.000 0.000 0.000 0.000 0.000 0.000 0.000 0.000 0.000 24.661 22.778 21.064 23.359 -0.000 -0.000 0.000 0.000 0.000 0.000 0.000 0.000 0.000 0.000 0.000 0.000 0.000 0.000 0.000 0.000 
0.000 0.000 0.000 0.000 0.000 0.000 0.000 0.000 0.000 0.000 0.000 0.000 0.000 0.000 0.000 0.000 0.000 -0.000 0.000 0.000 -0.000 0.000 0.000 0.000 0.000 0.000 0.000 0.000 0.000 0.000 0.000 0.000 
0.000 0.000 0.000 0.000 0.000 0.000 0.000 0.000 0.000 0.000 0.000 0.000 0.000 0.000 0.000 0.000 0.000 0.000 -0.000 0.000 0.000 0.000 0.000 0.000 0.000 0.000 0.000 0.000 0.000 0.000 0.000 0.000 
0.000 0.000 0.000 0.000 0.000 0.000 0.000 0.000 0.000 0.000 0.000 0.000 0.000 0.000 0.000 0.000 0.000 0.000 0.000 0.000 0.000 0.000 0.000 0.000 0.000 0.000 0.000 0.000 0.000 0.000 0.000 0.000 
0.000 0.000 0.000 0.000 0.000 0.000 0.000 0.000 0.000 0.000 0.000 0.000 0.000 0.000 0.000 0.000 0.000 0.000 0.000 0.000 0.000 0.000 0.000 0.000 0.000 0.000 0.000 0.000 0.000 0.000 0.000 0.000 
0.000 0.000 0.000 0.000 0.000 0.000 0.000 0.000 0.000 0.000 0.000 0.000 0.000 0.000 0.000 0.000 0.000 0.000 0.000 0.000 0.000 0.000 0.000 0.000 0.000 0.000 0.000 0.000 0.000 0.000 0.000 0.000 
