# Vol_scan Display Grid (processed)
# Grid size: 30 x 24
# Format: reflectivity
# Ref point: (-71000.000000, 15000.000000)
# Grid res: 1000.000000 meters
0.000 0.000 0.000 0.000 0.000 0.000 0.000 0.000 0.000 0.000 0.000 0.000 0.000 0.000 0.000 0.000 0.000 0.000 0.000 0.000 0.000 0.000 0.000 0.000 
0.000 0.000 0.000 0.000 0.000 0.000 -0.000 0.000 0.000 0.000 0.000 0.000 0.000 0.000 0.000 0.000 0.000 0.000 0.000 0.000 0.000 0.000 0.000 0.000 
0.000 0.000 0.000 0.000 0.000 0.000 -0.000 -0.000 0.000 0.000 0.000 0.000 0.000 0.000 0.000 0.000 0.000 0.000 0.000 0.000 0.000 0.000 0.000 0.000 
0.000 0.000 0.000 0.000 -0.000 0.000 0.000 0.000 0.000 0.000 0.000 -0.000 0.000 0.000 0.000 0.000 0.000 0.000 0.000 0.000 0.000 0.000 0.000 0.000 
0.000 0.000 0.000 0.000 0.000 0.000 0.000 0.000 0.000 -0.000 0.000 0.000 0.000 0.000 0.000 0.000 0.000 0.000 0.000 0.000 0.000 0.000 0.000 0.000 
0.000 0.000 0.000 0.000 0.000 0.000 0.000 0.051 0.044 0.190 0.384 0.484 0.000 -0.000 0.000 0.000 0.000 0.000 0.000 0.000 0.000 0.000 0.000 0.000 
0.000 0.000 0.001 0.000 0.000 0.003 2.906 24.097 23.585 24.097 27.598 23.451 25.830 18.619 7.560 0.000 0.000 0.000 0.000 0.000 0.000 0.000 0.000 0.000 
0.000 -0.000 0.001 0.002 9.537 20.232 27.115 28.118 28.211 27.187 28.186 28.238 28.211 28.365 26.312 25.690 0.000 0.000 0.000 0.000 0.000 0.000 0.000 0.000 
0.000 0.018 0.002 5.189 26.673 27.537 27.906 28.610 28.399 27.166 27.070 28.291 28.463 28.218 27.636 29.749 22.372 -0.000 0.000 0.000 0.000 0.000 0.000 0.000 
5.330 0.001 11.330 26.593 28.625 28.055 28.515 27.186 27.539 27.545 26.625 27.272 26.897 30.492 27.914 28.207 27.902 28.816 -0.000 0.000 0.000 0.000 0.000 0.000 
5.680 16.284 27.784 26.663 27.645 28.310 27.986 28.327 27.115 27.089 28.266 28.820 28.564 28.182 28.465 27.334 27.948 27.577 27.774 -0.000 0.000 0.000 0.000 0.000 
7.322 19.012 28.102 30.009 27.242 27.909 25.882 29.433 27.867 26.979 29.215 27.694 29.062 27.883 26.138 28.032 29.103 30.048 27.751 0.000 0.000 0.000 0.000 0.000 
6.289 27.662 28.780 28.194 27.482 27.462 27.566 27.154 28.484 27.968 28.206 27.739 27.797 26.609 27.375 27.781 29.209 26.861 28.297 23.083 0.000 0.000 -0.000 0.000 
25.284 27.240 28.470 29.817 28.995 27.198 27.229 28.201 25.474 26.373 27.702 27.520 29.162 27.441 29.401 28.133 28.899 28.225 27.327 28.951 0.000 0.000 0.000 0.000 
26.884 26.724 27.471 29.762 28.469 29.200 27.586 27.085 27.625 29.655 28.100 29.678 27.228 27.440 28.163 27.189 27.419 28.004 27.942 27.557 0.000 0.000 0.000 0.000 
25.869 27.113 27.178 28.300 26.768 27.815 29.258 28.244 28.447 28.769 27.436 28.068 27.872 26.801 28.686 29.031 29.119 28.693 29.651 29.656 0.000 0.000 0.000 0.000 
28.217 27.798 29.064 27.371 28.477 26.721 27.938 28.284 26.159 26.423 28.220 28.667 26.343 28.635 28.201 28.417 27.766 27.418 28.513 27.133 -0.000 0.000 0.000 0.000 
13.361 27.967 26.896 28.896 28.318 28.273 28.120 26.675 25.930 26.361 26.190 26.414 25.452 27.852 27.694 29.727 27.221 27.804 27.043 28.371 0.000 0.000 0.000 0.000 
0.005 27.051 28.221 27.728 27.660 28.719 26.033 25.132 24.063 24.852 25.432 26.648 27.095 25.976 26.555 27.625 28.816 27.650 28.326 29.124 0.000 0.000 0.000 0.000 
0.004 28.399 27.266 27.770 27.763 27.735 26.734 24.655 25.004 25.199 25.432 25.080 26.126 27.588 26.241 28.393 27.802 28.280 29.430 27.947 0.000 0.000 0.000 0.000 
0.000 25.204 29.123 26.426 30.321 26.490 26.298 25.630 24.466 26.070 25.972 25.941 25.936 25.728 26.540 28.089 27.976 29.366 27.437 23.828 0.000 0.000 0.000 0.000 
0.000 18.655 28.560 28.950 27.810 28.183 26.856 25.148 25.352 24.016 26.466 25.126 25.661 25.696 25.614 27.871 27.454 26.375 27.106 0.000 0.000 0.000 0.000 0.000 
0.000 0.001 24.325 27.504 26.342 27.972 26.824 23.872 25.317 24.133 28.125 26.269 26.225 24.979 26.475 27.998 28.811 27.934 19.487 0.000 0.000 0.000 0.000 0.000 
0.000 0.000 0.001 25.252 27.721 28.463 26.382 24.362 26.074 26.488 25.268 25.178 28.020 25.528 26.984 27.073 27.766 22.067 0.000 0.000 0.000 0.000 0.000 0.000 
0.000 0.000 0.000 0.001 23.688 28.829 25.989 27.007 25.540 25.689 25.209 25.828 26.228 26.570 27.393 28.137 23.414 0.000 0.000 -0.000 0.000 0.000 0.000 0.000 
0.000 0.000 0.000 0.000 0.000 16.188 25.338 22.166 26.885 25.425 25.418 25.849 26.119 25.624 24.677 0.000 0.000 0.000 0.000 0.000 0.000 0.000 0.000 0.000 
0.000 0.000 0.000 -0.000 0.000 0.000 0.000 0.000 21.331 22.204 22.105 26.510 20.681 0.000 0.000 0.000 0.000 0.000 0.000 0.000 0.000 0.000 0.000 0.000 
-0.000 0.000 0.000 0.000 0.000 0.000 -0.000 -0.000 0.000 0.000 0.000 0.000 0.000 0.000 0.000 0.000 0.000 0.000 0.000 0.000 0.000 0.000 0.000 0.000 
0.000 -0.000 0.000 0.000 0.000 0.000 0.000 0.000 0.000 0.000 0.000 0.000 0.000 0.000 0.000 0.000 0.000 0.000 0.000 0.000 0.000 0.000 0.000 0.000 
0.000 0.000 0.000 0.000 0.000 0.000 0.000 0.000 0.000 0.000 0.000 0.000 0.000 0.000 0.000 0.000 0.000 0.000 0.000 0.000 0.000 0.000 0.000 0.000 
