# Vol_scan Display Grid (processed)
# Grid size: 29 x 32
# Format: reflectivity
# Ref point: (-80000.000000, 11000.000000)
# Grid res: 1000.000000 meters
0.000 0.000 0.000 0.000 0.000 0.000 -0.000 0.000 0.000 0.000 0.000 0.000 0.000 0.000 0.000 0.000 0.000 0.000 0.000 0.000 0.000 0.000 0.000 0.000 0.000 0.000 0.000 0.000 0.000 0.000 0.000 0.000 
0.000 0.000 0.000 0.000 0.000 -0.000 -0.000 0.000 0.000 0.000 0.000 0.000 0.000 0.000 0.000 0.000 0.000 0.000 0.000 0.000 0.000 0.000 0.000 0.000 0.000 0.000 0.000 0.000 0.000 0.000 0.000 0.000 
0.000 0.000 0.000 -0.000 0.000 0.000 0.000 0.000 0.000 -0.000 0.000 0.000 0.000 3.048 0.000 0.000 0.000 0.000 0.000 0.000 0.000 0.000 0.000 0.000 0.000 0.000 0.000 0.000 0.000 0.000 0.000 0.000 
0.000 0.000 0.000 0.000 0.000 -0.000 0.000 -0.000 0.000 0.000 0.000 0.000 0.093 14.342 0.194 15.895 4.967 6.554 0.000 0.000 0.000 0.000 0.000 0.000 0.000 0.000 0.000 0.000 0.000 0.000 0.000 0.000 
0.000 0.000 0.000 0.000 0.000 0.000 0.000 0.000 0.147 0.000 24.202 27.982 23.726 29.408 28.474 23.153 24.274 30.373 16.394 6.231 0.000 0.000 0.000 0.000 0.000 0.000 0.000 0.000 0.000 0.000 0.000 0.000 
0.000 0.000 0.000 0.000 0.000 -0.000 0.000 0.000 23.014 24.182 26.254 28.146 28.508 30.359 28.533 27.900 28.046 27.884 25.126 27.253 0.000 0.000 0.000 0.000 0.000 0.000 0.000 0.000 0.000 0.000 0.000 0.000 
0.000 0.000 0.000 0.000 0.000 0.000 0.000 21.286 26.676 28.479 29.332 29.063 26.424 27.966 28.039 28.235 27.819 28.270 27.951 27.863 25.509 0.000 0.000 0.000 -0.000 0.000 0.000 0.000 0.000 0.000 0.000 0.000 
0.000 0.000 -0.000 0.000 0.000 0.000 29.589 27.709 26.800 27.707 28.455 27.087 25.935 27.462 28.644 27.982 26.552 29.130 29.220 27.921 28.504 23.782 0.000 0.000 -0.000 0.000 -0.000 0.000 0.000 0.000 0.000 0.000 
0.000 0.000 0.000 0.000 0.000 19.029 28.093 29.480 28.386 27.632 28.611 27.310 28.805 26.998 27.094 27.669 28.063 29.376 27.667 27.915 28.498 27.883 21.035 0.000 0.000 0.000 -0.000 0.000 -0.000 0.000 0.000 0.000 
0.000 0.000 0.000 0.000 0.000 24.971 29.075 29.305 28.063 27.435 27.554 27.320 28.208 28.832 29.018 29.036 28.851 27.460 27.057 27.529 28.066 29.358 29.097 0.061 -0.000 0.000 0.000 -0.000 0.000 0.000 -0.000 0.000 
0.000 0.000 0.000 0.000 29.385 28.385 31.125 27.523 27.013 26.272 28.704 28.137 28.533 27.471 29.106 30.633 27.498 27.604 28.057 29.351 28.130 30.457 27.675 27.464 0.000 -0.000 -0.000 0.000 0.000 -0.000 0.000 0.000 
0.000 0.000 0.000 0.000 27.405 26.755 29.818 27.964 27.292 28.168 26.155 27.552 26.410 27.483 29.945 27.315 28.812 27.905 28.251 28.518 28.236 27.132 28.227 9.120 0.000 0.000 0.000 0.000 0.000 0.000 0.000 0.000 
0.000 0.000 0.000 0.000 28.878 29.717 28.464 27.013 28.902 28.983 26.290 26.999 28.583 27.078 28.746 27.221 27.930 28.548 27.290 29.424 28.049 27.725 27.142 27.703 0.000 0.000 0.000 0.000 0.000 0.000 0.000 0.000 
0.000 0.000 0.000 0.000 28.396 29.459 28.678 27.939 27.374 28.306 29.438 29.534 26.895 29.481 29.124 27.774 29.515 27.472 28.074 27.866 27.991 27.783 30.063 28.680 0.000 0.000 -0.000 0.000 0.000 0.000 0.000 0.000 
0.000 -0.000 0.000 0.000 29.695 29.597 27.285 29.185 29.025 28.690 29.178 28.738 28.259 27.978 27.558 26.593 29.072 28.381 27.628 28.297 28.478 27.904 29.007 28.713 27.754 -0.000 0.000 0.000 -0.000 0.000 0.000 0.000 
0.000 -0.000 0.000 0.000 -0.000 30.243 29.766 28.352 28.987 26.803 28.552 27.825 28.275 28.816 29.197 26.466 28.164 30.014 27.653 28.907 28.812 27.716 27.937 28.952 0.000 0.000 0.000 0.000 0.000 0.000 0.000 0.000 
0.000 0.000 0.000 0.000 27.443 28.914 28.285 28.382 29.428 26.340 29.862 29.200 29.009 27.220 27.894 26.880 27.793 30.672 28.665 29.072 25.950 28.055 28.271 29.450 0.000 0.000 0.000 0.000 0.000 0.000 0.000 0.000 
0.000 -0.000 0.000 0.000 26.760 28.186 26.742 29.730 29.980 29.942 28.817 28.693 29.106 28.452 27.887 29.948 29.822 27.942 27.475 28.484 28.395 28.877 27.974 0.000 0.000 0.000 0.000 0.000 0.000 0.000 0.000 0.000 
0.000 -0.000 0.000 0.000 0.000 28.184 28.649 28.420 28.021 26.318 29.965 28.891 28.326 27.891 29.093 29.387 28.329 26.777 27.254 27.183 28.426 27.097 18.940 0.000 0.000 0.000 0.000 0.000 0.000 0.000 0.000 0.000 
-0.000 0.000 0.000 0.000 0.000 22.298 29.505 28.217 27.979 28.774 28.176 28.795 28.128 29.346 28.509 28.974 27.939 28.632 27.780 27.764 28.629 27.882 19.133 -0.000 0.000 0.000 0.000 0.000 0.000 0.000 0.000 0.000 
-0.000 -0.000 0.000 0.000 -0.000 0.000 25.506 27.417 28.962 27.945 28.019 28.570 26.731 27.434 27.800 29.412 28.822 26.134 29.550 29.404 28.663 0.000 0.000 0.000 0.000 -0.000 0.000 0.000 0.000 0.000 0.000 0.000 
0.000 0.000 0.000 -0.000 0.000 -0.000 0.000 22.907 28.887 28.730 30.086 27.962 27.364 27.577 29.104 28.386 29.273 27.695 27.178 28.714 27.140 -0.000 0.000 0.000 0.000 0.000 0.000 0.000 0.000 0.000 0.000 0.000 
0.000 0.000 0.000 0.000 0.000 0.000 0.000 -0.000 27.101 26.729 27.655 28.315 28.182 28.778 28.200 27.795 26.852 28.210 27.347 24.773 -0.000 -0.000 -0.000 -0.000 0.000 0.000 0.000 0.000 0.000 0.000 0.000 0.000 
0.000 0.000 0.000 0.000 0.000 0.000 0.000 0.000 0.000 0.000 27.117 28.124 27.130 27.375 27.649 26.376 24.573 22.675 25.696 0.000 0.000 0.000 -0.000 0.000 0.000 0.000 0.000 0.000 0.000 0.000 0.000 0.000 
0.000 0.000 0.000 0.000 0.000 0.000 0.000 0.000 0.000 0.000 0.000 0.000 -0.000 0.000 0.000 18.818 0.000 0.000 -0.000 0.000 -0.000 0.000 0.000 0.000 0.000 0.000 0.000 0.000 0.000 0.000 0.000 0.000 
0.000 0.000 0.000 0.000 0.000 0.000 0.000 0.000 0.000 0.000 0.000 0.000 0.000 0.000 0.000 0.000 0.000 0.000 0.000 0.000 -0.000 0.000 -0.000 0.000 0.000 0.000 0.000 0.000 0.000 0.000 0.000 0.000 
0.000 0.000 0.000 0.000 0.000 0.000 0.000 0.000 0.000 0.000 0.000 0.000 0.000 0.000 0.000 0.000 0.000 0.000 0.000 -0.000 0.000 0.000 0.000 0.000 0.000 0.000 0.000 0.000 0.000 0.000 0.000 0.000 
0.000 0.000 0.000 0.000 0.000 0.000 0.000 0.000 0.000 0.000 0.000 0.000 0.000 0.000 0.000 0.000 0.000 0.000 0.000 0.000 0.000 0.000 0.000 0.000 0.000 0.000 0.000 0.000 0.000 0.000 0.000 0.000 
0.000 0.000 0.000 0.000 0.000 0.000 0.000 0.000 0.000 0.000 0.000 0.000 0.000 0.000 0.000 0.000 0.000 0.000 0.000 0.000 -0.000 0.000 0.000 0.000 0.000 0.000 0.000 0.000 0.000 0.000 0.000 0.000 
