# Vol_scan Display Grid (processed)
# Grid size: 30 x 29
# Format: reflectivity
# Ref point: (-46000.000000, 11000.000000)
# Grid res: 1000.000000 meters
0.000 0.000 0.000 0.000 0.000 0.000 0.000 0.000 0.000 0.000 0.000 0.000 0.000 0.000 0.000 0.000 0.000 0.000 0.000 0.000 0.000 0.000 0.000 0.000 0.000 0.000 0.000 0.000 0.000 
0.000 0.000 0.000 0.000 0.000 0.000 0.000 0.000 0.000 0.000 0.000 0.000 0.000 0.000 -0.000 0.000 0.000 0.000 -0.000 0.000 0.000 0.000 0.000 0.000 0.000 0.000 0.000 0.000 0.000 
0.000 0.000 0.000 0.000 0.000 0.000 0.000 0.000 0.000 0.000 -0.000 -0.000 -0.000 -0.000 16.579 22.116 0.000 0.000 -0.000 0.000 0.000 0.000 0.000 0.000 0.000 0.000 0.000 0.000 0.000 
0.000 0.000 0.000 0.000 0.000 0.000 0.000 0.000 0.000 3.338 19.242 24.631 25.896 27.640 28.967 27.531 24.151 25.305 23.276 0.000 0.000 0.000 0.000 0.000 0.000 0.000 0.000 0.000 0.000 
0.000 0.000 0.000 -0.000 0.000 0.000 -0.000 0.032 1.294 22.771 28.098 27.987 27.534 27.690 28.046 28.866 28.082 27.066 27.329 23.154 0.000 0.000 0.000 0.000 0.000 0.000 0.000 0.000 0.000 
0.000 0.000 0.000 0.000 0.000 0.000 0.000 4.382 27.776 28.447 26.050 25.753 27.682 29.037 27.164 29.096 28.236 28.006 26.137 27.073 28.107 25.062 0.000 0.000 0.000 0.000 0.000 0.000 0.000 
0.000 0.000 0.000 -0.000 0.000 0.000 8.843 29.447 28.083 29.705 28.119 28.202 26.833 26.514 29.203 28.440 27.855 27.211 27.756 27.704 29.007 29.287 25.272 0.000 0.000 0.000 0.000 0.000 0.000 
0.000 0.000 0.000 -0.000 0.000 0.003 28.259 30.730 28.174 27.438 27.897 27.911 26.661 27.183 26.830 29.309 28.777 29.092 28.412 27.838 27.021 28.764 27.589 0.000 0.000 0.000 0.000 0.000 0.000 
0.000 -0.000 0.000 0.000 0.000 22.863 28.165 28.331 28.399 26.892 27.514 27.725 28.154 28.312 28.129 28.457 29.156 27.213 28.518 26.360 28.500 28.208 28.107 24.019 0.000 0.000 0.000 0.000 0.000 
0.000 0.000 0.000 0.000 0.001 24.101 26.427 27.320 27.606 28.011 28.125 27.233 26.742 27.269 28.030 27.777 28.446 27.891 28.078 26.613 27.883 28.032 27.983 28.121 0.000 0.000 0.000 0.000 0.000 
0.000 -0.000 0.000 0.000 0.003 27.760 26.343 28.825 27.026 27.904 28.923 28.545 26.832 25.962 27.195 29.337 28.408 27.603 29.255 27.330 27.362 27.908 28.247 27.585 -0.000 0.000 0.000 0.000 0.000 
0.000 0.000 0.000 0.000 11.595 27.020 27.414 28.735 29.248 28.761 27.355 30.044 28.242 28.629 27.678 27.884 27.659 27.489 27.359 26.945 28.138 27.153 29.541 27.624 26.212 -0.000 0.000 0.000 0.000 
0.000 0.000 0.002 0.000 11.151 28.510 27.619 27.620 28.833 27.707 29.081 26.586 27.736 28.161 28.581 30.017 28.370 28.354 30.233 27.597 27.857 28.240 27.872 28.776 29.480 0.000 0.000 0.000 0.000 
0.000 0.000 0.127 0.001 3.518 29.033 27.571 27.758 27.759 28.799 28.263 35.407 39.504 46.879 47.189 43.755 42.260 37.391 28.128 27.173 26.591 28.536 27.836 27.892 25.918 0.000 0.000 0.000 0.000 
0.000 0.000 0.036 0.027 9.947 28.116 26.209 28.645 27.379 27.001 29.426 40.297 45.689 44.925 43.930 45.156 45.119 44.143 34.433 27.584 28.113 29.176 27.119 27.979 0.000 -0.000 0.000 0.000 0.000 
0.000 0.000 5.430 0.018 0.012 26.809 27.268 27.874 27.493 28.718 44.258 47.604 45.521 45.883 43.601 45.881 44.445 44.150 44.458 28.395 28.197 28.645 26.913 28.559 17.725 0.000 0.000 0.000 0.000 
0.000 0.000 0.000 0.022 0.054 27.533 28.181 28.134 28.182 26.150 45.055 44.728 44.177 45.541 44.832 44.601 44.310 47.291 43.584 38.842 28.309 27.179 26.791 28.570 0.000 0.000 0.000 0.000 0.000 
0.000 0.000 0.000 7.510 7.499 23.500 27.042 28.616 27.378 25.450 46.585 43.492 49.005 43.576 43.819 47.578 43.732 43.071 43.447 45.288 28.075 25.754 26.749 25.666 0.000 0.000 0.000 0.000 0.000 
0.000 0.000 0.000 5.410 7.860 6.396 25.681 27.678 27.869 30.231 43.721 43.717 45.186 42.966 44.399 43.533 43.714 45.517 46.310 46.163 28.358 27.982 28.295 16.716 0.000 0.000 0.000 0.000 0.000 
0.000 0.000 0.000 0.000 4.580 5.428 5.869 27.611 27.183 28.010 43.964 44.161 42.183 44.132 46.081 43.992 46.392 47.203 45.360 45.307 27.977 27.154 16.848 0.000 0.000 0.000 0.000 0.000 0.000 
0.000 0.000 0.000 0.000 0.000 6.490 4.370 0.057 24.003 25.541 34.110 41.945 40.843 47.623 45.010 43.762 43.538 44.929 45.047 28.499 27.956 0.000 0.000 0.000 0.000 0.000 0.000 0.000 0.000 
0.000 0.000 0.000 0.000 0.000 4.650 7.960 2.920 0.005 8.812 28.770 45.166 40.833 40.381 47.306 45.273 42.828 46.306 43.908 23.475 24.360 0.000 0.000 0.000 0.000 0.000 0.000 0.000 0.000 
0.000 0.000 0.000 0.000 0.000 0.000 0.000 0.010 0.046 0.019 2.051 4.240 30.745 45.510 37.765 38.694 39.655 46.497 0.001 -0.000 0.000 0.000 0.000 0.000 0.000 0.000 0.000 0.000 0.000 
0.000 0.000 0.000 0.000 0.000 0.000 0.000 0.000 0.000 0.001 0.000 0.000 0.090 0.000 0.000 0.000 0.001 0.000 0.000 0.000 0.000 0.000 0.000 0.000 0.000 0.000 0.000 0.000 0.000 
0.000 0.000 0.000 0.000 0.000 0.000 0.000 0.000 0.000 0.000 0.003 0.000 -0.000 -0.000 0.000 0.000 0.000 -0.000 0.000 0.000 0.000 0.000 0.000 0.000 0.000 0.000 0.000 0.000 0.000 
0.000 0.000 0.000 0.000 0.000 0.000 0.000 0.000 0.000 0.000 0.000 0.000 0.000 0.000 0.000 -0.000 0.000 0.000 0.000 0.000 0.000 0.000 0.000 0.000 0.000 0.000 0.000 0.000 0.000 
0.000 0.000 0.000 0.000 0.000 0.000 0.000 0.000 0.000 0.000 0.000 0.000 0.000 0.000 0.000 0.000 0.000 0.000 0.000 0.000 0.000 0.000 0.000 0.000 0.000 0.000 0.000 0.000 0.000 
0.000 0.000 0.000 0.000 0.000 0.000 0.000 0.000 0.000 0.000 0.000 0.000 0.000 -0.000 -0.000 0.000 0.000 0.000 0.000 0.000 0.000 0.000 0.000 0.000 0.000 0.000 0.000 0.000 0.000 
0.000 0.000 0.000 0.000 0.000 0.000 0.000 0.000 0.000 0.000 0.000 0.000 0.000 0.000 0.000 0.000 0.000 0.000 0.000 0.000 0.000 0.000 0.000 0.000 0.000 0.000 0.000 0.000 0.000 
0.000 0.000 0.000 0.000 0.000 0.000 0.000 0.000 0.000 0.000 0.000 0.000 0.000 0.000 0.000 0.000 0.000 0.000 0.000 0.000 0.000 0.000 0.000 0.000 0.000 0.000 0.000 0.000 0.000 
