# Vol_scan Display Grid (processed)
# Grid size: 31 x 30
# Format: reflectivity
# Ref point: (-91000.000000, 10000.000000)
# Grid res: 1000.000000 meters
0.000 0.000 0.000 0.000 0.000 0.000 0.000 0.000 0.000 0.000 0.000 0.000 0.000 0.000 0.000 0.000 0.000 0.000 0.000 0.000 -0.000 0.000 0.000 0.000 0.000 0.000 0.000 0.000 0.000 0.000 
0.000 0.000 0.000 0.000 0.000 0.000 0.000 0.000 0.000 0.000 0.000 0.000 0.000 0.000 0.000 0.000 0.000 0.000 0.000 0.000 0.000 0.000 0.000 0.000 0.000 0.000 0.000 0.000 0.000 0.000 
0.000 0.000 0.000 0.000 0.000 0.000 0.000 0.000 0.000 0.000 0.000 0.000 0.000 0.000 0.000 -0.000 0.000 0.000 0.000 0.000 0.000 0.000 0.000 0.000 0.000 0.000 0.000 0.000 0.000 0.000 
0.000 0.000 0.000 0.000 0.000 0.000 0.000 0.000 0.000 0.000 0.000 0.000 0.000 -0.000 -0.000 0.000 0.000 -0.000 0.000 0.000 -0.000 0.000 0.000 0.000 0.000 0.000 0.000 0.000 0.000 0.000 
0.000 0.000 0.000 0.000 0.000 0.000 0.000 0.000 0.000 0.000 0.000 0.000 0.000 0.001 0.001 0.000 0.000 0.000 0.000 0.000 0.000 -0.000 0.000 0.000 0.000 0.000 0.000 0.000 0.000 0.000 
0.000 0.000 0.000 0.000 0.000 0.000 0.000 0.000 0.000 0.000 4.490 0.001 0.089 0.253 0.305 11.404 15.875 0.653 0.001 0.001 0.000 0.000 0.000 0.000 0.000 0.000 0.000 0.000 0.000 0.000 
0.000 0.000 0.000 0.000 0.000 0.000 0.000 0.000 7.390 0.067 14.234 24.844 25.405 27.953 27.325 27.487 28.702 28.757 25.259 1.463 0.001 0.000 0.000 0.000 0.000 0.000 0.000 0.000 0.000 0.000 
0.000 0.000 0.000 0.000 0.000 0.000 0.000 7.587 18.105 25.063 25.138 26.801 28.451 27.708 28.051 27.892 28.863 27.635 29.234 27.921 23.953 20.286 0.000 0.000 0.000 0.000 0.000 0.000 0.000 0.000 
0.000 0.000 0.000 0.000 0.000 0.000 6.247 14.392 28.459 26.693 29.947 27.925 27.557 28.078 29.455 27.537 28.983 27.820 27.302 27.654 28.233 24.999 9.036 0.000 0.000 0.000 0.000 0.000 0.000 0.000 
0.000 0.000 0.000 0.000 0.000 0.000 20.651 28.367 27.994 29.725 29.066 27.530 27.231 27.075 27.992 28.055 27.734 27.496 28.009 28.222 26.959 27.613 27.327 0.000 0.000 0.000 0.000 0.000 0.000 0.000 
0.000 0.000 0.000 0.000 0.000 0.058 8.167 24.984 27.925 28.208 28.851 27.604 30.713 28.485 27.322 28.883 25.744 28.244 29.340 28.379 25.339 26.943 28.515 24.364 -0.000 0.000 0.000 0.000 0.000 0.000 
0.000 0.000 0.000 0.000 0.000 0.007 29.772 27.226 26.584 28.190 26.516 28.582 28.783 27.241 28.144 25.889 27.703 27.795 26.253 27.876 27.288 27.798 29.256 26.183 26.411 0.000 0.000 0.000 0.000 0.000 
0.000 0.000 0.000 0.000 0.000 0.192 29.447 28.365 28.951 27.307 28.273 26.657 29.666 27.452 28.974 27.254 27.712 28.494 26.399 27.911 28.007 26.369 27.643 28.096 22.827 0.000 0.000 0.000 0.000 0.000 
0.000 0.000 0.000 0.000 0.000 18.648 28.198 28.897 28.189 26.385 29.263 28.261 27.909 28.218 28.105 27.733 28.513 27.143 29.318 28.128 27.375 27.777 28.871 28.015 28.730 -0.000 -0.000 0.000 0.000 0.000 
0.000 0.000 0.000 0.000 0.000 25.540 27.776 26.477 27.447 27.131 27.507 27.336 27.875 27.797 29.047 27.138 29.186 27.577 26.920 27.308 28.011 26.172 27.743 26.980 28.119 0.000 0.000 0.000 0.000 0.000 
0.000 0.000 -0.000 0.000 0.000 28.730 28.490 26.577 29.210 26.932 28.030 29.254 28.530 28.983 26.871 26.666 29.093 27.208 28.676 30.718 27.016 28.293 27.998 27.837 26.922 0.000 -0.000 -0.000 0.000 0.000 
0.000 -0.000 0.000 0.000 0.000 27.756 29.232 28.676 28.411 28.046 29.050 29.418 26.083 28.348 27.994 29.243 27.947 28.987 29.083 30.751 28.946 28.017 29.610 27.410 27.092 0.000 0.000 -0.000 0.000 0.000 
0.000 0.000 0.000 0.000 0.000 28.000 26.666 27.286 27.001 26.874 27.112 26.917 27.237 28.182 29.442 28.954 28.665 29.035 29.357 29.658 26.567 26.678 28.823 28.005 27.508 0.000 -0.000 0.000 0.000 0.000 
0.000 0.000 -0.000 -0.000 0.000 24.348 27.879 26.861 29.044 27.439 28.094 28.845 27.492 27.012 26.875 31.514 29.682 29.265 30.375 28.861 27.416 28.923 28.104 28.013 28.817 -0.000 0.000 -0.000 0.000 0.000 
0.000 0.000 0.000 -0.000 0.000 4.693 27.663 27.917 28.082 27.971 27.845 29.711 28.455 26.981 28.387 28.200 28.772 28.390 27.094 28.120 27.903 27.697 26.890 28.459 24.699 -0.000 0.000 0.000 0.000 0.000 
-0.000 0.000 0.000 -0.000 0.000 0.000 24.290 26.910 27.267 28.444 27.227 27.318 27.740 27.993 27.470 27.913 26.855 28.887 31.270 27.185 28.106 29.949 28.205 28.390 -0.000 0.000 0.000 0.000 0.000 0.000 
0.000 0.000 0.000 0.000 -0.000 -0.000 0.000 25.548 26.856 27.695 27.746 28.092 27.526 28.156 30.114 28.909 26.410 27.769 27.196 28.177 27.097 28.785 26.227 22.720 0.000 0.000 0.000 0.000 0.000 0.000 
0.000 0.000 0.000 0.000 0.000 0.000 0.000 0.000 28.185 27.346 27.625 27.560 28.504 28.471 28.764 27.678 28.159 26.349 28.321 28.950 29.600 28.948 28.447 0.000 0.000 0.000 0.000 0.000 0.000 0.000 
0.000 0.000 0.000 0.000 0.000 0.000 0.000 0.000 24.472 28.048 28.647 27.674 28.149 28.801 27.590 28.176 27.245 28.264 28.587 26.497 28.848 25.197 0.000 0.000 0.000 0.000 0.000 0.000 0.000 0.000 
0.000 0.000 0.000 0.000 0.000 0.000 0.000 0.000 -0.000 0.000 23.222 29.143 29.321 29.299 30.014 27.565 28.415 28.441 28.243 26.334 23.252 0.000 0.000 0.000 0.000 0.000 0.000 0.000 0.000 0.000 
0.000 0.000 0.000 0.000 0.000 0.000 0.000 0.000 0.000 0.000 17.005 0.000 23.076 23.871 26.044 26.996 24.999 25.004 25.431 13.959 0.000 0.000 0.000 0.000 0.000 0.000 0.000 0.000 0.000 0.000 
0.000 0.000 0.000 0.000 0.000 0.000 0.000 0.000 0.000 0.000 0.000 0.000 0.000 0.000 0.000 0.000 12.916 -0.000 -0.000 0.000 0.000 0.000 0.000 0.000 0.000 0.000 0.000 0.000 0.000 0.000 
0.000 0.000 0.000 0.000 0.000 0.000 0.000 0.000 0.000 0.000 0.000 0.000 0.000 0.000 -0.000 0.000 -0.000 0.000 0.000 0.000 0.000 0.000 0.000 0.000 0.000 0.000 0.000 0.000 0.000 0.000 
0.000 0.000 0.000 0.000 0.000 0.000 0.000 0.000 0.000 0.000 0.000 0.000 0.000 0.000 0.000 0.000 0.000 -0.000 0.000 0.000 0.000 0.000 0.000 0.000 0.000 0.000 0.000 0.000 0.000 0.000 
0.000 0.000 0.000 0.000 0.000 0.000 0.000 0.000 0.000 0.000 0.000 0.000 0.000 0.000 0.000 0.000 0.000 0.000 0.000 0.000 0.000 0.000 0.000 0.000 0.000 0.000 0.000 0.000 0.000 0.000 
0.000 0.000 0.000 0.000 0.000 0.000 0.000 0.000 0.000 0.000 0.000 0.000 0.000 0.000 0.000 0.000 0.000 0.000 0.000 0.000 0.000 0.000 0.000 0.000 0.000 0.000 0.000 0.000 0.000 0.000 
