# Vol_scan Display Grid (processed)
# Grid size: 31 x 30
# Format: reflectivity
# Ref point: (-40000.000000, 10000.000000)
# Grid res: 1000.000000 meters
0.000 0.000 0.000 0.000 0.000 0.000 0.000 0.000 0.000 0.000 0.000 0.000 0.000 0.000 0.000 0.000 0.000 0.000 0.000 0.000 0.000 0.000 0.000 0.000 0.000 0.000 0.000 0.000 0.000 0.000 
0.000 0.000 0.000 0.000 0.000 0.000 0.000 0.000 0.000 0.000 0.000 0.000 0.000 0.000 0.000 0.000 0.000 -0.000 0.000 0.000 0.000 0.000 0.000 0.000 0.000 0.000 0.000 0.000 0.000 0.000 
0.000 0.000 0.000 0.000 0.000 0.000 0.000 0.000 0.000 0.000 0.000 0.000 0.000 0.000 -0.000 -0.000 0.000 -0.000 -0.000 0.000 0.000 0.000 0.000 0.000 0.000 0.000 0.000 0.000 0.000 0.000 
0.000 0.000 0.000 0.000 0.000 0.000 0.000 0.000 0.000 0.000 0.000 -0.000 0.000 0.000 -0.000 0.000 0.000 -0.000 0.000 0.000 0.000 0.000 0.000 0.000 0.000 0.000 0.000 0.000 0.000 0.000 
0.000 0.000 0.000 0.000 0.000 0.000 0.000 0.000 0.000 0.000 -0.000 -0.000 22.062 22.795 26.535 26.992 27.435 24.009 22.746 0.000 -0.000 0.000 0.000 0.000 0.000 0.000 0.000 0.000 0.000 0.000 
0.000 0.000 0.000 0.000 0.000 0.000 0.000 0.000 0.000 -0.000 22.363 27.619 29.254 27.313 29.212 28.460 27.235 26.774 28.020 28.171 25.669 0.000 0.000 0.000 0.000 0.000 0.000 0.000 0.000 0.000 
0.000 0.000 0.000 0.000 0.000 0.000 0.000 0.000 0.004 26.268 26.928 30.544 27.928 27.038 27.472 26.930 28.099 27.927 27.363 27.880 27.922 29.294 0.000 0.000 0.000 0.000 0.000 0.000 0.000 0.000 
0.000 0.000 0.000 0.000 0.000 0.000 0.000 2.653 24.948 26.420 28.240 28.974 31.698 28.490 28.313 27.838 29.035 27.676 28.157 26.631 28.294 27.049 29.524 0.000 0.000 0.000 0.000 0.000 0.000 0.000 
0.000 -0.000 0.000 0.000 -0.000 0.000 0.000 24.476 28.926 28.819 29.446 27.290 27.878 28.367 29.262 27.164 28.271 29.028 26.729 27.201 27.669 27.105 27.561 25.561 0.000 0.000 0.000 0.000 0.000 0.000 
0.000 -0.000 0.000 -0.000 0.000 0.000 24.310 29.478 27.984 28.476 27.567 28.909 29.172 28.777 28.504 28.908 27.603 28.780 28.406 26.962 27.801 27.218 26.010 29.029 22.272 0.000 0.000 0.000 0.000 0.000 
0.000 0.000 -0.000 0.000 0.000 0.000 24.660 27.298 28.215 27.651 27.224 28.262 28.963 28.744 27.149 27.641 26.822 27.986 26.274 27.311 26.252 28.380 27.192 30.396 27.688 -0.000 -0.000 0.000 0.000 0.000 
0.000 0.000 0.000 0.000 0.000 0.001 28.265 27.771 29.192 27.059 27.991 27.356 28.139 27.907 28.895 29.475 27.301 26.932 27.834 28.389 27.958 27.448 27.990 28.211 27.080 0.000 0.000 0.000 0.000 0.000 
0.000 0.000 0.000 0.000 0.000 11.273 28.523 26.880 26.981 26.866 27.705 28.341 26.492 28.763 26.650 28.703 28.404 26.672 26.994 26.740 28.833 28.859 27.972 28.131 27.799 28.212 0.000 0.000 0.000 0.000 
0.000 -0.000 0.000 -0.000 0.000 10.811 27.184 26.762 27.355 28.953 28.796 25.187 28.685 27.017 26.316 29.887 27.214 29.919 28.788 28.824 27.563 27.807 26.508 27.104 28.808 27.414 0.000 -0.000 0.000 0.000 
0.000 0.000 -0.000 0.000 0.000 7.012 28.356 28.096 29.024 29.712 27.057 30.030 26.809 31.040 30.433 31.750 31.380 32.283 27.926 28.147 28.258 28.484 28.457 29.287 29.961 29.266 -0.000 0.000 0.000 0.000 
0.000 0.000 0.000 0.000 0.000 0.340 26.904 28.439 27.651 28.735 28.629 26.371 32.202 31.170 34.114 30.746 31.968 33.001 35.106 27.235 28.288 28.187 28.178 28.305 29.295 0.000 0.000 0.000 0.000 0.000 
0.000 0.000 0.000 0.000 0.000 0.002 27.827 26.873 29.134 28.066 28.897 28.067 33.675 32.635 31.434 31.715 33.499 30.622 34.172 33.865 27.396 28.183 28.349 28.046 29.211 0.000 -0.000 0.000 0.000 0.000 
0.000 0.000 0.000 0.000 0.000 0.000 28.364 28.260 27.947 26.729 27.556 32.867 32.099 32.446 31.061 32.525 35.337 31.366 31.411 32.548 32.699 27.969 28.084 26.822 26.831 13.971 0.000 0.000 0.000 0.000 
0.000 0.000 0.000 0.000 0.000 0.011 22.533 29.215 27.801 25.539 32.895 34.559 32.049 34.969 34.225 33.052 31.979 34.552 32.391 33.092 33.900 29.845 29.265 26.703 22.008 -0.000 0.000 0.000 0.000 0.000 
0.000 0.000 0.000 0.000 0.000 3.880 0.023 27.855 28.254 29.080 30.215 32.258 33.573 35.601 31.100 31.002 31.961 30.821 32.492 32.681 31.675 27.208 27.551 28.870 -0.000 0.000 0.000 0.000 0.000 0.000 
0.000 0.000 0.000 0.000 0.000 0.000 6.030 20.600 28.508 27.073 28.945 31.243 30.482 32.781 32.406 32.094 32.055 32.872 30.784 30.857 28.326 28.560 27.424 23.484 -0.000 0.000 0.000 0.000 0.000 0.000 
0.000 0.000 0.000 0.000 0.000 0.000 0.000 5.360 27.327 29.289 27.789 29.899 34.458 33.832 33.439 31.808 32.880 30.845 33.299 33.531 28.593 28.222 26.319 0.000 0.000 0.000 0.000 0.000 0.000 0.000 
0.000 0.000 0.000 0.000 0.000 0.000 0.000 0.000 6.760 25.548 26.397 27.929 32.000 33.607 33.170 32.096 33.033 31.085 32.057 27.154 26.895 19.643 -0.000 0.000 0.000 0.000 0.000 0.000 0.000 0.000 
0.000 0.000 0.000 0.000 0.000 0.000 0.000 0.000 0.000 7.720 0.011 23.977 26.139 29.374 31.666 33.359 31.170 29.027 23.949 25.326 18.736 0.000 0.000 0.000 0.000 0.000 0.000 0.000 0.000 0.000 
0.000 0.000 0.000 0.000 0.000 0.000 0.000 0.000 0.000 0.000 2.860 0.001 0.000 0.001 19.906 27.504 28.604 26.649 0.000 0.000 0.000 0.000 0.000 0.000 0.000 0.000 0.000 0.000 0.000 0.000 
0.000 0.000 0.000 0.000 0.000 0.000 0.000 0.000 0.000 0.000 0.000 0.000 0.001 0.000 0.000 0.000 0.000 0.000 0.000 -0.000 0.000 -0.000 0.000 0.000 0.000 0.000 0.000 0.000 0.000 0.000 
0.000 0.000 0.000 0.000 0.000 0.000 0.000 0.000 0.000 0.000 0.000 0.000 0.000 0.000 0.000 0.000 -0.000 -0.000 -0.000 0.000 0.000 0.000 0.000 0.000 0.000 0.000 0.000 0.000 0.000 0.000 
0.000 0.000 0.000 0.000 0.000 0.000 0.000 0.000 0.000 0.000 0.000 0.000 0.000 0.000 -0.000 0.000 0.000 -0.000 -0.000 0.000 0.000 0.000 0.000 0.000 0.000 0.000 0.000 0.000 0.000 0.000 
0.000 0.000 0.000 0.000 0.000 0.000 0.000 0.000 0.000 0.000 0.000 0.000 0.000 0.000 0.000 0.000 -0.000 0.000 0.000 0.000 0.000 0.000 0.000 0.000 0.000 0.000 0.000 0.000 0.000 0.000 
0.000 0.000 0.000 0.000 0.000 0.000 0.000 0.000 0.000 0.000 0.000 0.000 0.000 0.000 0.000 0.000 0.000 -0.000 0.000 0.000 0.000 0.000 0.000 0.000 0.000 0.000 0.000 0.000 0.000 0.000 
0.000 0.000 0.000 0.000 0.000 0.000 0.000 0.000 0.000 0.000 0.000 0.000 0.000 0.000 0.000 0.000 0.000 0.000 0.000 0.000 0.000 0.000 0.000 0.000 0.000 0.000 0.000 0.000 0.000 0.000 
