# Vol_scan Display Grid (processed)
# Grid size: 31 x 31
# Format: reflectivity
# Ref point: (-35000.000000, 9000.000000)
# Grid res: 1000.000000 meters
0.000 0.000 0.000 0.000 0.000 0.000 0.000 0.000 0.000 0.000 0.000 0.000 0.000 0.000 0.000 0.000 0.000 0.000 0.000 0.000 0.000 0.000 0.000 0.000 0.000 0.000 0.000 0.000 0.000 0.000 0.000 
0.000 0.000 0.000 0.000 0.000 0.000 0.000 0.000 0.000 0.000 0.000 0.000 0.000 0.000 0.000 0.000 0.000 0.000 0.000 0.000 0.000 0.000 0.000 0.000 0.000 0.000 0.000 0.000 0.000 0.000 0.000 
0.000 0.000 0.000 0.000 0.000 0.000 0.000 0.000 0.000 0.000 0.000 0.000 0.000 0.000 0.000 0.000 -0.000 0.000 0.000 0.000 0.000 0.000 0.000 0.000 0.000 0.000 0.000 0.000 0.000 0.000 0.000 
0.000 0.000 0.000 0.000 0.000 0.000 0.000 0.000 0.000 0.000 0.000 0.000 0.000 0.000 0.000 0.000 0.000 0.000 -0.000 -0.000 0.000 0.000 0.000 0.000 0.000 0.000 0.000 0.000 0.000 0.000 0.000 
0.000 0.000 0.000 0.000 0.000 0.000 0.000 0.000 0.000 0.000 0.000 -0.000 0.000 -0.000 0.000 -0.000 0.000 0.000 0.000 0.000 0.000 0.000 0.000 0.000 0.000 0.000 0.000 0.000 0.000 0.000 0.000 
0.000 0.000 0.000 0.000 0.000 0.000 0.000 0.000 0.000 0.000 -0.000 -0.000 -0.000 22.877 25.159 24.049 23.615 22.044 24.672 23.566 0.000 0.000 0.000 0.000 0.000 0.000 0.000 0.000 0.000 0.000 0.000 
0.000 0.000 0.000 0.000 0.000 0.000 0.000 0.000 -0.000 -0.000 9.875 2.106 24.337 26.908 29.334 28.220 26.697 28.993 29.732 26.721 28.348 26.061 0.000 0.000 0.000 0.000 0.000 0.000 0.000 0.000 0.000 
0.000 0.000 0.000 0.000 0.000 0.000 0.000 0.000 0.000 0.001 23.501 29.992 27.790 29.654 28.879 26.943 28.604 28.840 29.624 29.146 27.229 26.212 27.101 24.055 0.000 0.000 0.000 0.000 0.000 0.000 0.000 
0.000 0.000 0.000 0.000 0.000 0.000 0.000 0.000 -0.000 24.408 27.525 27.605 28.092 28.574 26.292 26.359 28.657 27.504 27.905 28.852 27.001 27.762 26.503 26.631 27.074 0.000 0.000 0.000 0.000 0.000 0.000 
0.000 0.000 0.000 0.000 -0.000 -0.000 0.000 0.001 27.321 28.680 25.869 27.327 28.439 25.865 27.280 27.923 26.989 28.577 27.503 27.456 29.119 29.916 26.431 26.845 27.810 0.000 0.000 0.000 0.000 0.000 0.000 
0.000 0.000 -0.000 0.000 -0.000 0.000 0.000 12.885 28.301 27.052 29.450 27.906 26.327 29.293 28.682 28.361 27.659 27.241 27.644 28.761 27.957 26.520 27.217 27.290 28.367 24.490 0.000 0.000 0.000 0.000 0.000 
0.000 -0.000 0.000 -0.000 0.000 -0.000 0.000 23.973 27.151 27.608 28.194 27.122 27.202 28.933 27.513 27.618 28.906 26.789 26.791 27.546 28.205 28.467 28.885 28.735 30.100 28.064 0.000 -0.000 0.000 0.000 0.000 
0.000 -0.000 0.000 -0.000 0.000 0.000 0.001 28.638 28.471 29.886 27.541 28.024 27.323 27.461 27.676 27.746 28.308 25.920 27.802 28.864 28.346 29.302 26.501 27.749 29.102 27.643 22.478 -0.000 0.000 -0.000 0.000 
0.000 0.000 0.000 -0.000 0.000 0.000 0.001 26.228 27.547 27.584 29.134 27.343 27.723 27.137 27.350 28.275 27.402 26.589 26.475 27.104 27.604 29.413 29.306 27.315 28.635 28.115 28.227 -0.000 0.000 0.000 0.000 
0.000 -0.000 0.000 0.000 0.000 0.000 0.232 28.372 29.521 28.352 28.307 26.996 28.645 28.067 27.572 29.307 27.188 26.793 27.960 27.050 29.092 28.422 28.159 28.425 29.395 27.101 29.668 -0.000 -0.000 0.000 0.000 
0.000 -0.000 0.000 0.000 0.000 0.000 0.070 28.784 26.190 28.171 28.574 28.060 26.852 26.856 27.372 26.415 26.580 26.047 28.279 27.269 27.761 28.277 28.946 26.073 28.137 27.659 29.407 0.000 -0.000 0.000 0.000 
0.000 0.000 -0.000 -0.000 -0.000 0.000 0.097 28.961 27.897 27.254 28.827 27.989 28.145 27.142 27.602 26.191 27.649 27.010 27.558 28.157 27.403 28.971 28.458 27.264 28.429 28.060 20.788 0.000 0.000 0.000 0.000 
0.000 0.000 0.000 -0.000 -0.000 0.000 0.001 27.554 27.855 27.658 26.861 27.581 27.254 28.225 28.716 28.346 26.480 27.202 28.301 28.145 29.406 26.587 28.729 27.755 27.103 28.502 28.200 0.000 0.000 0.000 0.000 
0.000 0.000 0.000 0.000 0.000 0.000 0.001 27.062 26.520 27.372 27.594 27.526 28.086 30.226 26.527 27.993 28.741 25.800 30.558 26.705 27.065 28.300 27.222 26.970 28.213 27.730 0.000 0.000 0.000 0.000 0.000 
0.000 0.000 0.000 0.000 0.000 0.000 0.000 3.838 25.893 26.846 26.153 30.017 27.924 27.839 28.710 28.091 29.285 27.853 28.066 27.393 28.743 27.768 27.376 28.136 28.705 29.069 -0.000 0.000 0.000 0.000 0.000 
0.000 0.000 0.000 0.000 0.000 0.000 0.045 0.001 26.834 28.052 28.359 28.504 28.831 29.776 28.928 27.219 28.886 29.420 27.781 29.428 27.125 26.898 27.912 30.099 26.606 0.000 0.000 0.000 0.000 0.000 0.000 
0.000 0.000 0.000 0.000 0.000 0.000 0.000 6.280 4.933 28.330 30.996 27.778 28.593 27.733 27.589 27.553 27.380 26.204 27.239 26.964 27.722 28.091 27.892 26.839 23.527 -0.000 0.000 0.000 0.000 0.000 0.000 
0.000 0.000 0.000 0.000 0.000 0.000 0.000 5.180 4.780 20.867 27.693 25.778 28.652 29.542 27.320 26.460 28.233 29.140 28.825 29.938 30.159 27.634 28.051 22.492 0.000 0.000 0.000 0.000 0.000 0.000 0.000 
0.000 0.000 0.000 0.000 0.000 0.000 0.000 0.000 5.950 7.490 29.680 26.406 27.260 24.864 26.927 27.080 27.342 28.318 28.085 25.639 28.332 25.524 23.556 0.000 0.000 0.000 0.000 0.000 0.000 0.000 0.000 
0.000 0.000 0.000 0.000 0.000 0.000 0.000 0.000 0.000 0.000 4.700 2.878 26.221 23.072 28.765 27.027 27.298 29.364 27.066 25.983 23.739 21.293 -0.000 -0.000 0.000 0.000 0.000 0.000 0.000 0.000 0.000 
0.000 0.000 0.000 0.000 0.000 0.000 0.000 0.000 0.000 0.000 0.000 5.170 0.029 0.000 20.594 24.163 21.098 0.001 0.000 0.000 0.000 0.000 0.000 0.000 0.000 0.000 0.000 0.000 0.000 0.000 0.000 
0.000 0.000 0.000 0.000 0.000 0.000 0.000 0.000 0.000 0.000 0.000 0.000 0.000 0.000 0.001 0.000 0.000 0.000 0.000 0.000 -0.000 0.000 0.000 0.000 0.000 0.000 0.000 0.000 0.000 0.000 0.000 
0.000 0.000 0.000 0.000 0.000 0.000 0.000 0.000 0.000 0.000 0.000 0.000 0.000 0.000 0.000 0.000 0.000 0.000 0.000 0.000 -0.000 0.000 -0.000 0.000 0.000 0.000 0.000 0.000 0.000 0.000 0.000 
0.000 0.000 0.000 0.000 0.000 0.000 0.000 0.000 0.000 0.000 0.000 0.000 0.000 0.000 0.000 0.000 -0.000 0.000 0.000 0.000 0.000 0.000 0.000 0.000 0.000 0.000 0.000 0.000 0.000 0.000 0.000 
0.000 0.000 0.000 0.000 0.000 0.000 0.000 0.000 0.000 0.000 0.000 0.000 0.000 0.000 0.000 0.000 0.000 0.000 -0.000 0.000 0.000 0.000 0.000 0.000 0.000 0.000 0.000 0.000 0.000 0.000 0.000 
0.000 0.000 0.000 0.000 0.000 0.000 0.000 0.000 0.000 0.000 0.000 0.000 0.000 0.000 0.000 0.000 0.000 0.000 0.000 0.000 0.000 0.000 0.000 0.000 0.000 0.000 0.000 0.000 0.000 0.000 0.000 
