# Vol_scan Display Grid (processed)
# Grid size: 31 x 31
# Format: reflectivity
# Ref point: (-36000.000000, 9000.000000)
# Grid res: 1000.000000 meters
0.000 0.000 0.000 0.000 0.000 0.000 0.000 0.000 0.000 0.000 0.000 0.000 0.000 0.000 0.000 0.000 0.000 0.000 0.000 0.000 0.000 0.000 0.000 0.000 0.000 0.000 0.000 0.000 0.000 0.000 0.000 
0.000 0.000 0.000 0.000 0.000 0.000 0.000 0.000 0.000 0.000 0.000 0.000 0.000 0.000 0.000 0.000 0.000 -0.000 -0.000 0.000 0.000 0.000 0.000 0.000 0.000 0.000 0.000 0.000 0.000 0.000 0.000 
0.000 0.000 0.000 0.000 0.000 0.000 0.000 0.000 0.000 0.000 0.000 0.000 0.000 0.000 0.000 0.000 0.000 0.000 0.000 0.000 0.000 0.000 0.000 0.000 0.000 0.000 0.000 0.000 0.000 0.000 0.000 
0.000 0.000 0.000 0.000 0.000 0.000 0.000 0.000 0.000 0.000 0.000 0.000 0.000 0.000 0.000 -0.000 0.000 0.000 0.000 -0.000 0.000 0.000 0.000 0.000 0.000 0.000 0.000 0.000 0.000 0.000 0.000 
0.000 0.000 0.000 0.000 0.000 0.000 0.000 0.000 0.000 0.000 0.000 0.000 -0.000 0.000 0.000 0.000 0.000 0.000 -0.000 0.000 0.000 0.000 0.000 0.000 0.000 0.000 0.000 0.000 0.000 0.000 0.000 
0.000 0.000 0.000 0.000 0.000 0.000 0.000 0.000 0.000 0.000 0.000 -0.000 25.044 23.844 28.662 27.419 26.254 27.436 26.032 21.172 24.895 0.000 0.000 0.000 0.000 0.000 0.000 0.000 0.000 0.000 0.000 
0.000 0.000 0.000 0.000 0.000 0.000 0.000 0.000 -0.000 -0.000 -0.000 25.592 28.157 28.376 28.388 28.789 29.919 27.900 27.620 28.682 26.304 22.458 0.000 0.000 0.000 0.000 0.000 0.000 0.000 0.000 0.000 
0.000 0.000 0.000 0.000 0.000 0.000 0.000 0.000 0.000 16.786 26.158 26.855 27.196 26.548 28.161 28.389 27.368 29.410 27.980 28.028 27.466 28.119 26.750 28.282 0.000 0.000 0.000 0.000 0.000 0.000 0.000 
0.000 0.000 0.000 0.000 0.000 0.000 0.000 0.000 0.002 27.874 29.124 28.733 26.484 27.884 28.529 28.713 30.397 27.822 29.364 27.623 28.096 27.749 27.311 27.795 24.316 0.000 0.000 0.000 0.000 0.000 0.000 
0.000 0.000 0.000 0.000 0.000 -0.000 -0.000 0.788 23.833 27.818 27.131 26.072 27.360 27.793 26.644 28.217 27.467 27.035 28.683 28.289 25.659 27.216 28.971 27.903 26.981 0.000 -0.000 0.000 0.000 0.000 0.000 
0.000 0.000 0.000 0.000 0.000 -0.000 0.000 23.911 28.585 27.959 28.490 27.346 28.579 28.641 27.559 27.700 27.175 27.394 28.194 29.406 30.164 28.152 26.618 29.017 26.464 23.520 -0.000 0.000 0.000 0.000 0.000 
0.000 0.000 0.000 0.000 -0.000 0.000 0.000 27.188 29.121 28.064 27.572 28.871 27.037 26.903 26.632 27.599 28.108 27.364 26.894 28.611 28.288 29.901 27.771 27.761 26.994 28.288 0.000 0.000 -0.000 0.000 0.000 
0.000 0.000 0.000 -0.000 0.000 -0.000 0.001 27.183 27.583 26.620 27.565 29.045 28.285 27.989 27.368 26.603 28.313 28.345 28.686 27.710 26.961 26.891 28.344 28.141 29.202 28.377 0.000 0.000 -0.000 0.000 0.000 
0.000 0.000 0.000 -0.000 0.000 0.000 0.003 28.387 28.031 28.080 26.468 27.587 27.466 28.422 28.451 28.654 25.779 25.760 28.263 27.153 28.282 27.839 28.887 27.197 28.791 29.430 27.299 0.000 0.000 0.000 0.000 
0.000 0.000 0.000 -0.000 -0.000 0.000 0.268 29.135 26.903 28.952 27.551 26.317 27.347 28.526 27.721 29.659 26.942 27.258 26.557 29.098 26.917 28.274 27.255 29.892 27.550 29.886 29.213 0.000 -0.000 0.000 0.000 
0.000 0.000 0.000 -0.000 0.000 0.000 0.285 26.702 28.899 28.087 27.540 28.431 26.331 25.486 29.766 28.584 28.136 27.555 29.354 28.893 25.995 28.440 27.289 26.275 26.085 28.777 27.728 -0.000 -0.000 0.000 0.000 
0.000 0.000 -0.000 0.000 0.000 0.000 0.127 28.694 27.669 27.836 26.503 29.949 28.164 27.222 27.368 27.348 27.707 26.995 27.576 28.771 26.232 27.106 26.442 26.931 27.630 27.124 25.379 -0.000 0.000 0.000 0.000 
0.000 0.000 0.000 0.000 0.000 0.000 0.002 28.323 27.749 27.191 29.432 26.951 28.628 28.090 27.845 29.089 27.237 26.889 27.517 27.126 27.596 27.742 28.465 27.131 28.177 28.651 -0.000 -0.000 0.000 0.000 0.000 
0.000 0.000 0.000 0.000 -0.000 0.000 0.000 26.808 27.377 28.783 27.944 30.236 27.702 26.861 28.084 28.267 24.598 29.960 27.945 27.052 28.220 28.563 28.645 26.225 25.251 28.676 15.738 0.000 0.000 0.000 0.000 
0.000 0.000 0.000 0.000 0.000 0.000 0.022 26.396 27.931 29.558 27.439 28.136 27.886 28.488 29.061 27.871 27.599 28.692 27.750 27.764 27.714 27.834 26.885 26.101 29.156 21.171 0.000 0.000 0.000 0.000 0.000 
0.000 0.000 0.000 0.000 0.000 0.000 5.290 0.000 23.693 28.640 28.239 27.608 28.670 29.880 27.727 26.439 27.821 26.767 26.172 26.812 28.440 28.841 26.749 26.259 29.573 22.354 0.000 0.000 0.000 0.000 0.000 
0.000 0.000 0.000 0.000 0.000 0.000 0.000 7.600 6.590 28.569 25.556 28.404 27.142 28.665 27.674 28.434 28.114 26.983 28.339 30.702 26.982 28.859 28.918 28.187 0.000 -0.000 0.000 0.000 0.000 0.000 0.000 
0.000 0.000 0.000 0.000 0.000 0.000 0.000 0.000 2.750 8.079 26.889 29.580 28.468 29.588 28.556 27.743 26.591 28.430 27.232 28.995 29.367 25.833 27.192 24.921 0.000 0.000 0.000 0.000 0.000 0.000 0.000 
0.000 0.000 0.000 0.000 0.000 0.000 0.000 0.000 0.000 6.550 5.716 26.081 28.870 28.275 27.859 26.947 27.210 28.791 28.111 28.932 27.645 26.807 24.038 0.000 0.000 0.000 0.000 0.000 0.000 0.000 0.000 
0.000 0.000 0.000 0.000 0.000 0.000 0.000 0.000 0.000 0.000 5.580 0.016 20.909 25.931 28.091 28.930 29.439 26.949 28.468 24.944 0.002 0.000 0.000 0.000 0.000 0.000 0.000 0.000 0.000 0.000 0.000 
0.000 0.000 0.000 0.000 0.000 0.000 0.000 0.000 0.000 0.000 0.000 0.000 5.010 0.000 0.000 0.002 0.001 0.001 0.000 0.000 0.000 0.000 -0.000 -0.000 0.000 0.000 0.000 0.000 0.000 0.000 0.000 
0.000 0.000 0.000 0.000 0.000 0.000 0.000 0.000 0.000 0.000 0.000 0.000 0.000 0.000 0.021 0.000 0.000 -0.000 -0.000 0.000 0.000 0.000 0.000 0.000 0.000 0.000 0.000 0.000 0.000 0.000 0.000 
0.000 0.000 0.000 0.000 0.000 0.000 0.000 0.000 0.000 0.000 0.000 0.000 0.000 0.000 0.000 0.000 0.000 0.000 -0.000 0.000 -0.000 0.000 -0.000 0.000 0.000 0.000 0.000 0.000 0.000 0.000 0.000 
0.000 0.000 0.000 0.000 0.000 0.000 0.000 0.000 0.000 0.000 0.000 0.000 0.000 0.000 0.000 0.000 0.000 0.000 -0.000 0.000 -0.000 0.000 0.000 0.000 0.000 0.000 0.000 0.000 0.000 0.000 0.000 
0.000 0.000 0.000 0.000 0.000 0.000 0.000 0.000 0.000 0.000 0.000 0.000 0.000 0.000 0.000 0.000 0.000 -0.000 0.000 0.000 0.000 0.000 0.000 0.000 0.000 0.000 0.000 0.000 0.000 0.000 0.000 
0.000 0.000 0.000 0.000 0.000 0.000 0.000 0.000 0.000 0.000 0.000 0.000 0.000 0.000 0.000 0.000 0.000 0.000 0.000 0.000 0.000 0.000 0.000 0.000 0.000 0.000 0.000 0.000 0.000 0.000 0.000 
