# Vol_scan Display Grid (processed)
# Grid size: 30 x 28
# Format: reflectivity
# Ref point: (-33000.000000, 12000.000000)
# Grid res: 1000.000000 meters
0.000 0.000 0.000 0.000 0.000 0.000 0.000 0.000 0.000 0.000 0.000 0.000 0.000 0.000 0.000 0.000 0.000 0.000 0.000 0.000 0.000 0.000 0.000 0.000 0.000 0.000 0.000 0.000 
0.000 0.000 0.000 0.000 0.000 0.000 0.000 0.000 0.000 0.000 0.000 -0.000 -0.000 0.000 0.000 0.000 0.000 0.000 0.000 0.000 0.000 0.000 0.000 0.000 0.000 0.000 0.000 0.000 
0.000 0.000 0.000 0.000 0.000 0.000 0.000 0.000 0.000 0.000 -0.000 -0.000 0.000 0.000 -0.000 0.000 0.000 0.000 0.000 0.000 0.000 0.000 0.000 0.000 0.000 0.000 0.000 0.000 
0.000 0.000 0.000 0.000 0.000 0.000 0.000 0.000 0.000 0.000 0.000 0.000 0.000 0.000 0.000 0.000 0.000 0.000 0.000 0.000 0.000 0.000 0.000 0.000 0.000 0.000 0.000 0.000 
0.000 0.000 0.000 0.000 0.000 0.000 0.000 0.000 0.000 0.000 0.000 0.000 0.000 0.000 0.000 0.000 0.000 0.000 0.000 0.000 0.000 0.000 0.000 0.000 0.000 0.000 0.000 0.000 
0.000 0.000 0.000 0.000 0.000 0.000 0.000 0.000 0.000 -0.000 0.004 4.635 4.838 0.002 0.002 0.001 0.002 0.003 0.004 0.000 0.000 0.000 0.000 0.000 0.000 0.000 0.000 0.000 
0.000 0.000 0.000 0.000 0.000 0.000 0.000 0.000 0.000 6.734 23.655 23.415 24.781 20.660 24.170 26.888 22.659 6.992 6.927 0.005 5.480 0.000 0.000 0.000 0.000 0.000 0.000 0.000 
0.000 0.000 0.000 0.000 0.000 0.000 0.000 15.328 23.483 23.281 29.323 26.740 29.498 28.596 27.492 27.223 27.122 27.797 25.551 11.092 5.315 6.340 5.500 0.000 0.000 0.000 0.000 0.000 
0.000 0.000 0.000 0.000 0.000 0.000 0.094 28.008 27.515 28.252 27.897 28.738 26.067 28.744 28.919 26.344 27.331 28.350 28.276 24.836 27.211 5.999 7.300 0.000 0.000 0.000 0.000 0.000 
0.000 0.000 0.000 0.000 0.000 11.499 25.060 27.466 26.790 29.464 29.130 28.680 29.362 25.476 28.326 28.379 26.857 27.256 26.714 27.433 23.642 18.905 7.080 5.970 0.000 0.000 0.000 0.000 
0.000 0.000 0.000 0.000 0.000 25.849 28.876 28.147 28.946 29.384 28.233 28.442 28.888 26.677 27.733 27.451 28.017 26.247 28.236 28.022 27.727 28.524 5.265 6.820 6.400 0.000 0.000 0.000 
0.000 0.000 0.000 0.000 25.249 27.200 27.527 28.509 30.329 28.727 27.487 27.829 28.670 28.868 27.301 27.519 27.482 27.393 26.607 28.021 28.202 27.456 27.713 5.985 6.930 0.000 0.000 0.000 
0.000 0.000 0.000 0.000 28.481 28.085 27.250 27.956 26.088 27.892 28.589 26.769 27.732 28.230 29.011 29.187 26.583 26.614 27.541 28.068 27.046 27.511 27.012 0.078 0.028 0.000 0.000 0.000 
0.000 0.000 0.000 0.000 28.023 27.344 28.387 27.501 29.210 27.819 27.240 27.813 27.487 27.738 29.184 27.963 27.052 27.612 25.631 27.070 27.294 27.088 28.475 8.384 0.102 6.880 0.000 0.000 
0.000 0.000 -0.000 22.043 28.786 27.196 27.407 27.165 27.422 28.373 28.233 26.049 27.908 27.234 28.482 29.068 27.885 27.566 27.634 27.522 27.657 28.588 29.121 4.513 0.002 0.037 0.000 0.000 
0.000 -0.000 -0.000 -0.000 28.780 29.141 28.290 28.793 26.948 28.229 27.933 26.885 28.914 27.380 28.617 27.357 28.317 27.330 27.054 27.366 28.329 27.575 26.983 24.619 0.000 0.006 0.000 -0.000 
0.000 0.000 0.000 25.210 27.635 26.158 28.531 28.577 29.268 25.658 28.069 28.482 27.267 28.487 27.454 27.592 28.826 29.090 27.376 28.597 26.830 26.131 27.566 11.104 0.000 0.000 0.000 0.000 
-0.000 -0.000 0.000 22.273 30.192 28.176 27.426 28.313 27.369 27.378 26.308 28.741 28.154 26.375 27.537 28.018 29.376 29.388 27.473 27.303 28.543 28.360 26.403 23.419 0.000 0.000 0.000 0.000 
0.000 0.000 -0.000 0.000 27.814 27.847 28.508 28.350 27.777 26.696 27.137 28.147 27.705 27.599 26.745 28.368 28.199 28.627 26.995 28.113 28.132 26.796 27.218 10.327 0.000 -0.000 0.000 0.000 
0.000 0.000 0.000 -0.000 27.784 27.561 28.580 26.732 27.619 27.148 27.302 28.189 26.919 27.996 26.582 27.434 27.673 27.512 28.479 27.982 27.893 28.152 27.197 0.000 0.000 0.000 -0.000 0.000 
0.000 0.000 0.000 0.000 24.468 28.083 28.182 27.201 28.778 28.377 28.384 27.952 27.549 27.229 27.630 28.252 27.971 28.711 27.507 28.093 26.859 27.321 22.420 0.000 0.000 0.000 0.000 0.000 
0.000 0.000 0.000 0.000 -0.000 27.999 28.380 27.216 27.387 27.986 28.389 26.871 28.716 27.955 26.348 26.342 27.728 27.760 29.383 28.315 28.385 25.969 0.000 0.000 0.000 0.000 0.000 0.000 
0.000 0.000 0.000 0.000 0.000 17.227 27.730 28.713 27.617 28.091 27.894 27.672 27.789 28.195 28.313 27.596 27.411 27.826 27.879 28.589 29.417 24.640 0.000 0.000 0.000 -0.000 0.000 0.000 
0.000 0.000 0.000 0.000 0.000 0.000 25.403 26.407 29.180 27.583 30.058 27.828 26.657 25.056 27.703 26.902 28.312 27.653 27.570 27.368 26.530 0.000 0.000 0.000 0.000 0.000 -0.000 0.000 
0.000 0.000 0.000 0.000 0.000 0.000 -0.000 21.891 25.914 27.908 27.444 27.642 27.239 29.067 27.207 27.909 27.796 28.280 24.991 23.902 0.000 0.000 0.000 0.000 0.000 -0.000 0.000 0.000 
0.000 0.000 0.000 0.000 0.000 0.000 0.000 -0.000 -0.000 21.507 24.499 27.493 25.755 26.096 27.477 27.472 25.322 23.243 0.000 0.000 0.000 0.000 0.000 0.000 0.000 0.000 0.000 0.000 
0.000 0.000 0.000 0.000 0.000 0.000 0.000 -0.000 0.000 0.000 0.000 -0.000 22.344 21.754 22.840 18.443 13.119 -0.000 0.000 0.000 0.000 0.000 0.000 0.000 0.000 0.000 0.000 0.000 
0.000 0.000 0.000 0.000 0.000 0.000 0.000 0.000 0.000 0.000 -0.000 -0.000 0.000 0.000 0.000 0.000 0.000 0.000 0.000 0.000 0.000 0.000 0.000 0.000 0.000 0.000 0.000 0.000 
0.000 0.000 0.000 0.000 0.000 0.000 0.000 0.000 -0.000 0.000 0.000 0.000 0.000 0.000 0.000 0.000 0.000 0.000 0.000 0.000 0.000 0.000 0.000 0.000 0.000 0.000 0.000 0.000 
0.000 0.000 0.000 0.000 0.000 0.000 0.000 0.000 0.000 0.000 0.000 0.000 0.000 0.000 0.000 0.000 0.000 0.000 0.000 0.000 0.000 0.000 0.000 0.000 0.000 0.000 0.000 0.000 
