# Vol_scan Display Grid (processed)
# Grid size: 31 x 31
# Format: reflectivity
# Ref point: (-93000.000000, 9000.000000)
# Grid res: 1000.000000 meters
0.000 0.000 0.000 0.000 0.000 0.000 0.000 0.000 0.000 0.000 0.000 0.000 0.000 0.000 0.000 0.000 0.000 0.000 -0.000 0.000 0.000 0.000 0.000 0.000 0.000 0.000 0.000 0.000 0.000 0.000 0.000 
0.000 0.000 0.000 0.000 0.000 0.000 0.000 0.000 0.000 0.000 0.000 0.000 0.000 0.000 0.000 0.000 0.000 0.000 0.000 -0.000 -0.000 0.000 0.000 0.000 0.000 0.000 0.000 0.000 0.000 0.000 0.000 
0.000 0.000 0.000 0.000 0.000 0.000 0.000 0.000 0.000 0.000 0.000 0.000 0.000 0.000 0.000 -0.000 0.000 0.000 -0.000 0.000 -0.000 0.000 0.000 0.000 0.000 0.000 0.000 0.000 0.000 0.000 0.000 
0.000 0.000 0.000 0.000 0.000 0.000 0.000 0.000 0.000 0.000 0.000 0.000 0.000 0.000 0.000 0.000 0.000 -0.000 -0.000 0.000 0.000 0.000 0.000 -0.000 0.000 0.000 0.000 0.000 0.000 0.000 0.000 
0.000 0.000 0.000 0.000 0.000 0.000 0.000 0.000 0.000 0.000 0.000 -0.000 0.000 0.004 0.000 0.001 0.001 0.001 0.000 0.000 0.000 0.000 -0.000 -0.000 0.000 0.000 0.000 0.000 0.000 0.000 0.000 
0.000 0.000 0.000 0.000 0.000 0.000 0.000 0.000 0.000 0.000 4.948 0.036 0.053 13.953 22.869 24.052 22.885 24.689 22.770 18.281 0.000 -0.000 0.000 0.000 0.000 0.000 0.000 0.000 0.000 0.000 0.000 
0.000 0.000 0.000 0.000 0.000 0.000 0.000 0.000 0.000 5.001 8.606 28.270 27.884 28.052 27.928 27.392 29.660 28.882 27.796 25.269 24.991 14.512 0.002 -0.000 0.000 0.000 0.000 0.000 0.000 0.000 0.000 
0.000 0.000 0.000 0.000 0.000 0.000 0.000 0.000 3.551 34.732 22.724 25.521 26.990 30.849 28.028 30.607 29.087 27.885 29.909 26.908 26.718 28.691 5.167 -0.000 0.000 0.000 0.000 0.000 0.000 0.000 0.000 
0.000 0.000 0.000 0.000 0.000 0.000 0.000 6.093 0.663 27.107 28.460 30.024 27.711 27.317 27.919 29.865 27.767 27.383 26.871 28.262 27.471 26.202 28.025 22.865 0.000 0.000 0.000 0.000 0.000 0.000 0.000 
0.000 0.000 0.000 0.000 0.000 0.000 5.648 0.837 26.321 26.314 28.370 28.074 28.594 27.085 28.106 27.470 27.674 27.162 26.481 28.472 26.382 26.860 28.478 28.405 10.867 0.000 0.000 0.000 0.000 0.000 0.000 
0.000 0.000 0.000 0.000 0.000 0.000 0.004 24.406 28.650 29.554 27.420 27.688 30.244 28.186 27.120 28.048 29.054 27.543 27.639 28.094 27.850 27.890 27.507 27.952 26.540 -0.000 0.000 0.000 0.000 0.000 0.000 
0.000 0.000 0.000 0.000 0.000 0.000 0.081 28.124 26.529 29.065 29.242 27.002 26.733 27.143 28.243 27.939 26.907 26.186 26.263 25.065 25.918 28.043 26.307 27.648 29.569 21.614 0.000 0.000 0.000 0.000 0.000 
0.000 0.000 0.000 0.000 0.000 0.000 15.152 27.087 26.526 29.456 27.015 27.016 26.520 28.201 26.801 27.070 28.138 27.153 29.872 27.941 27.651 28.332 28.843 27.988 27.947 29.153 0.000 0.000 0.000 0.000 0.000 
0.000 0.000 0.000 0.000 -0.000 0.000 25.824 28.876 27.260 27.695 27.352 27.700 28.773 28.316 28.054 26.610 28.860 26.592 27.126 28.055 27.325 26.315 26.284 29.020 28.834 28.071 0.000 0.000 0.000 0.000 0.000 
0.000 0.000 -0.000 0.000 0.000 0.000 27.904 27.041 26.346 27.937 29.967 29.637 28.464 28.600 28.799 27.917 27.748 28.220 26.517 26.906 28.875 26.856 27.259 26.654 28.655 30.051 0.000 -0.000 -0.000 0.000 0.000 
0.000 0.000 0.000 -0.000 -0.000 0.000 27.015 26.952 28.892 28.556 27.365 27.987 26.022 27.861 27.919 27.380 27.314 28.417 27.258 27.323 29.345 29.586 27.570 28.047 28.830 27.754 -0.000 0.000 0.000 0.000 0.000 
0.000 0.000 -0.000 -0.000 0.000 0.000 28.240 27.963 28.494 28.197 29.987 26.140 27.238 25.854 26.368 28.641 26.826 27.591 29.447 28.535 28.305 28.478 28.255 29.841 27.000 28.298 0.000 -0.000 0.000 0.000 0.000 
0.000 0.000 0.000 -0.000 0.000 0.000 23.388 29.023 28.460 27.602 28.474 26.394 26.933 27.660 27.979 26.738 29.001 27.949 27.604 29.509 26.330 28.016 29.095 29.633 27.144 28.758 0.000 0.000 -0.000 0.000 0.000 
0.000 0.000 0.000 0.000 -0.000 0.000 0.004 28.237 28.258 27.223 27.870 27.271 27.467 27.756 27.787 27.344 26.951 27.526 28.061 27.386 28.705 28.058 28.405 27.041 28.088 25.793 0.000 0.000 -0.000 0.000 0.000 
0.000 0.000 -0.000 0.000 0.000 -0.000 0.000 26.857 26.494 27.291 28.184 28.837 27.035 28.156 26.767 27.522 28.818 29.722 28.553 27.340 27.814 28.283 27.935 27.414 28.816 16.241 0.000 0.000 0.000 0.000 0.000 
0.000 0.000 0.000 0.000 0.000 -0.000 0.000 26.127 28.400 26.550 26.358 27.625 27.250 27.901 27.850 28.066 28.754 28.749 27.875 29.786 28.283 28.025 28.260 26.616 27.722 -0.000 0.000 0.000 0.000 0.000 0.000 
0.000 0.000 0.000 0.000 0.000 -0.000 0.000 0.000 23.606 28.504 25.932 27.007 27.761 28.993 26.768 27.969 29.173 27.888 29.556 27.425 27.464 27.715 26.384 27.684 19.932 0.000 0.000 0.000 0.000 0.000 0.000 
0.000 0.000 0.000 0.000 0.000 0.000 0.000 -0.000 0.000 27.397 25.537 27.685 26.555 28.058 28.586 29.008 30.290 27.609 28.694 27.868 27.052 26.643 26.777 26.805 0.000 0.000 0.000 0.000 0.000 0.000 0.000 
0.000 0.000 0.000 0.000 0.000 0.000 0.000 0.000 -0.000 23.194 24.877 29.197 28.873 28.370 29.762 26.953 28.828 29.848 27.001 27.438 26.048 26.423 24.944 0.000 0.000 0.000 0.000 0.000 0.000 0.000 0.000 
0.000 0.000 0.000 0.000 0.000 0.000 0.000 0.000 0.000 0.000 -0.000 25.023 27.454 28.133 28.742 29.247 27.912 29.825 27.951 25.754 24.939 0.000 0.000 0.000 0.000 0.000 0.000 0.000 0.000 0.000 0.000 
0.000 0.000 0.000 0.000 0.000 0.000 0.000 0.000 0.000 0.000 0.000 0.000 -0.000 0.000 24.062 23.287 22.836 24.342 24.238 16.615 0.000 0.000 0.000 0.000 0.000 0.000 0.000 0.000 0.000 0.000 0.000 
0.000 0.000 0.000 0.000 0.000 0.000 0.000 0.000 0.000 0.000 0.000 0.000 0.000 0.000 0.000 -0.000 0.000 0.000 0.000 -0.000 0.000 0.000 0.000 0.000 0.000 0.000 0.000 0.000 0.000 0.000 0.000 
0.000 0.000 0.000 0.000 0.000 0.000 0.000 0.000 0.000 0.000 0.000 0.000 0.000 0.000 0.000 0.000 0.000 0.000 -0.000 0.000 0.000 0.000 0.000 0.000 0.000 0.000 0.000 0.000 0.000 0.000 0.000 
0.000 0.000 0.000 0.000 0.000 0.000 0.000 0.000 0.000 0.000 0.000 0.000 0.000 0.000 0.000 0.000 0.000 0.000 0.000 0.000 0.000 0.000 0.000 0.000 0.000 0.000 0.000 0.000 0.000 0.000 0.000 
0.000 0.000 0.000 0.000 0.000 0.000 0.000 0.000 0.000 0.000 0.000 0.000 0.000 0.000 0.000 0.000 0.000 0.000 0.000 0.000 0.000 0.000 0.000 0.000 0.000 0.000 0.000 0.000 0.000 0.000 0.000 
0.000 0.000 0.000 0.000 0.000 0.000 0.000 0.000 0.000 0.000 0.000 0.000 0.000 0.000 0.000 0.000 0.000 0.000 0.000 0.000 0.000 0.000 0.000 0.000 0.000 0.000 0.000 0.000 0.000 0.000 0.000 
