# Vol_scan Display Grid (processed)
# Grid size: 30 x 28
# Format: reflectivity
# Ref point: (-32000.000000, 12000.000000)
# Grid res: 1000.000000 meters
0.000 0.000 0.000 0.000 0.000 0.000 0.000 0.000 0.000 0.000 0.000 0.000 0.000 0.000 0.000 0.000 0.000 0.000 0.000 0.000 0.000 0.000 0.000 0.000 0.000 0.000 0.000 0.000 
0.000 0.000 0.000 0.000 0.000 0.000 0.000 0.000 0.000 0.000 0.000 -0.000 0.000 -0.000 0.000 -0.000 0.000 0.000 0.000 0.000 0.000 0.000 0.000 0.000 0.000 0.000 0.000 0.000 
0.000 0.000 0.000 0.000 0.000 0.000 0.000 0.000 0.000 0.000 0.000 -0.000 0.000 0.000 0.000 0.000 -0.000 0.000 0.000 0.000 0.000 0.000 0.000 0.000 0.000 0.000 0.000 0.000 
0.000 0.000 0.000 0.000 0.000 0.000 0.000 0.000 0.000 0.000 -0.000 0.000 0.000 0.000 0.000 0.000 0.000 0.000 0.000 0.000 0.000 0.000 0.000 0.000 0.000 0.000 0.000 0.000 
0.000 0.000 0.000 0.000 0.000 0.000 0.000 0.000 0.000 0.000 -0.000 0.000 -0.000 0.000 0.000 0.000 0.000 0.000 0.000 0.000 0.000 0.000 0.000 0.000 0.000 0.000 0.000 0.000 
0.000 0.000 0.000 0.000 0.000 0.000 0.000 0.000 -0.000 0.000 0.000 0.003 0.002 0.002 0.002 0.002 0.001 0.000 0.010 0.000 0.000 0.000 0.000 0.000 0.000 0.000 0.000 0.000 
0.000 0.000 0.000 0.000 0.000 0.000 0.000 0.000 0.000 0.027 23.024 21.786 23.480 20.394 23.878 24.502 23.568 8.344 0.002 0.009 5.790 0.000 0.000 0.000 0.000 0.000 0.000 0.000 
0.000 0.000 0.000 0.000 0.000 0.000 0.000 0.122 22.090 28.852 27.561 28.858 28.751 29.076 27.686 26.586 26.965 26.757 21.674 9.632 5.983 4.010 0.000 0.000 0.000 0.000 0.000 0.000 
0.000 0.000 0.000 0.000 0.000 0.000 0.000 24.084 28.467 26.295 28.152 28.663 29.113 26.873 26.403 27.968 27.224 27.927 26.475 24.600 10.107 0.008 5.400 0.000 0.000 0.000 0.000 0.000 
0.000 0.000 0.000 0.000 0.000 0.000 27.448 28.381 27.232 27.290 27.659 28.343 29.355 27.794 27.904 27.485 28.009 27.443 28.014 28.073 25.516 25.239 6.070 6.140 0.000 0.000 0.000 0.000 
0.000 0.000 0.000 0.000 -0.000 23.312 27.563 26.843 28.057 28.481 27.680 26.623 28.569 30.048 28.312 27.070 27.605 27.478 27.444 27.322 28.656 27.622 5.720 6.780 7.040 0.000 0.000 0.000 
0.000 0.000 0.000 0.000 23.699 27.923 27.857 30.139 27.122 27.982 27.836 27.589 27.926 27.331 28.497 28.365 28.058 26.702 28.478 28.178 28.686 28.230 16.938 0.141 5.760 0.000 0.000 0.000 
0.000 0.000 0.000 0.000 28.437 27.629 28.113 27.925 28.230 27.757 27.348 26.844 28.638 28.953 28.260 29.107 28.427 27.704 27.132 26.898 28.393 28.528 28.877 5.830 5.530 0.000 0.000 0.000 
0.000 0.000 0.000 -0.000 27.701 28.997 28.640 27.718 27.913 27.225 26.939 27.180 28.696 27.668 28.002 27.651 28.511 29.116 28.054 28.325 28.213 27.427 26.535 10.112 0.008 6.200 0.000 0.000 
0.000 0.000 -0.000 -0.000 27.432 28.287 28.974 30.047 28.187 28.773 27.198 27.265 28.917 27.608 27.753 28.055 28.291 26.011 26.162 29.256 28.594 26.808 27.070 9.696 0.015 6.170 0.000 0.000 
0.000 0.000 0.000 22.714 28.064 27.601 29.070 27.077 27.857 28.798 27.115 27.713 28.336 26.330 28.034 28.865 27.744 29.197 28.953 27.742 26.357 26.658 26.577 11.411 0.001 0.008 0.000 0.000 
0.000 -0.000 0.000 26.021 27.687 27.344 29.176 26.978 27.260 28.807 27.845 26.832 27.802 27.316 28.202 26.103 27.776 27.497 28.374 27.930 29.396 27.368 26.992 26.507 0.000 0.008 0.000 0.000 
0.000 0.000 -0.000 23.850 29.038 27.765 27.536 26.828 28.264 27.581 27.715 28.128 28.588 28.338 26.614 27.250 27.208 27.233 28.596 27.774 28.636 26.945 28.147 24.718 0.000 0.000 0.000 0.000 
0.000 0.000 0.000 -0.000 26.066 27.824 28.152 27.498 28.881 27.760 28.325 29.462 26.962 27.713 28.658 27.991 27.907 29.031 28.983 27.777 28.131 28.041 28.173 0.056 0.000 0.000 0.000 0.000 
0.000 0.000 0.000 0.000 28.560 28.436 27.673 26.961 27.541 27.540 29.460 27.549 27.865 28.965 27.805 27.027 27.715 28.258 28.525 27.748 28.346 28.096 27.520 0.143 0.000 0.000 -0.000 0.000 
0.000 0.000 0.000 0.000 27.576 27.030 28.019 27.443 27.460 26.876 28.104 27.772 28.663 27.933 25.411 26.605 26.033 28.749 28.694 27.242 27.634 26.827 25.936 0.000 0.000 0.000 -0.000 -0.000 
0.000 0.000 0.000 0.000 0.000 26.819 27.684 28.315 28.068 28.089 28.367 28.727 28.521 28.411 28.342 26.965 28.506 28.315 27.586 29.190 27.817 26.484 0.001 0.000 0.000 -0.000 0.000 0.000 
0.000 0.000 0.000 0.000 0.000 26.167 27.013 27.859 28.573 27.854 29.278 27.511 26.427 27.076 28.246 27.802 27.795 28.177 27.623 28.782 28.369 24.434 0.001 0.000 0.000 0.000 0.000 0.000 
0.000 0.000 0.000 0.000 0.000 0.000 24.085 26.769 27.242 27.649 29.009 27.872 28.382 26.574 27.054 27.859 27.798 27.237 28.217 27.588 24.011 0.001 -0.000 -0.000 0.000 0.000 0.000 -0.000 
0.000 0.000 0.000 0.000 0.000 0.000 0.000 21.996 27.475 28.070 27.748 26.990 26.254 27.214 27.596 27.363 26.833 26.993 27.277 24.757 0.001 -0.000 -0.000 -0.000 -0.000 0.000 0.000 0.000 
0.000 0.000 0.000 0.000 0.000 0.000 0.000 0.000 16.314 23.390 25.480 28.622 27.883 28.418 27.366 29.023 28.288 22.895 23.969 0.000 0.000 0.000 0.000 0.000 -0.000 0.000 0.000 0.000 
0.000 0.000 0.000 0.000 0.000 0.000 0.000 0.000 -0.000 -0.000 17.744 23.355 26.490 22.411 21.590 24.974 22.877 -0.000 -0.000 0.000 0.000 0.000 0.000 0.000 0.000 0.000 0.000 0.000 
0.000 0.000 0.000 0.000 0.000 0.000 0.000 0.000 -0.000 0.000 0.000 0.000 -0.000 0.000 0.000 0.000 0.000 0.000 0.000 0.000 0.000 0.000 0.000 0.000 0.000 0.000 0.000 0.000 
0.000 0.000 0.000 0.000 0.000 0.000 0.000 0.000 0.000 -0.000 -0.000 0.000 0.000 0.000 0.000 0.000 0.000 0.000 0.000 0.000 0.000 0.000 0.000 0.000 0.000 0.000 0.000 0.000 
0.000 0.000 0.000 0.000 0.000 0.000 0.000 0.000 0.000 0.000 0.000 0.000 0.000 0.000 0.000 0.000 0.000 0.000 0.000 0.000 0.000 0.000 0.000 0.000 0.000 0.000 0.000 0.000 
