# Vol_scan Display Grid (processed)
# Grid size: 31 x 30
# Format: reflectivity
# Ref point: (-39000.000000, 12000.000000)
# Grid res: 1000.000000 meters
0.000 0.000 0.000 0.000 0.000 0.000 0.000 0.000 0.000 0.000 0.000 0.000 0.000 0.000 0.000 0.000 0.000 0.000 0.000 0.000 0.000 0.000 0.000 0.000 0.000 0.000 0.000 0.000 0.000 0.000 
0.000 0.000 0.000 0.000 0.000 0.000 0.000 0.000 0.000 0.000 0.000 0.000 0.000 -0.000 0.000 0.000 0.000 0.000 0.000 0.000 0.000 0.000 0.000 0.000 0.000 0.000 0.000 0.000 0.000 0.000 
0.000 0.000 0.000 0.000 0.000 0.000 0.000 0.000 0.000 0.000 -0.000 -0.000 -0.000 0.000 0.000 0.000 0.000 0.000 0.000 0.000 0.000 0.000 0.000 0.000 0.000 0.000 0.000 0.000 0.000 0.000 
0.000 0.000 0.000 0.000 0.000 0.000 0.000 0.000 -0.000 -0.000 0.000 0.000 -0.000 0.000 0.000 -0.000 0.000 0.000 0.000 0.000 0.000 0.000 0.000 0.000 0.000 0.000 0.000 0.000 0.000 0.000 
0.000 0.000 0.000 0.000 0.000 0.000 0.000 0.000 0.000 -0.000 -0.000 0.000 0.000 0.000 0.000 0.000 0.000 0.000 0.000 0.000 0.000 0.000 0.000 0.000 0.000 0.000 0.000 0.000 0.000 0.000 
0.000 0.000 0.000 0.000 0.000 0.000 0.000 0.000 -0.000 -0.000 0.000 1.441 0.954 19.020 0.746 0.274 0.001 0.052 0.000 0.000 0.000 0.000 0.000 0.000 0.000 0.000 0.000 0.000 0.000 0.000 
0.000 0.000 0.000 0.000 0.000 0.000 0.000 0.000 0.001 8.306 23.625 23.686 26.970 26.416 24.628 24.427 23.526 13.734 0.041 5.536 0.000 0.000 0.000 0.000 0.000 0.000 0.000 0.000 0.000 0.000 
0.000 0.000 0.000 0.000 0.000 0.000 0.000 4.501 28.001 27.119 26.519 28.224 27.103 27.443 28.057 26.817 27.943 27.383 26.743 10.925 6.071 0.000 0.000 0.000 0.000 0.000 0.000 0.000 0.000 0.000 
0.000 0.000 0.000 0.000 0.000 0.000 23.224 25.915 28.076 26.465 28.058 27.478 28.677 28.865 28.014 28.677 27.904 27.752 26.938 27.609 18.488 6.389 0.000 0.000 0.000 0.000 0.000 0.000 0.000 0.000 
0.000 0.000 0.000 0.000 0.000 3.104 24.324 27.353 26.773 27.502 28.266 26.926 27.772 27.140 30.155 27.607 27.276 27.272 28.534 28.097 29.249 18.197 5.603 0.000 0.000 0.000 0.000 0.000 0.000 0.000 
0.000 0.000 0.000 0.000 0.000 28.968 27.402 28.194 29.322 26.951 26.741 28.699 26.166 26.788 27.472 27.813 28.160 27.992 28.020 28.031 27.937 29.270 12.804 0.076 0.000 0.000 0.000 0.000 0.000 0.000 
0.000 0.000 0.000 0.000 24.151 27.732 28.845 27.669 27.501 26.054 26.711 27.347 27.946 27.595 25.712 26.708 25.869 28.511 29.330 27.841 27.381 28.102 17.764 0.009 0.000 0.000 0.000 0.000 0.000 0.000 
0.000 0.000 0.000 0.000 26.758 26.714 28.441 27.081 28.849 28.354 28.174 27.928 29.349 27.367 27.462 27.780 27.753 26.973 28.055 27.179 25.549 29.095 28.126 0.001 -0.000 0.000 0.000 0.000 0.000 0.000 
0.000 0.000 0.000 0.000 26.381 26.547 27.635 28.503 28.507 27.329 29.057 27.971 28.182 26.998 26.149 27.363 26.668 29.167 27.603 26.810 26.553 26.875 28.377 0.316 0.000 -0.000 0.000 0.000 0.000 0.000 
0.000 0.000 0.000 -0.000 29.058 27.926 26.675 27.751 27.504 27.765 29.485 27.979 27.085 28.201 27.837 26.671 26.914 27.769 28.326 26.523 26.587 26.916 27.552 0.384 0.000 0.000 -0.000 0.000 0.000 0.000 
0.000 0.000 -0.000 26.818 27.966 27.136 27.965 28.358 27.859 28.621 27.552 27.633 28.230 27.537 26.744 25.339 27.613 27.608 28.286 27.228 28.737 27.457 28.162 19.286 0.000 0.000 0.000 0.000 0.000 0.000 
0.000 0.000 -0.000 27.435 27.698 27.526 27.623 28.330 25.878 27.417 27.475 28.053 28.357 28.566 26.958 26.253 27.862 26.948 27.777 26.010 27.607 27.829 27.027 19.252 0.000 -0.000 0.000 -0.000 0.000 0.000 
0.000 0.000 0.000 25.168 27.348 28.297 29.239 27.126 27.033 28.474 27.360 28.413 28.321 28.344 28.591 27.791 27.548 27.794 27.332 27.561 27.985 26.914 27.276 19.134 0.000 0.000 0.000 0.000 0.000 0.000 
0.000 0.000 0.000 -0.000 26.599 27.868 28.112 27.204 27.279 26.748 26.690 29.341 27.555 27.680 26.867 27.393 26.948 27.014 26.120 28.334 27.587 27.559 28.474 0.000 0.000 0.000 0.000 0.000 0.000 0.000 
0.000 0.000 -0.000 0.000 27.404 27.572 27.789 27.707 27.746 27.188 28.384 28.031 27.255 28.602 27.931 28.965 27.032 27.272 27.823 27.304 28.003 27.076 28.339 0.000 0.000 0.000 -0.000 0.000 0.000 0.000 
0.000 0.000 0.000 0.000 26.966 28.365 27.701 27.489 28.268 27.857 27.158 28.024 28.164 27.780 29.435 28.932 28.075 28.861 28.635 26.839 27.683 26.793 28.870 0.000 -0.000 -0.000 0.000 0.000 0.000 0.000 
0.000 0.000 0.000 0.000 0.000 27.160 28.084 28.137 28.940 27.069 27.540 28.644 27.876 28.014 28.980 28.714 28.542 26.626 25.617 27.593 27.828 27.870 0.000 -0.000 -0.000 0.000 0.000 0.000 -0.000 0.000 
0.000 0.000 0.000 0.000 0.000 22.896 28.227 27.891 25.921 28.156 28.110 27.787 27.798 27.244 29.643 27.268 28.652 29.041 28.239 27.250 25.822 22.977 0.000 0.000 0.000 -0.000 -0.000 0.000 0.000 0.000 
0.000 0.000 0.000 0.000 0.000 0.000 25.482 28.881 27.696 27.465 28.792 28.440 26.994 26.823 27.286 29.122 27.557 27.626 28.163 27.283 23.805 0.000 0.000 0.000 0.000 0.000 0.000 0.000 0.000 0.000 
0.000 0.000 0.000 0.000 0.000 0.000 0.000 22.703 26.708 28.336 27.774 25.915 27.029 29.232 27.978 27.232 28.363 27.642 25.541 0.000 0.000 0.000 0.000 0.000 0.000 0.000 0.000 0.000 0.000 0.000 
0.000 0.000 0.000 0.000 0.000 0.000 0.000 0.000 -0.000 24.372 24.980 26.821 28.515 27.299 28.512 25.454 24.847 21.976 23.016 0.000 0.000 0.000 0.000 0.000 0.000 0.000 0.000 0.000 0.000 0.000 
0.000 0.000 0.000 0.000 0.000 0.000 0.000 0.000 0.000 0.000 0.000 17.486 23.208 21.855 25.546 0.000 -0.000 -0.000 0.000 0.000 0.000 0.000 0.000 0.000 0.000 0.000 0.000 0.000 0.000 0.000 
0.000 0.000 0.000 0.000 0.000 0.000 0.000 0.000 0.000 0.000 0.000 -0.000 -0.000 -0.000 -0.000 -0.000 0.000 0.000 0.000 0.000 0.000 0.000 0.000 0.000 0.000 0.000 0.000 0.000 0.000 0.000 
0.000 0.000 0.000 0.000 0.000 0.000 0.000 0.000 0.000 0.000 0.000 0.000 0.000 0.000 0.000 0.000 0.000 0.000 0.000 0.000 0.000 0.000 0.000 0.000 0.000 0.000 0.000 0.000 0.000 0.000 
0.000 0.000 0.000 0.000 0.000 0.000 0.000 0.000 0.000 0.000 0.000 0.000 0.000 0.000 0.000 0.000 0.000 0.000 0.000 0.000 0.000 0.000 0.000 0.000 0.000 0.000 0.000 0.000 0.000 0.000 
0.000 0.000 0.000 0.000 0.000 0.000 0.000 0.000 0.000 0.000 0.000 0.000 0.000 0.000 0.000 0.000 0.000 0.000 0.000 0.000 0.000 0.000 0.000 0.000 0.000 0.000 0.000 0.000 0.000 0.000 
