Scan MSE MAE Bias Total_meas Total_true_unmasked Total_meas_mm2 Total_true_mm2_unmasked
0 0.15654 0.30186 0.16560 615.93327 570.61469 0.16557 0.15339
1 0.15279 0.29768 0.15296 616.03831 570.61469 0.16560 0.15339
2 0.16462 0.31270 0.16572 621.98942 570.61469 0.16720 0.15339
3 0.16278 0.30984 0.19221 624.10197 566.93330 0.16886 0.15339
4 0.15312 0.30378 0.18671 620.38531 570.61469 0.16677 0.15339
5 0.16482 0.30437 0.16936 621.10552 570.61469 0.16696 0.15339
6 0.13677 0.27755 0.12105 608.14039 570.61469 0.16348 0.15339
7 0.15808 0.30001 0.16122 620.59180 570.61469 0.16683 0.15339
8 0.13314 0.28827 0.15086 611.40773 566.93330 0.16542 0.15339
9 0.15240 0.29315 0.16883 612.90587 570.61469 0.16476 0.15339
10 0.16095 0.30444 0.15470 616.57619 570.61469 0.16575 0.15339
11 0.16114 0.31070 0.18777 628.81369 570.60487 0.16904 0.15339
12 0.14880 0.30105 0.16845 618.00163 565.78307 0.16613 0.15209
13 0.12957 0.28451 0.16708 606.89822 557.44608 0.16420 0.15082
14 0.17141 0.31253 0.18493 610.27843 557.00031 0.16405 0.14973
15 0.15340 0.30341 0.20782 616.71760 552.29218 0.16578 0.14847
16 0.16477 0.30497 0.17509 602.38062 548.10162 0.16193 0.14734
17 0.14385 0.29110 0.18945 602.78427 544.05551 0.16204 0.14625
18 0.11823 0.26233 0.18028 589.97230 536.46748 0.15962 0.14515
19 0.12381 0.26849 0.14180 577.72263 537.27788 0.15530 0.14443
20 0.12872 0.27479 0.15984 582.28657 532.73493 0.15653 0.14321
21 0.13393 0.28348 0.17263 580.71939 529.21852 0.15611 0.14226
22 0.11436 0.25947 0.15840 574.92712 525.82331 0.15455 0.14135
23 0.13106 0.28226 0.19929 580.25652 518.87552 0.15700 0.14039
24 0.14145 0.28423 0.16442 577.41916 526.44919 0.15522 0.14152
25 0.14451 0.29673 0.17422 582.04174 528.03346 0.15646 0.14194
26 0.13292 0.28135 0.17709 585.79169 530.89302 0.15747 0.14271
27 0.13127 0.27355 0.17427 587.85930 533.83662 0.15803 0.14350
28 0.11300 0.26074 0.17181 586.10186 533.18532 0.15858 0.14426
29 0.14469 0.28961 0.18003 596.60209 540.79186 0.16038 0.14537
30 0.15002 0.29829 0.19326 603.10576 543.19663 0.16213 0.14602
31 0.15013 0.30474 0.20340 609.55702 546.50178 0.16386 0.14691
32 0.15279 0.30385 0.20109 612.24230 549.90404 0.16458 0.14782
33 0.11646 0.26373 0.15959 599.00649 549.85297 0.16207 0.14877
34 0.20694 0.34506 0.11494 677.42343 641.79333 0.18210 0.17253
35 0.45331 0.45686 0.11739 836.51372 800.12220 0.22487 0.21509
36 1.37369 0.66636 0.00703 1073.55609 1071.37771 0.28859 0.28800
37 4.11392 1.06934 -0.10558 1509.09142 1541.81980 0.40567 0.41447
38 24.61568 2.17145 -0.14176 2308.67118 2354.03249 0.62464 0.63691
39 149.10182 5.62604 -3.05431 2697.42611 3681.44691 0.72511 0.98964
40 66.21957 3.61877 1.50575 2852.85124 2396.10679 0.76690 0.64411
41 12.90231 1.65590 1.15341 1946.59075 1589.03306 0.52328 0.42716
42 5.77738 1.23090 0.99540 1421.95244 1113.37943 0.38225 0.29930
43 1.32057 0.68610 0.55561 998.09975 829.36879 0.27005 0.22440
44 0.62726 0.52319 0.37195 780.58378 665.27802 0.20983 0.17884
45 0.29170 0.41458 0.31760 669.07131 570.61469 0.17986 0.15339
46 0.14171 0.28692 0.14699 616.18210 570.61469 0.16564 0.15339
47 0.13968 0.28274 0.16897 622.99396 570.61469 0.16747 0.15339
48 0.13031 0.28117 0.17480 620.77028 566.93330 0.16796 0.15339
49 0.14762 0.29145 0.15683 615.23695 570.61469 0.16539 0.15339
50 0.13446 0.28045 0.15895 619.88800 570.61469 0.16664 0.15339
51 0.12475 0.27176 0.14375 615.17832 570.61469 0.16537 0.15339
52 0.13178 0.28410 0.15884 619.85366 570.61469 0.16663 0.15339
53 0.12724 0.27482 0.13792 607.43519 566.93330 0.16435 0.15339
