Scan MSE MAE Bias Total_meas Total_true_unmasked Total_meas_mm2 Total_true_mm2_unmasked
0 0.20928 0.36952 0.29281 629.38306 570.61469 0.16919 0.15339
1 0.23431 0.39429 0.31974 639.48852 570.61469 0.17191 0.15339
2 0.21674 0.37236 0.28394 637.38849 570.61469 0.17134 0.15339
3 0.17307 0.32257 0.22284 619.06094 566.93330 0.16749 0.15339
4 0.24430 0.39878 0.33639 644.41662 570.61469 0.17323 0.15339
5 0.16893 0.32292 0.24266 620.83799 570.61469 0.16689 0.15339
6 0.18854 0.34552 0.26543 627.62348 570.61469 0.16872 0.15339
7 0.16978 0.32556 0.18667 612.26272 570.61469 0.16459 0.15339
8 0.19187 0.33909 0.23766 625.58547 566.93330 0.16926 0.15339
9 0.18748 0.33973 0.22245 616.87825 570.61469 0.16583 0.15339
10 0.18106 0.34337 0.25928 625.79330 570.61469 0.16822 0.15339
11 0.20712 0.35742 0.26095 626.28000 570.60487 0.16835 0.15339
12 0.18509 0.34537 0.23266 621.44857 565.78307 0.16706 0.15209
13 0.18226 0.33938 0.24285 617.66014 557.44608 0.16712 0.15082
14 0.16700 0.29343 0.13402 577.00850 557.00031 0.15511 0.14973
15 0.13630 0.28146 0.11303 568.51760 552.29218 0.15283 0.14847
16 0.17804 0.32237 0.20308 595.59343 548.10162 0.16011 0.14734
17 0.15886 0.30447 0.16388 583.17983 544.05551 0.15677 0.14625
18 0.12850 0.27619 0.15372 569.85229 536.46748 0.15418 0.14515
19 0.13309 0.27135 0.12197 553.94901 537.27788 0.14891 0.14443
20 0.12828 0.26744 0.08265 538.69570 532.73493 0.14481 0.14321
21 0.09735 0.23788 0.08653 539.24101 529.21852 0.14496 0.14226
22 0.11568 0.25380 0.07983 533.72211 525.82331 0.14347 0.14135
23 0.11144 0.24213 0.06956 532.65925 518.87552 0.14412 0.14039
24 0.11006 0.24194 0.02389 514.53921 526.44919 0.13832 0.14152
25 0.09467 0.22984 0.03975 521.35263 528.03346 0.14015 0.14194
26 0.09101 0.22851 0.03666 526.92854 530.89302 0.14165 0.14271
27 0.10149 0.24321 0.10003 548.83161 533.83662 0.14754 0.14350
28 0.09951 0.23016 0.02844 532.59849 533.18532 0.14410 0.14426
29 0.08986 0.22377 0.03090 532.05838 540.79186 0.14303 0.14537
30 0.10164 0.23667 0.04900 538.68138 543.19663 0.14481 0.14602
31 0.08771 0.22538 0.06651 548.36474 546.50178 0.14741 0.14691
32 0.08405 0.22532 0.05887 551.32954 549.90404 0.14821 0.14782
33 0.09967 0.24612 0.03388 545.29071 549.85297 0.14754 0.14877
34 0.20131 0.31227 0.01586 621.61359 641.79333 0.16710 0.17253
35 0.64691 0.47220 0.05387 783.90219 800.12220 0.21073 0.21509
36 2.32887 0.78007 -0.11924 1017.49494 1071.37771 0.27352 0.28800
37 7.79850 1.20681 0.04930 1520.20474 1541.81980 0.40866 0.41447
38 29.30533 2.23551 0.36783 2456.28027 2354.03249 0.66458 0.63691
39 133.88754 5.14255 0.84739 3877.90534 3681.44691 1.04245 0.98964
40 85.48834 4.34931 3.29971 3324.71406 2396.10679 0.89374 0.64411
41 22.83960 2.30559 1.81541 2095.75980 1589.03306 0.56338 0.42716
42 6.60334 1.28927 0.85980 1366.41507 1113.37943 0.36732 0.29930
43 2.02006 0.82418 0.57420 1003.80847 829.36879 0.27159 0.22440
44 0.69643 0.54875 0.40880 765.98371 665.27802 0.20591 0.17884
45 0.24955 0.36480 0.23424 620.40344 570.61469 0.16678 0.15339
46 0.10352 0.23118 0.07894 583.56943 570.61469 0.15687 0.15339
47 0.09868 0.23575 0.08950 588.70999 570.61469 0.15826 0.15339
48 0.13691 0.27101 0.10571 597.54617 566.93330 0.16167 0.15339
49 0.11939 0.26215 0.09544 582.77666 570.61469 0.15666 0.15339
50 0.11885 0.25019 0.09189 579.77404 570.61469 0.15585 0.15339
51 0.11653 0.25613 0.13431 594.47499 570.61469 0.15981 0.15339
52 0.13014 0.26504 0.10564 595.57718 570.61469 0.16010 0.15339
53 0.11895 0.26146 0.12296 600.87863 566.93330 0.16258 0.15339
