# convective Vertical Profile Reflectivity (VPR) with Standard Deviation
# Format: bin_index bin_center_height_km point_count avg_reflectivity_dBZ std_deviation_dBZ
# Height bins: 0-20 km in 0.5 km increments
# Bins 0-39: convective
# Standard deviation is sample standard deviation (dividing by n-1)
#
0 0.25 298 27.154228 0.010550
1 0.75 298 27.327819 0.011361
2 1.25 299 29.481706 0.008459
3 1.75 211 31.057725 0.017774
4 2.25 241 32.624274 0.015433
5 2.75 261 34.278161 0.013616
6 3.25 256 40.388125 0.023580
7 3.75 230 40.171739 0.023175
8 4.25 249 34.988353 0.017100
9 4.75 262 29.515725 0.015437
10 5.25 235 24.323745 0.017287
11 5.75 240 19.706292 0.014426
12 6.25 253 14.281700 0.011746
13 6.75 240 9.309542 0.012288
14 7.25 231 -0.188095 0.008181
15 7.75 181 0.066133 0.011235
16 8.25 138 -0.000000 0.014784
17 8.75 69 0.128841 0.035315
18 9.25 31 0.021290 0.118438
19 9.75 0 0.000000 0.000000
20 10.25 0 0.000000 0.000000
21 10.75 0 0.000000 0.000000
22 11.25 0 0.000000 0.000000
23 11.75 0 0.000000 0.000000
24 12.25 0 0.000000 0.000000
25 12.75 0 0.000000 0.000000
26 13.25 0 0.000000 0.000000
27 13.75 0 0.000000 0.000000
28 14.25 0 0.000000 0.000000
29 14.75 0 0.000000 0.000000
30 15.25 0 0.000000 0.000000
31 15.75 0 0.000000 0.000000
32 16.25 0 0.000000 0.000000
33 16.75 0 0.000000 0.000000
34 17.25 0 0.000000 0.000000
35 17.75 0 0.000000 0.000000
36 18.25 0 0.000000 0.000000
37 18.75 0 0.000000 0.000000
38 19.25 0 0.000000 0.000000
39 19.75 0 0.000000 0.000000

0 0.25 299 27.116321 0.010870
1 0.75 299 27.465452 0.010929
2 1.25 298 29.484497 0.009797
3 1.75 236 31.319661 0.015457
4 2.25 241 32.703320 0.015057
5 2.75 262 34.115611 0.013284
6 3.25 274 39.922263 0.021027
7 3.75 237 40.616329 0.020238
8 4.25 249 34.694498 0.018846
9 4.75 260 29.849885 0.015634
10 5.25 259 24.362355 0.014801
11 5.75 240 19.614208 0.015129
12 6.25 251 14.502271 0.012633
13 6.75 254 9.448268 0.011637
14 7.25 247 -0.020040 0.008219
15 7.75 219 0.119863 0.008953
16 8.25 175 -0.015886 0.011913
17 8.75 126 -0.145556 0.018132
18 9.25 69 -0.030580 0.039854
19 9.75 32 -0.233125 0.122519
20 10.25 0 0.000000 0.000000
21 10.75 0 0.000000 0.000000
22 11.25 0 0.000000 0.000000
23 11.75 0 0.000000 0.000000
24 12.25 0 0.000000 0.000000
25 12.75 0 0.000000 0.000000
26 13.25 0 0.000000 0.000000
27 13.75 0 0.000000 0.000000
28 14.25 0 0.000000 0.000000
29 14.75 0 0.000000 0.000000
30 15.25 0 0.000000 0.000000
31 15.75 0 0.000000 0.000000
32 16.25 0 0.000000 0.000000
33 16.75 0 0.000000 0.000000
34 17.25 0 0.000000 0.000000
35 17.75 0 0.000000 0.000000
36 18.25 0 0.000000 0.000000
37 18.75 0 0.000000 0.000000
38 19.25 0 0.000000 0.000000
39 19.75 0 0.000000 0.000000

0 0.25 299 27.352174 0.010733
1 0.75 299 27.754381 0.011362
2 1.25 299 29.233579 0.009377
3 1.75 260 31.235154 0.013023
4 2.25 241 32.952241 0.015954
5 2.75 263 34.067300 0.013769
6 3.25 276 39.344275 0.021453
7 3.75 262 40.598740 0.019966
8 4.25 246 34.997236 0.018077
9 4.75 261 30.139502 0.014394
10 5.25 268 24.852873 0.012880
11 5.75 254 19.302126 0.013938
12 6.25 252 14.505556 0.012479
13 6.75 254 9.726181 0.012456
14 7.25 268 -0.081493 0.006864
15 7.75 198 -0.151111 0.009830
16 8.25 151 -0.017219 0.014422
17 8.75 108 -0.060370 0.021075
18 9.25 63 0.126825 0.038493
19 9.75 7 0.665714 1.312805
20 10.25 0 0.000000 0.000000
21 10.75 0 0.000000 0.000000
22 11.25 0 0.000000 0.000000
23 11.75 0 0.000000 0.000000
24 12.25 0 0.000000 0.000000
25 12.75 0 0.000000 0.000000
26 13.25 0 0.000000 0.000000
27 13.75 0 0.000000 0.000000
28 14.25 0 0.000000 0.000000
29 14.75 0 0.000000 0.000000
30 15.25 0 0.000000 0.000000
31 15.75 0 0.000000 0.000000
32 16.25 0 0.000000 0.000000
33 16.75 0 0.000000 0.000000
34 17.25 0 0.000000 0.000000
35 17.75 0 0.000000 0.000000
36 18.25 0 0.000000 0.000000
37 18.75 0 0.000000 0.000000
38 19.25 0 0.000000 0.000000
39 19.75 0 0.000000 0.000000

0 0.25 299 27.308729 0.010477
1 0.75 302 27.403609 0.010897
2 1.25 310 29.376387 0.009398
3 1.75 292 31.116712 0.011159
4 2.25 243 32.881481 0.015236
5 2.75 264 34.018295 0.013342
6 3.25 276 39.756449 0.021043
7 3.75 285 40.352246 0.018366
8 4.25 248 34.304798 0.019695
9 4.75 261 29.734828 0.016757
10 5.25 267 24.723333 0.013800
11 5.75 273 19.609707 0.011761
12 6.25 253 14.362806 0.012669
13 6.75 255 9.448784 0.012757
14 7.25 249 0.109438 0.007723
15 7.75 198 -0.188687 0.009963
16 8.25 127 0.162520 0.016780
17 8.75 84 -0.179524 0.029697
18 9.25 46 -0.122174 0.067888
19 9.75 0 0.000000 0.000000
20 10.25 0 0.000000 0.000000
21 10.75 0 0.000000 0.000000
22 11.25 0 0.000000 0.000000
23 11.75 0 0.000000 0.000000
24 12.25 0 0.000000 0.000000
25 12.75 0 0.000000 0.000000
26 13.25 0 0.000000 0.000000
27 13.75 0 0.000000 0.000000
28 14.25 0 0.000000 0.000000
29 14.75 0 0.000000 0.000000
30 15.25 0 0.000000 0.000000
31 15.75 0 0.000000 0.000000
32 16.25 0 0.000000 0.000000
33 16.75 0 0.000000 0.000000
34 17.25 0 0.000000 0.000000
35 17.75 0 0.000000 0.000000
36 18.25 0 0.000000 0.000000
37 18.75 0 0.000000 0.000000
38 19.25 0 0.000000 0.000000
39 19.75 0 0.000000 0.000000

0 0.25 299 27.018094 0.010843
1 0.75 324 27.711944 0.009787
2 1.25 310 29.390484 0.009976
3 1.75 308 31.003799 0.010300
4 2.25 250 32.955040 0.014885
5 2.75 264 34.184242 0.014075
6 3.25 277 39.855848 0.020392
7 3.75 285 40.519298 0.018083
8 4.25 270 34.543000 0.015763
9 4.75 263 29.437110 0.015856
10 5.25 268 24.684104 0.014365
11 5.75 274 19.638613 0.012532
12 6.25 277 14.463285 0.011310
13 6.75 256 9.384219 0.012950
14 7.25 267 0.130749 0.007018
15 7.75 233 0.012318 0.008102
16 8.25 183 0.209891 0.010788
17 8.75 118 0.215000 0.019948
18 9.25 81 0.006420 0.032022
19 9.75 40 0.026000 0.087491
20 10.25 0 0.000000 0.000000
21 10.75 0 0.000000 0.000000
22 11.25 0 0.000000 0.000000
23 11.75 0 0.000000 0.000000
24 12.25 0 0.000000 0.000000
25 12.75 0 0.000000 0.000000
26 13.25 0 0.000000 0.000000
27 13.75 0 0.000000 0.000000
28 14.25 0 0.000000 0.000000
29 14.75 0 0.000000 0.000000
30 15.25 0 0.000000 0.000000
31 15.75 0 0.000000 0.000000
32 16.25 0 0.000000 0.000000
33 16.75 0 0.000000 0.000000
34 17.25 0 0.000000 0.000000
35 17.75 0 0.000000 0.000000
36 18.25 0 0.000000 0.000000
37 18.75 0 0.000000 0.000000
38 19.25 0 0.000000 0.000000
39 19.75 0 0.000000 0.000000

0 0.25 315 27.183302 0.010435
1 0.75 329 27.633739 0.009965
2 1.25 311 29.173537 0.009563
3 1.75 308 31.305422 0.010536
4 2.25 271 32.715424 0.012778
5 2.75 264 34.547803 0.014058
6 3.25 275 39.733345 0.021596
7 3.75 286 40.383811 0.019649
8 4.25 286 34.649231 0.015777
9 4.75 268 29.615522 0.016874
10 5.25 268 24.681493 0.013067
11 5.75 274 19.702737 0.012367
12 6.25 284 14.534261 0.010759
13 6.75 274 9.309745 0.011228
14 7.25 265 0.078981 0.007289
15 7.75 211 -0.180427 0.009375
16 8.25 162 -0.071296 0.013048
17 8.75 117 0.067094 0.018916
18 9.25 58 0.111552 0.049012
19 9.75 19 0.548947 0.274102
20 10.25 0 0.000000 0.000000
21 10.75 0 0.000000 0.000000
22 11.25 0 0.000000 0.000000
23 11.75 0 0.000000 0.000000
24 12.25 0 0.000000 0.000000
25 12.75 0 0.000000 0.000000
26 13.25 0 0.000000 0.000000
27 13.75 0 0.000000 0.000000
28 14.25 0 0.000000 0.000000
29 14.75 0 0.000000 0.000000
30 15.25 0 0.000000 0.000000
31 15.75 0 0.000000 0.000000
32 16.25 0 0.000000 0.000000
33 16.75 0 0.000000 0.000000
34 17.25 0 0.000000 0.000000
35 17.75 0 0.000000 0.000000
36 18.25 0 0.000000 0.000000
37 18.75 0 0.000000 0.000000
38 19.25 0 0.000000 0.000000
39 19.75 0 0.000000 0.000000

0 0.25 336 27.496280 0.009921
1 0.75 329 27.788267 0.009307
2 1.25 310 29.335355 0.010064
3 1.75 307 31.135863 0.010514
4 2.25 292 32.962534 0.011728
5 2.75 265 34.519736 0.014377
6 3.25 276 39.834746 0.021474
7 3.75 285 40.775439 0.017528
8 4.25 290 34.993138 0.015564
9 4.75 297 29.715623 0.012670
10 5.25 273 24.481209 0.014084
11 5.75 277 19.557473 0.011930
12 6.25 286 14.450839 0.010394
13 6.75 281 9.365658 0.010920
14 7.25 285 -0.010807 0.006795
15 7.75 244 -0.070164 0.008302
16 8.25 195 -0.042769 0.009766
17 8.75 151 0.080927 0.013490
18 9.25 108 0.037130 0.021270
19 9.75 54 -0.093148 0.055445
20 10.25 15 -0.696000 0.394668
21 10.75 0 0.000000 0.000000
22 11.25 0 0.000000 0.000000
23 11.75 0 0.000000 0.000000
24 12.25 0 0.000000 0.000000
25 12.75 0 0.000000 0.000000
26 13.25 0 0.000000 0.000000
27 13.75 0 0.000000 0.000000
28 14.25 0 0.000000 0.000000
29 14.75 0 0.000000 0.000000
30 15.25 0 0.000000 0.000000
31 15.75 0 0.000000 0.000000
32 16.25 0 0.000000 0.000000
33 16.75 0 0.000000 0.000000
34 17.25 0 0.000000 0.000000
35 17.75 0 0.000000 0.000000
36 18.25 0 0.000000 0.000000
37 18.75 0 0.000000 0.000000
38 19.25 0 0.000000 0.000000
39 19.75 0 0.000000 0.000000

0 0.25 356 27.028989 0.008937
1 0.75 328 27.524604 0.009761
2 1.25 310 29.299452 0.010398
3 1.75 308 31.322565 0.010020
4 2.25 302 32.946755 0.011605
5 2.75 274 34.614453 0.014378
6 3.25 281 40.057794 0.020983
7 3.75 298 40.952752 0.016353
8 4.25 292 35.031301 0.014351
9 4.75 299 29.672642 0.013585
10 5.25 292 24.251610 0.013533
11 5.75 278 19.713633 0.012425
12 6.25 287 14.588571 0.010827
13 6.75 280 9.230179 0.010759
14 7.25 290 -0.038241 0.006635
15 7.75 240 -0.113333 0.008153
16 8.25 175 0.012400 0.010882
17 8.75 131 0.072519 0.017457
18 9.25 88 -0.181136 0.030775
19 9.75 49 0.077143 0.064515
20 10.25 0 0.000000 0.000000
21 10.75 0 0.000000 0.000000
22 11.25 0 0.000000 0.000000
23 11.75 0 0.000000 0.000000
24 12.25 0 0.000000 0.000000
25 12.75 0 0.000000 0.000000
26 13.25 0 0.000000 0.000000
27 13.75 0 0.000000 0.000000
28 14.25 0 0.000000 0.000000
29 14.75 0 0.000000 0.000000
30 15.25 0 0.000000 0.000000
31 15.75 0 0.000000 0.000000
32 16.25 0 0.000000 0.000000
33 16.75 0 0.000000 0.000000
34 17.25 0 0.000000 0.000000
35 17.75 0 0.000000 0.000000
36 18.25 0 0.000000 0.000000
37 18.75 0 0.000000 0.000000
38 19.25 0 0.000000 0.000000
39 19.75 0 0.000000 0.000000

0 0.25 374 27.068690 0.008507
1 0.75 329 27.597052 0.009506
2 1.25 310 29.266968 0.010356
3 1.75 308 31.036234 0.009953
4 2.25 301 32.700963 0.011962
5 2.75 303 34.418086 0.012500
6 3.25 291 40.023162 0.020045
7 3.75 299 40.763378 0.016781
8 4.25 293 34.751365 0.015338
9 4.75 299 29.707592 0.013358
10 5.25 297 24.717980 0.012593
11 5.75 295 19.551763 0.011440
12 6.25 293 14.543072 0.011209
13 6.75 287 9.457352 0.011306
14 7.25 295 -0.032542 0.006529
15 7.75 275 -0.072145 0.006908
16 8.25 222 -0.004775 0.008480
17 8.75 163 0.075644 0.013157
18 9.25 120 0.132083 0.018627
19 9.75 77 0.079351 0.034122
20 10.25 43 0.054186 0.067870
21 10.75 0 0.000000 0.000000
22 11.25 0 0.000000 0.000000
23 11.75 0 0.000000 0.000000
24 12.25 0 0.000000 0.000000
25 12.75 0 0.000000 0.000000
26 13.25 0 0.000000 0.000000
27 13.75 0 0.000000 0.000000
28 14.25 0 0.000000 0.000000
29 14.75 0 0.000000 0.000000
30 15.25 0 0.000000 0.000000
31 15.75 0 0.000000 0.000000
32 16.25 0 0.000000 0.000000
33 16.75 0 0.000000 0.000000
34 17.25 0 0.000000 0.000000
35 17.75 0 0.000000 0.000000
36 18.25 0 0.000000 0.000000
37 18.75 0 0.000000 0.000000
38 19.25 0 0.000000 0.000000
39 19.75 0 0.000000 0.000000

0 0.25 392 27.068520 0.007656
1 0.75 328 27.511006 0.009309
2 1.25 311 29.333505 0.010645
3 1.75 308 30.999643 0.011560
4 2.25 309 32.872233 0.010932
5 2.75 322 34.576708 0.011721
6 3.25 298 40.457584 0.021079
7 3.75 299 40.438896 0.016813
8 4.25 292 34.739315 0.014630
9 4.75 300 30.082467 0.013649
10 5.25 309 24.991748 0.011303
11 5.75 305 19.514033 0.011595
12 6.25 304 14.402171 0.010122
13 6.75 287 9.284599 0.011310
14 7.25 295 -0.012034 0.006253
15 7.75 257 -0.127432 0.007515
16 8.25 205 -0.022634 0.009696
17 8.75 159 -0.078302 0.013673
18 9.25 105 -0.071524 0.022295
19 9.75 59 0.134237 0.048451
20 10.25 25 -0.587200 0.166611
21 10.75 0 0.000000 0.000000
22 11.25 0 0.000000 0.000000
23 11.75 0 0.000000 0.000000
24 12.25 0 0.000000 0.000000
25 12.75 0 0.000000 0.000000
26 13.25 0 0.000000 0.000000
27 13.75 0 0.000000 0.000000
28 14.25 0 0.000000 0.000000
29 14.75 0 0.000000 0.000000
30 15.25 0 0.000000 0.000000
31 15.75 0 0.000000 0.000000
32 16.25 0 0.000000 0.000000
33 16.75 0 0.000000 0.000000
34 17.25 0 0.000000 0.000000
35 17.75 0 0.000000 0.000000
36 18.25 0 0.000000 0.000000
37 18.75 0 0.000000 0.000000
38 19.25 0 0.000000 0.000000
39 19.75 0 0.000000 0.000000

0 0.25 407 27.233686 0.007597
1 0.75 328 27.588963 0.009755
2 1.25 311 29.336688 0.010504
3 1.75 308 31.302727 0.011274
4 2.25 326 32.684601 0.010498
5 2.75 321 34.435981 0.010761
6 3.25 315 40.403270 0.019143
7 3.75 299 40.325719 0.017731
8 4.25 303 34.943465 0.015049
9 4.75 308 29.940065 0.013172
10 5.25 308 24.731494 0.011711
11 5.75 305 19.770164 0.011289
12 6.25 308 14.410455 0.010255
13 6.75 302 9.248444 0.010699
14 7.25 302 0.071556 0.006388
15 7.75 289 0.086159 0.006490
16 8.25 236 -0.007076 0.007894
17 8.75 190 -0.126263 0.009638
18 9.25 148 -0.259527 0.014306
19 9.75 96 0.023438 0.026685
20 10.25 56 0.125357 0.051741
21 10.75 20 -0.235500 0.218706
22 11.25 0 0.000000 0.000000
23 11.75 0 0.000000 0.000000
24 12.25 0 0.000000 0.000000
25 12.75 0 0.000000 0.000000
26 13.25 0 0.000000 0.000000
27 13.75 0 0.000000 0.000000
28 14.25 0 0.000000 0.000000
29 14.75 0 0.000000 0.000000
30 15.25 0 0.000000 0.000000
31 15.75 0 0.000000 0.000000
32 16.25 0 0.000000 0.000000
33 16.75 0 0.000000 0.000000
34 17.25 0 0.000000 0.000000
35 17.75 0 0.000000 0.000000
36 18.25 0 0.000000 0.000000
37 18.75 0 0.000000 0.000000
38 19.25 0 0.000000 0.000000
39 19.75 0 0.000000 0.000000

0 0.25 421 27.193230 0.007187
1 0.75 328 27.943720 0.009728
2 1.25 311 29.658971 0.010535
3 1.75 318 30.877767 0.010475
4 2.25 331 32.616918 0.010436
5 2.75 321 34.081620 0.011266
6 3.25 316 40.249304 0.018317
7 3.75 321 40.215296 0.015201
8 4.25 310 34.543355 0.015168
9 4.75 308 29.727435 0.013578
10 5.25 308 24.731916 0.011856
11 5.75 306 19.740980 0.011005
12 6.25 317 14.629243 0.009116
13 6.75 312 9.372821 0.010111
14 7.25 313 0.142396 0.006410
15 7.75 283 -0.082862 0.006827
16 8.25 236 0.043686 0.008359
17 8.75 191 -0.019686 0.010608
18 9.25 146 -0.050753 0.014469
19 9.75 104 0.146827 0.024064
20 10.25 63 -0.007460 0.045259
21 10.75 20 0.651000 0.243503
22 11.25 4 -0.330000 2.472645
23 11.75 0 0.000000 0.000000
24 12.25 0 0.000000 0.000000
25 12.75 0 0.000000 0.000000
26 13.25 0 0.000000 0.000000
27 13.75 0 0.000000 0.000000
28 14.25 0 0.000000 0.000000
29 14.75 0 0.000000 0.000000
30 15.25 0 0.000000 0.000000
31 15.75 0 0.000000 0.000000
32 16.25 0 0.000000 0.000000
33 16.75 0 0.000000 0.000000
34 17.25 0 0.000000 0.000000
35 17.75 0 0.000000 0.000000
36 18.25 0 0.000000 0.000000
37 18.75 0 0.000000 0.000000
38 19.25 0 0.000000 0.000000
39 19.75 0 0.000000 0.000000

0 0.25 438 26.978037 0.007146
1 0.75 330 27.429091 0.008972
2 1.25 311 29.447331 0.011063
3 1.75 331 31.245861 0.010609
4 2.25 330 33.007818 0.010240
5 2.75 322 34.916584 0.011736
6 3.25 318 40.214686 0.018319
7 3.75 334 40.723683 0.015109
8 4.25 319 34.860063 0.014438
9 4.75 310 30.108871 0.014308
10 5.25 316 25.145316 0.011869
11 5.75 316 20.400506 0.010246
12 6.25 319 15.476426 0.009384
13 6.75 312 10.805256 0.010107
14 7.25 315 1.804413 0.012836
15 7.75 312 0.057147 0.005849
16 8.25 255 -0.117529 0.007055
17 8.75 208 -0.085000 0.009916
18 9.25 163 0.201166 0.012767
19 9.75 119 0.043697 0.018962
20 10.25 83 -0.001446 0.027808
21 10.75 47 0.213191 0.067092
22 11.25 0 0.000000 0.000000
23 11.75 0 0.000000 0.000000
24 12.25 0 0.000000 0.000000
25 12.75 0 0.000000 0.000000
26 13.25 0 0.000000 0.000000
27 13.75 0 0.000000 0.000000
28 14.25 0 0.000000 0.000000
29 14.75 0 0.000000 0.000000
30 15.25 0 0.000000 0.000000
31 15.75 0 0.000000 0.000000
32 16.25 0 0.000000 0.000000
33 16.75 0 0.000000 0.000000
34 17.25 0 0.000000 0.000000
35 17.75 0 0.000000 0.000000
36 18.25 0 0.000000 0.000000
37 18.75 0 0.000000 0.000000
38 19.25 0 0.000000 0.000000
39 19.75 0 0.000000 0.000000

0 0.25 450 26.693822 0.006870
1 0.75 329 27.394620 0.009290
2 1.25 311 29.564277 0.010979
3 1.75 343 31.296793 0.009586
4 2.25 330 33.095727 0.010750
5 2.75 322 34.956491 0.010645
6 3.25 331 40.287795 0.018520
7 3.75 335 40.950866 0.015050
8 4.25 325 35.217508 0.012738
9 4.75 324 30.738426 0.012288
10 5.25 321 25.864579 0.010924
11 5.75 315 21.313810 0.010977
12 6.25 318 16.621667 0.010608
13 6.75 315 12.050762 0.011891
14 7.25 322 5.334752 0.019683
15 7.75 320 0.032781 0.005830
16 8.25 292 0.088938 0.006018
17 8.75 246 -0.021707 0.006912
18 9.25 192 -0.126771 0.010163
19 9.75 152 0.043224 0.013329
20 10.25 112 -0.078482 0.019817
21 10.75 79 -0.104684 0.030529
22 11.25 40 -0.226000 0.082402
23 11.75 0 0.000000 0.000000
24 12.25 0 0.000000 0.000000
25 12.75 0 0.000000 0.000000
26 13.25 0 0.000000 0.000000
27 13.75 0 0.000000 0.000000
28 14.25 0 0.000000 0.000000
29 14.75 0 0.000000 0.000000
30 15.25 0 0.000000 0.000000
31 15.75 0 0.000000 0.000000
32 16.25 0 0.000000 0.000000
33 16.75 0 0.000000 0.000000
34 17.25 0 0.000000 0.000000
35 17.75 0 0.000000 0.000000
36 18.25 0 0.000000 0.000000
37 18.75 0 0.000000 0.000000
38 19.25 0 0.000000 0.000000
39 19.75 0 0.000000 0.000000

0 0.25 458 26.350546 0.006801
1 0.75 328 27.027866 0.009767
2 1.25 314 29.173025 0.011312
3 1.75 352 30.887301 0.009153
4 2.25 331 33.288036 0.010709
5 2.75 326 35.235951 0.011661
6 3.25 340 40.288676 0.017026
7 3.75 336 41.528393 0.014300
8 4.25 324 35.321265 0.013038
9 4.75 340 30.708412 0.010679
10 5.25 327 26.376116 0.011371
11 5.75 316 22.103165 0.010940
12 6.25 324 17.963426 0.012310
13 6.75 320 13.538625 0.014938
14 7.25 323 8.575820 0.023342
15 7.75 322 0.059534 0.005605
16 8.25 281 0.088434 0.006135
17 8.75 241 0.142739 0.007501
18 9.25 186 -0.162258 0.011070
19 9.75 141 0.276879 0.015442
20 10.25 101 -0.099307 0.022415
21 10.75 68 -0.000294 0.036103
22 11.25 29 -0.409310 0.124883
23 11.75 0 0.000000 0.000000
24 12.25 0 0.000000 0.000000
25 12.75 0 0.000000 0.000000
26 13.25 0 0.000000 0.000000
27 13.75 0 0.000000 0.000000
28 14.25 0 0.000000 0.000000
29 14.75 0 0.000000 0.000000
30 15.25 0 0.000000 0.000000
31 15.75 0 0.000000 0.000000
32 16.25 0 0.000000 0.000000
33 16.75 0 0.000000 0.000000
34 17.25 0 0.000000 0.000000
35 17.75 0 0.000000 0.000000
36 18.25 0 0.000000 0.000000
37 18.75 0 0.000000 0.000000
38 19.25 0 0.000000 0.000000
39 19.75 0 0.000000 0.000000

0 0.25 467 26.364390 0.006190
1 0.75 328 27.001159 0.009659
2 1.25 322 29.222329 0.010650
3 1.75 352 31.277898 0.009325
4 2.25 331 33.455831 0.011368
5 2.75 335 35.869194 0.012077
6 3.25 340 40.499912 0.017866
7 3.75 336 41.600298 0.015117
8 4.25 335 35.347940 0.011989
9 4.75 340 31.115206 0.011175
10 5.25 331 27.098338 0.011122
11 5.75 324 22.844660 0.011774
12 6.25 331 18.619728 0.012560
13 6.75 320 14.665313 0.017308
14 7.25 323 10.388359 0.027575
15 7.75 322 1.975683 0.012793
16 8.25 313 0.012716 0.005714
17 8.75 273 0.023333 0.006473
18 9.25 221 -0.013032 0.008640
19 9.75 177 0.000339 0.010971
20 10.25 133 -0.269323 0.016042
21 10.75 100 -0.141800 0.025389
22 11.25 61 -0.000492 0.043770
23 11.75 29 0.054483 0.122924
24 12.25 0 0.000000 0.000000
25 12.75 0 0.000000 0.000000
26 13.25 0 0.000000 0.000000
27 13.75 0 0.000000 0.000000
28 14.25 0 0.000000 0.000000
29 14.75 0 0.000000 0.000000
30 15.25 0 0.000000 0.000000
31 15.75 0 0.000000 0.000000
32 16.25 0 0.000000 0.000000
33 16.75 0 0.000000 0.000000
34 17.25 0 0.000000 0.000000
35 17.75 0 0.000000 0.000000
36 18.25 0 0.000000 0.000000
37 18.75 0 0.000000 0.000000
38 19.25 0 0.000000 0.000000
39 19.75 0 0.000000 0.000000

0 0.25 477 26.038092 0.006825
1 0.75 330 26.711788 0.010036
2 1.25 330 28.929333 0.010502
3 1.75 352 31.557926 0.010201
4 2.25 332 33.684518 0.011671
5 2.75 342 35.969561 0.011959
6 3.25 338 40.631746 0.017159
7 3.75 337 41.620861 0.014485
8 4.25 342 35.285906 0.012626
9 4.75 340 31.410618 0.011001
10 5.25 330 27.577727 0.011943
11 5.75 336 23.357560 0.012047
12 6.25 333 19.439009 0.013380
13 6.75 321 15.372243 0.018903
14 7.25 327 11.533150 0.029528
15 7.75 328 4.798293 0.017256
16 8.25 306 -0.071993 0.005642
17 8.75 265 0.099774 0.006431
18 9.25 213 -0.004178 0.009126
19 9.75 174 0.140460 0.010993
20 10.25 129 -0.054496 0.014654
21 10.75 93 0.169785 0.023186
22 11.25 54 -0.011296 0.051383
23 11.75 21 0.102381 0.179090
24 12.25 0 0.000000 0.000000
25 12.75 0 0.000000 0.000000
26 13.25 0 0.000000 0.000000
27 13.75 0 0.000000 0.000000
28 14.25 0 0.000000 0.000000
29 14.75 0 0.000000 0.000000
30 15.25 0 0.000000 0.000000
31 15.75 0 0.000000 0.000000
32 16.25 0 0.000000 0.000000
33 16.75 0 0.000000 0.000000
34 17.25 0 0.000000 0.000000
35 17.75 0 0.000000 0.000000
36 18.25 0 0.000000 0.000000
37 18.75 0 0.000000 0.000000
38 19.25 0 0.000000 0.000000
39 19.75 0 0.000000 0.000000

0 0.25 483 25.692774 0.006480
1 0.75 330 26.325091 0.010220
2 1.25 336 28.911935 0.010602
3 1.75 352 31.380170 0.010216
4 2.25 332 33.921024 0.011412
5 2.75 348 36.360316 0.012376
6 3.25 338 40.800178 0.017017
7 3.75 343 42.260146 0.013742
8 4.25 342 35.541988 0.012691
9 4.75 339 31.730295 0.011498
10 5.25 338 27.682308 0.011394
11 5.75 339 24.048053 0.012916
12 6.25 337 20.285549 0.016284
13 6.75 324 16.317593 0.020553
14 7.25 333 12.557928 0.032301
15 7.75 328 8.289177 0.021421
16 8.25 324 -0.074722 0.005639
17 8.75 298 0.009094 0.006092
18 9.25 246 0.104431 0.006956
19 9.75 207 -0.021014 0.008826
20 10.25 170 0.116353 0.011336
21 10.75 126 -0.008254 0.016440
22 11.25 86 -0.102558 0.025180
23 11.75 54 0.299074 0.049266
24 12.25 24 -0.232083 0.147133
25 12.75 0 0.000000 0.000000
26 13.25 0 0.000000 0.000000
27 13.75 0 0.000000 0.000000
28 14.25 0 0.000000 0.000000
29 14.75 0 0.000000 0.000000
30 15.25 0 0.000000 0.000000
31 15.75 0 0.000000 0.000000
32 16.25 0 0.000000 0.000000
33 16.75 0 0.000000 0.000000
34 17.25 0 0.000000 0.000000
35 17.75 0 0.000000 0.000000
36 18.25 0 0.000000 0.000000
37 18.75 0 0.000000 0.000000
38 19.25 0 0.000000 0.000000
39 19.75 0 0.000000 0.000000

0 0.25 484 25.522913 0.006875
1 0.75 328 26.250915 0.011014
2 1.25 342 28.993830 0.009532
3 1.75 352 31.457869 0.010153
4 2.25 334 34.305269 0.012088
5 2.75 351 36.805812 0.013024
6 3.25 339 40.682891 0.017680
7 3.75 345 42.410667 0.014160
8 4.25 343 35.952362 0.012611
9 4.75 340 32.004765 0.011919
10 5.25 340 28.233382 0.011922
11 5.75 337 24.500742 0.014385
12 6.25 337 20.987181 0.017041
13 6.75 335 17.186149 0.021561
14 7.25 332 13.416235 0.033944
15 7.75 330 9.780000 0.022339
16 8.25 322 1.940590 0.012022
17 8.75 294 0.178707 0.005921
18 9.25 241 0.158423 0.007573
19 9.75 202 -0.008960 0.009259
20 10.25 165 0.074788 0.011987
21 10.75 126 0.016429 0.017815
22 11.25 81 -0.410123 0.028584
23 11.75 49 -0.140204 0.053725
24 12.25 19 -0.336842 0.215375
25 12.75 0 0.000000 0.000000
26 13.25 0 0.000000 0.000000
27 13.75 0 0.000000 0.000000
28 14.25 0 0.000000 0.000000
29 14.75 0 0.000000 0.000000
30 15.25 0 0.000000 0.000000
31 15.75 0 0.000000 0.000000
32 16.25 0 0.000000 0.000000
33 16.75 0 0.000000 0.000000
34 17.25 0 0.000000 0.000000
35 17.75 0 0.000000 0.000000
36 18.25 0 0.000000 0.000000
37 18.75 0 0.000000 0.000000
38 19.25 0 0.000000 0.000000
39 19.75 0 0.000000 0.000000

0 0.25 489 25.533763 0.006560
1 0.75 330 25.920121 0.011159
2 1.25 345 28.686580 0.009997
3 1.75 351 31.392507 0.010616
4 2.25 337 34.395786 0.012841
5 2.75 351 37.098689 0.012872
6 3.25 340 41.025471 0.017756
7 3.75 348 42.549224 0.014529
8 4.25 344 35.858198 0.012636
9 4.75 340 31.765647 0.011871
10 5.25 343 28.392536 0.012013
11 5.75 337 24.830237 0.015020
12 6.25 337 21.370653 0.019289
13 6.75 339 17.789705 0.022643
14 7.25 333 14.297718 0.035231
15 7.75 330 10.858545 0.024568
16 8.25 322 4.705000 0.016410
17 8.75 291 -0.022268 0.005949
18 9.25 240 0.095708 0.007169
19 9.75 199 -0.192211 0.009893
20 10.25 163 0.066994 0.011740
21 10.75 123 0.059106 0.018597
22 11.25 81 -0.043210 0.028965
23 11.75 46 -0.249130 0.053231
24 12.25 18 -0.427222 0.243486
25 12.75 0 0.000000 0.000000
26 13.25 0 0.000000 0.000000
27 13.75 0 0.000000 0.000000
28 14.25 0 0.000000 0.000000
29 14.75 0 0.000000 0.000000
30 15.25 0 0.000000 0.000000
31 15.75 0 0.000000 0.000000
32 16.25 0 0.000000 0.000000
33 16.75 0 0.000000 0.000000
34 17.25 0 0.000000 0.000000
35 17.75 0 0.000000 0.000000
36 18.25 0 0.000000 0.000000
37 18.75 0 0.000000 0.000000
38 19.25 0 0.000000 0.000000
39 19.75 0 0.000000 0.000000

0 0.25 487 24.994456 0.006943
1 0.75 328 25.661372 0.011762
2 1.25 343 28.357726 0.010253
3 1.75 354 31.383051 0.010262
4 2.25 336 34.321786 0.012294
5 2.75 351 37.257151 0.013468
6 3.25 339 41.098171 0.018001
7 3.75 351 43.101481 0.014467
8 4.25 343 35.970437 0.013158
9 4.75 339 31.931740 0.011473
10 5.25 342 28.612661 0.012198
11 5.75 336 25.192530 0.016000
12 6.25 336 21.953601 0.020859
13 6.75 340 18.499147 0.024399
14 7.25 333 15.038378 0.039192
15 7.75 330 11.854394 0.029109
16 8.25 322 7.900062 0.018869
17 8.75 327 0.177064 0.005337
18 9.25 277 0.074801 0.006338
19 9.75 237 0.089620 0.007048
20 10.25 198 -0.059444 0.009888
21 10.75 162 0.063765 0.011522
22 11.25 120 0.232000 0.016310
23 11.75 81 0.119259 0.027164
24 12.25 55 0.090364 0.044975
25 12.75 24 0.127500 0.139071
26 13.25 0 0.000000 0.000000
27 13.75 0 0.000000 0.000000
28 14.25 0 0.000000 0.000000
29 14.75 0 0.000000 0.000000
30 15.25 0 0.000000 0.000000
31 15.75 0 0.000000 0.000000
32 16.25 0 0.000000 0.000000
33 16.75 0 0.000000 0.000000
34 17.25 0 0.000000 0.000000
35 17.75 0 0.000000 0.000000
36 18.25 0 0.000000 0.000000
37 18.75 0 0.000000 0.000000
38 19.25 0 0.000000 0.000000
39 19.75 0 0.000000 0.000000

0 0.25 489 24.727239 0.007482
1 0.75 330 25.532364 0.012061
2 1.25 344 28.303547 0.010205
3 1.75 351 31.420741 0.010303
4 2.25 335 34.235701 0.013504
5 2.75 351 37.754786 0.014822
6 3.25 338 41.156893 0.017758
7 3.75 348 43.436954 0.014819
8 4.25 343 36.442974 0.013676
9 4.75 341 32.101730 0.011503
10 5.25 343 28.779621 0.012443
11 5.75 337 25.565193 0.016938
12 6.25 339 22.516254 0.022471
13 6.75 340 19.179765 0.026392
14 7.25 333 16.084865 0.041607
15 7.75 330 12.697333 0.030494
16 8.25 323 9.581331 0.021063
17 8.75 326 2.127730 0.012071
18 9.25 279 -0.055591 0.006104
19 9.75 238 -0.001050 0.006840
20 10.25 198 0.060101 0.009427
21 10.75 162 0.026235 0.011292
22 11.25 120 -0.193417 0.015117
23 11.75 82 0.036463 0.026240
24 12.25 57 -0.038947 0.040756
25 12.75 24 -0.453333 0.133236
26 13.25 0 0.000000 0.000000
27 13.75 0 0.000000 0.000000
28 14.25 0 0.000000 0.000000
29 14.75 0 0.000000 0.000000
30 15.25 0 0.000000 0.000000
31 15.75 0 0.000000 0.000000
32 16.25 0 0.000000 0.000000
33 16.75 0 0.000000 0.000000
34 17.25 0 0.000000 0.000000
35 17.75 0 0.000000 0.000000
36 18.25 0 0.000000 0.000000
37 18.75 0 0.000000 0.000000
38 19.25 0 0.000000 0.000000
39 19.75 0 0.000000 0.000000

0 0.25 485 24.592722 0.007599
1 0.75 330 24.948970 0.013014
2 1.25 342 28.247515 0.010216
3 1.75 352 31.550852 0.010527
4 2.25 333 34.896697 0.014269
5 2.75 351 38.218689 0.015834
6 3.25 338 41.685710 0.018777
7 3.75 346 43.409884 0.014365
8 4.25 344 36.807355 0.012881
9 4.75 340 31.971265 0.011605
10 5.25 339 28.947404 0.013384
11 5.75 336 25.879613 0.017068
12 6.25 337 22.718872 0.022332
13 6.75 334 19.468263 0.028148
14 7.25 333 16.549520 0.042482
15 7.75 330 13.429182 0.031856
16 8.25 322 10.336273 0.022277
17 8.75 326 4.884264 0.015444
18 9.25 282 -0.029539 0.006327
19 9.75 240 -0.154917 0.006955
20 10.25 201 0.025423 0.009474
21 10.75 165 0.207939 0.011552
22 11.25 120 -0.118750 0.015167
23 11.75 84 -0.048810 0.026430
24 12.25 60 -0.292667 0.040290
25 12.75 27 0.478519 0.126036
26 13.25 0 0.000000 0.000000
27 13.75 0 0.000000 0.000000
28 14.25 0 0.000000 0.000000
29 14.75 0 0.000000 0.000000
30 15.25 0 0.000000 0.000000
31 15.75 0 0.000000 0.000000
32 16.25 0 0.000000 0.000000
33 16.75 0 0.000000 0.000000
34 17.25 0 0.000000 0.000000
35 17.75 0 0.000000 0.000000
36 18.25 0 0.000000 0.000000
37 18.75 0 0.000000 0.000000
38 19.25 0 0.000000 0.000000
39 19.75 0 0.000000 0.000000

0 0.25 483 24.193644 0.007963
1 0.75 329 25.094438 0.012856
2 1.25 334 27.922455 0.011292
3 1.75 351 31.316097 0.010495
4 2.25 332 34.539127 0.013599
5 2.75 348 38.223017 0.016180
6 3.25 339 41.494808 0.018175
7 3.75 340 43.597235 0.014786
8 4.25 342 37.081082 0.013610
9 4.75 340 32.060353 0.011961
10 5.25 335 28.878060 0.014110
11 5.75 337 26.255104 0.018418
12 6.25 337 22.956113 0.023580
13 6.75 324 20.154938 0.031841
14 7.25 332 17.285512 0.044451
15 7.75 329 14.102067 0.032558
16 8.25 323 11.375232 0.023702
17 8.75 326 7.763896 0.015697
18 9.25 285 -0.012807 0.005672
19 9.75 246 -0.035366 0.006906
20 10.25 207 -0.063188 0.008187
21 10.75 165 0.092485 0.011452
22 11.25 126 -0.021587 0.015897
23 11.75 90 -0.241111 0.024091
24 12.25 63 0.181270 0.036930
25 12.75 33 0.215758 0.077262
26 13.25 0 0.000000 0.000000
27 13.75 0 0.000000 0.000000
28 14.25 0 0.000000 0.000000
29 14.75 0 0.000000 0.000000
30 15.25 0 0.000000 0.000000
31 15.75 0 0.000000 0.000000
32 16.25 0 0.000000 0.000000
33 16.75 0 0.000000 0.000000
34 17.25 0 0.000000 0.000000
35 17.75 0 0.000000 0.000000
36 18.25 0 0.000000 0.000000
37 18.75 0 0.000000 0.000000
38 19.25 0 0.000000 0.000000
39 19.75 0 0.000000 0.000000

0 0.25 477 24.430042 0.008178
1 0.75 329 25.157112 0.012206
2 1.25 328 27.943171 0.011354
3 1.75 352 31.431534 0.010463
4 2.25 332 34.879789 0.013463
5 2.75 341 38.050704 0.016717
6 3.25 339 41.554041 0.018174
7 3.75 334 43.765449 0.014984
8 4.25 342 37.472661 0.013515
9 4.75 340 32.119059 0.011379
10 5.25 331 29.093565 0.014070
11 5.75 335 25.952418 0.018022
12 6.25 334 23.210299 0.025204
13 6.75 321 20.159128 0.032473
14 7.25 325 17.320585 0.046703
15 7.75 330 14.386667 0.033344
16 8.25 322 11.386770 0.024548
17 8.75 326 8.142699 0.014994
18 9.25 291 0.144777 0.005980
19 9.75 252 0.118135 0.006868
20 10.25 207 0.026184 0.007979
21 10.75 171 -0.006550 0.010168
22 11.25 132 -0.015303 0.013791
23 11.75 96 -0.173021 0.020925
24 12.25 69 0.206377 0.033723
25 12.75 39 -0.550256 0.066169
26 13.25 0 0.000000 0.000000
27 13.75 0 0.000000 0.000000
28 14.25 0 0.000000 0.000000
29 14.75 0 0.000000 0.000000
30 15.25 0 0.000000 0.000000
31 15.75 0 0.000000 0.000000
32 16.25 0 0.000000 0.000000
33 16.75 0 0.000000 0.000000
34 17.25 0 0.000000 0.000000
35 17.75 0 0.000000 0.000000
36 18.25 0 0.000000 0.000000
37 18.75 0 0.000000 0.000000
38 19.25 0 0.000000 0.000000
39 19.75 0 0.000000 0.000000

0 0.25 467 24.538737 0.008235
1 0.75 330 24.973636 0.012980
2 1.25 323 28.412353 0.012200
3 1.75 352 31.860710 0.011026
4 2.25 330 35.029909 0.014809
5 2.75 335 38.258806 0.017650
6 3.25 337 42.095875 0.019320
7 3.75 336 43.542113 0.015677
8 4.25 335 37.506448 0.013755
9 4.75 340 32.245735 0.011582
10 5.25 330 29.030394 0.013582
11 5.75 322 26.149503 0.019264
12 6.25 330 23.335939 0.025169
13 6.75 322 20.022826 0.032409
14 7.25 324 17.219228 0.046621
15 7.75 321 14.212274 0.035403
16 8.25 323 11.436687 0.024393
17 8.75 324 8.063549 0.015401
18 9.25 300 0.032400 0.005469
19 9.75 255 0.083765 0.006748
20 10.25 213 0.094131 0.008046
21 10.75 180 0.074944 0.009560
22 11.25 141 -0.083546 0.012051
23 11.75 105 -0.014857 0.018148
24 12.25 78 0.150897 0.027482
25 12.75 39 0.295128 0.059451
26 13.25 8 0.161250 0.572542
27 13.75 0 0.000000 0.000000
28 14.25 0 0.000000 0.000000
29 14.75 0 0.000000 0.000000
30 15.25 0 0.000000 0.000000
31 15.75 0 0.000000 0.000000
32 16.25 0 0.000000 0.000000
33 16.75 0 0.000000 0.000000
34 17.25 0 0.000000 0.000000
35 17.75 0 0.000000 0.000000
36 18.25 0 0.000000 0.000000
37 18.75 0 0.000000 0.000000
38 19.25 0 0.000000 0.000000
39 19.75 0 0.000000 0.000000

0 0.25 459 24.780763 0.008467
1 0.75 330 25.556727 0.012213
2 1.25 314 28.307261 0.011703
3 1.75 352 31.599801 0.010749
4 2.25 331 35.446828 0.015922
5 2.75 325 38.500246 0.018863
6 3.25 338 42.334704 0.018983
7 3.75 335 44.142537 0.015068
8 4.25 325 37.971231 0.014365
9 4.75 340 32.272294 0.011879
10 5.25 325 28.949846 0.014181
11 5.75 316 26.285823 0.020582
12 6.25 323 23.204118 0.026497
13 6.75 321 20.317009 0.033315
14 7.25 324 17.384475 0.047465
15 7.75 320 14.354406 0.035823
16 8.25 315 11.340635 0.025678
17 8.75 322 8.172981 0.016072
18 9.25 306 0.030392 0.005209
19 9.75 258 0.062481 0.006253
20 10.25 222 -0.081396 0.007872
21 10.75 189 -0.136138 0.009214
22 11.25 150 0.002667 0.010915
23 11.75 114 -0.269825 0.016810
24 12.25 81 -0.549012 0.027083
25 12.75 46 -0.063478 0.053695
26 13.25 18 -0.708333 0.182549
27 13.75 0 0.000000 0.000000
28 14.25 0 0.000000 0.000000
29 14.75 0 0.000000 0.000000
30 15.25 0 0.000000 0.000000
31 15.75 0 0.000000 0.000000
32 16.25 0 0.000000 0.000000
33 16.75 0 0.000000 0.000000
34 17.25 0 0.000000 0.000000
35 17.75 0 0.000000 0.000000
36 18.25 0 0.000000 0.000000
37 18.75 0 0.000000 0.000000
38 19.25 0 0.000000 0.000000
39 19.75 0 0.000000 0.000000

0 0.25 446 25.162578 0.008054
1 0.75 328 25.814360 0.011631
2 1.25 311 28.738875 0.012072
3 1.75 344 32.038430 0.011204
4 2.25 331 35.175468 0.014520
5 2.75 322 38.755311 0.019842
6 3.25 330 42.470909 0.019568
7 3.75 337 44.248605 0.014564
8 4.25 323 38.283901 0.014807
9 4.75 322 32.182826 0.013136
10 5.25 321 29.148069 0.015345
11 5.75 314 26.070764 0.020578
12 6.25 317 23.165016 0.027296
13 6.75 313 20.441853 0.036151
14 7.25 324 17.324228 0.047790
15 7.75 320 14.286937 0.036034
16 8.25 313 11.284409 0.026686
17 8.75 313 7.869968 0.017255
18 9.25 302 -0.061788 0.005289
19 9.75 270 0.066852 0.006064
20 10.25 234 -0.002222 0.006862
21 10.75 201 0.091144 0.008468
22 11.25 162 0.187222 0.010491
23 11.75 117 0.153504 0.015915
24 12.25 90 -0.069556 0.020699
25 12.75 58 -0.218793 0.031294
26 13.25 30 -0.715000 0.094939
27 13.75 0 0.000000 0.000000
28 14.25 0 0.000000 0.000000
29 14.75 0 0.000000 0.000000
30 15.25 0 0.000000 0.000000
31 15.75 0 0.000000 0.000000
32 16.25 0 0.000000 0.000000
33 16.75 0 0.000000 0.000000
34 17.25 0 0.000000 0.000000
35 17.75 0 0.000000 0.000000
36 18.25 0 0.000000 0.000000
37 18.75 0 0.000000 0.000000
38 19.25 0 0.000000 0.000000
39 19.75 0 0.000000 0.000000

0 0.25 434 25.103525 0.008807
1 0.75 329 25.808815 0.011653
2 1.25 311 28.657974 0.012081
3 1.75 331 31.918792 0.011271
4 2.25 331 35.784985 0.016209
5 2.75 321 38.805202 0.019014
6 3.25 318 42.526478 0.022263
7 3.75 336 44.483214 0.014696
8 4.25 319 38.369843 0.015551
9 4.75 308 32.352825 0.014038
10 5.25 314 29.007293 0.015454
11 5.75 315 26.283175 0.021606
12 6.25 317 23.272082 0.027459
13 6.75 313 20.109872 0.034573
14 7.25 315 17.334000 0.052015
15 7.75 316 14.145222 0.037881
16 8.25 305 11.411377 0.028735
17 8.75 310 8.105742 0.018391
18 9.25 302 0.166556 0.005662
19 9.75 282 0.058688 0.005544
20 10.25 246 -0.005528 0.006669
21 10.75 213 0.118169 0.008024
22 11.25 162 0.118951 0.011498
23 11.75 129 0.078372 0.013325
24 12.25 103 0.011650 0.017522
25 12.75 72 0.190000 0.027364
26 13.25 36 -0.055000 0.062291
27 13.75 6 0.911667 1.051228
28 14.25 0 0.000000 0.000000
29 14.75 0 0.000000 0.000000
30 15.25 0 0.000000 0.000000
31 15.75 0 0.000000 0.000000
32 16.25 0 0.000000 0.000000
33 16.75 0 0.000000 0.000000
34 17.25 0 0.000000 0.000000
35 17.75 0 0.000000 0.000000
36 18.25 0 0.000000 0.000000
37 18.75 0 0.000000 0.000000
38 19.25 0 0.000000 0.000000
39 19.75 0 0.000000 0.000000

0 0.25 422 25.371090 0.008529
1 0.75 329 25.896413 0.011636
2 1.25 310 29.097452 0.011867
3 1.75 317 32.235552 0.012949
4 2.25 332 35.636024 0.014892
5 2.75 322 39.378012 0.020887
6 3.25 317 43.026972 0.023619
7 3.75 319 44.751191 0.018386
8 4.25 309 38.654045 0.017395
9 4.75 308 32.386558 0.014467
10 5.25 308 29.197727 0.016038
11 5.75 306 26.186046 0.021874
12 6.25 316 23.219715 0.027221
13 6.75 311 20.261897 0.034850
14 7.25 313 17.253259 0.053208
15 7.75 300 14.307767 0.043924
16 8.25 298 11.403658 0.030963
17 8.75 303 7.957657 0.019560
18 9.25 299 0.070201 0.005387
19 9.75 297 -0.035354 0.005396
20 10.25 255 -0.093882 0.006429
21 10.75 219 -0.107580 0.007345
22 11.25 177 -0.116102 0.009985
23 11.75 144 -0.144167 0.011639
24 12.25 117 0.037863 0.015534
25 12.75 78 -0.170769 0.023271
26 13.25 45 -0.172889 0.044478
27 13.75 21 -0.058571 0.132014
28 14.25 0 0.000000 0.000000
29 14.75 0 0.000000 0.000000
30 15.25 0 0.000000 0.000000
31 15.75 0 0.000000 0.000000
32 16.25 0 0.000000 0.000000
33 16.75 0 0.000000 0.000000
34 17.25 0 0.000000 0.000000
35 17.75 0 0.000000 0.000000
36 18.25 0 0.000000 0.000000
37 18.75 0 0.000000 0.000000
38 19.25 0 0.000000 0.000000
39 19.75 0 0.000000 0.000000

0 0.25 406 25.805246 0.008659
1 0.75 329 26.259787 0.010751
2 1.25 310 29.020645 0.012007
3 1.75 308 32.624675 0.014313
4 2.25 326 35.999601 0.016505
5 2.75 322 39.240994 0.020476
6 3.25 314 43.093917 0.025687
7 3.75 300 44.737467 0.018285
8 4.25 300 39.010667 0.016677
9 4.75 308 32.783149 0.014693
10 5.25 308 29.046266 0.016527
11 5.75 305 26.173148 0.021346
12 6.25 308 23.045195 0.027493
13 6.75 299 20.107826 0.037460
14 7.25 301 17.257010 0.054433
15 7.75 301 14.313654 0.040164
16 8.25 298 11.491342 0.028740
17 8.75 304 8.150855 0.017972
18 9.25 297 0.082391 0.005622
19 9.75 264 -0.038939 0.005463
20 10.25 228 -0.022149 0.006949
21 10.75 195 0.163692 0.008961
22 11.25 153 -0.132222 0.011229
23 11.75 124 0.039597 0.013230
24 12.25 84 0.116190 0.020711
25 12.75 50 0.463400 0.038976
26 13.25 24 0.113333 0.100060
27 13.75 0 0.000000 0.000000
28 14.25 0 0.000000 0.000000
29 14.75 0 0.000000 0.000000
30 15.25 0 0.000000 0.000000
31 15.75 0 0.000000 0.000000
32 16.25 0 0.000000 0.000000
33 16.75 0 0.000000 0.000000
34 17.25 0 0.000000 0.000000
35 17.75 0 0.000000 0.000000
36 18.25 0 0.000000 0.000000
37 18.75 0 0.000000 0.000000
38 19.25 0 0.000000 0.000000
39 19.75 0 0.000000 0.000000

0 0.25 389 25.575990 0.009439
1 0.75 329 26.514559 0.010322
2 1.25 311 29.282090 0.011523
3 1.75 308 32.618214 0.014145
4 2.25 308 36.439805 0.019373
5 2.75 321 39.728660 0.021371
6 3.25 298 43.241275 0.027904
7 3.75 298 44.767483 0.018331
8 4.25 293 39.185154 0.019602
9 4.75 300 33.383533 0.017016
10 5.25 308 28.995260 0.015273
11 5.75 305 26.039279 0.020993
12 6.25 304 23.297171 0.027963
13 6.75 287 20.494146 0.042024
14 7.25 296 17.408074 0.057636
15 7.75 296 14.413311 0.042631
16 8.25 293 11.350410 0.029877
17 8.75 301 8.025017 0.019098
18 9.25 284 -0.002042 0.005771
19 9.75 276 0.094239 0.005899
20 10.25 246 0.015894 0.006351
21 10.75 213 0.122394 0.007629
22 11.25 168 -0.004524 0.009270
23 11.75 129 0.019302 0.014127
24 12.25 99 0.004141 0.016272
25 12.75 67 -0.108209 0.025121
26 13.25 39 0.450769 0.062124
27 13.75 3 -0.070000 1.973516
28 14.25 0 0.000000 0.000000
29 14.75 0 0.000000 0.000000
30 15.25 0 0.000000 0.000000
31 15.75 0 0.000000 0.000000
32 16.25 0 0.000000 0.000000
33 16.75 0 0.000000 0.000000
34 17.25 0 0.000000 0.000000
35 17.75 0 0.000000 0.000000
36 18.25 0 0.000000 0.000000
37 18.75 0 0.000000 0.000000
38 19.25 0 0.000000 0.000000
39 19.75 0 0.000000 0.000000

0 0.25 373 25.928633 0.009512
1 0.75 328 26.181829 0.011025
2 1.25 311 29.310643 0.011902
3 1.75 308 33.215844 0.014668
4 2.25 302 36.362086 0.018126
5 2.75 300 39.589333 0.023959
6 3.25 290 43.207690 0.029379
7 3.75 299 45.317860 0.019887
8 4.25 293 39.585836 0.019879
9 4.75 299 33.338227 0.016297
10 5.25 296 29.444730 0.017087
11 5.75 293 26.569590 0.023559
12 6.25 293 23.285154 0.030650
13 6.75 286 20.396748 0.042103
14 7.25 295 17.328305 0.054291
15 7.75 296 14.388818 0.039623
16 8.25 290 11.620345 0.028877
17 8.75 286 7.948007 0.019489
18 9.25 281 0.012171 0.005579
19 9.75 255 0.005333 0.006379
20 10.25 222 -0.163829 0.006636
21 10.75 183 0.015519 0.008919
22 11.25 138 0.003406 0.011864
23 11.75 108 -0.122315 0.016712
24 12.25 76 -0.066579 0.023096
25 12.75 39 -0.354872 0.057462
26 13.25 8 0.642500 0.564798
27 13.75 0 0.000000 0.000000
28 14.25 0 0.000000 0.000000
29 14.75 0 0.000000 0.000000
30 15.25 0 0.000000 0.000000
31 15.75 0 0.000000 0.000000
32 16.25 0 0.000000 0.000000
33 16.75 0 0.000000 0.000000
34 17.25 0 0.000000 0.000000
35 17.75 0 0.000000 0.000000
36 18.25 0 0.000000 0.000000
37 18.75 0 0.000000 0.000000
38 19.25 0 0.000000 0.000000
39 19.75 0 0.000000 0.000000

0 0.25 354 26.145989 0.009590
1 0.75 329 26.605258 0.010767
2 1.25 311 29.875756 0.011906
3 1.75 308 33.228344 0.014763
4 2.25 301 36.657508 0.019876
5 2.75 274 40.111788 0.030390
6 3.25 279 43.530179 0.030768
7 3.75 299 44.861839 0.019029
8 4.25 292 39.958356 0.019944
9 4.75 299 33.594783 0.016333
10 5.25 290 29.386414 0.017391
11 5.75 277 26.313105 0.025989
12 6.25 287 23.385331 0.032801
13 6.75 281 20.573345 0.043998
14 7.25 290 17.473931 0.057646
15 7.75 289 14.350692 0.043295
16 8.25 274 11.350073 0.033938
17 8.75 283 8.067774 0.021182
18 9.25 281 0.001922 0.005858
19 9.75 274 0.054818 0.005844
20 10.25 228 -0.067851 0.007074
21 10.75 196 -0.045969 0.008707
22 11.25 157 -0.006051 0.011226
23 11.75 127 0.007953 0.012543
24 12.25 84 -0.073810 0.019557
25 12.75 51 -0.159804 0.033970
26 13.25 28 0.582857 0.090141
27 13.75 0 0.000000 0.000000
28 14.25 0 0.000000 0.000000
29 14.75 0 0.000000 0.000000
30 15.25 0 0.000000 0.000000
31 15.75 0 0.000000 0.000000
32 16.25 0 0.000000 0.000000
33 16.75 0 0.000000 0.000000
34 17.25 0 0.000000 0.000000
35 17.75 0 0.000000 0.000000
36 18.25 0 0.000000 0.000000
37 18.75 0 0.000000 0.000000
38 19.25 0 0.000000 0.000000
39 19.75 0 0.000000 0.000000

0 0.25 334 29.569611 0.013968
1 0.75 329 29.760821 0.011555
2 1.25 310 32.573742 0.015800
3 1.75 308 35.742305 0.020187
4 2.25 290 38.493000 0.025592
5 2.75 264 41.319242 0.035760
6 3.25 277 44.318159 0.033174
7 3.75 286 45.325559 0.022045
8 4.25 288 39.785243 0.019234
9 4.75 298 33.550436 0.015839
10 5.25 272 28.924485 0.018340
11 5.75 278 26.509173 0.026346
12 6.25 286 23.075350 0.032035
13 6.75 279 20.132939 0.040654
14 7.25 283 16.771731 0.055333
15 7.75 274 13.500109 0.043381
16 8.25 273 10.691538 0.029733
17 8.75 280 5.549036 0.018654
18 9.25 278 -0.153669 0.005753
19 9.75 240 0.023125 0.006774
20 10.25 202 0.074307 0.006717
21 10.75 175 -0.134686 0.009878
22 11.25 135 0.067926 0.011480
23 11.75 91 0.135495 0.019367
24 12.25 58 0.116724 0.032297
25 12.75 33 -0.005455 0.051822
26 13.25 0 0.000000 0.000000
27 13.75 0 0.000000 0.000000
28 14.25 0 0.000000 0.000000
29 14.75 0 0.000000 0.000000
30 15.25 0 0.000000 0.000000
31 15.75 0 0.000000 0.000000
32 16.25 0 0.000000 0.000000
33 16.75 0 0.000000 0.000000
34 17.25 0 0.000000 0.000000
35 17.75 0 0.000000 0.000000
36 18.25 0 0.000000 0.000000
37 18.75 0 0.000000 0.000000
38 19.25 0 0.000000 0.000000
39 19.75 0 0.000000 0.000000

0 0.25 313 33.520543 0.027808
1 0.75 328 33.277530 0.017837
2 1.25 311 35.666045 0.023103
3 1.75 308 38.081591 0.026076
4 2.25 270 40.663926 0.035485
5 2.75 263 42.823042 0.041640
6 3.25 276 44.908370 0.035847
7 3.75 285 45.531439 0.021920
8 4.25 285 39.445965 0.019646
9 4.75 267 33.037041 0.017501
10 5.25 268 28.958769 0.019744
11 5.75 275 26.112764 0.025781
12 6.25 283 22.560671 0.030053
13 6.75 272 19.673640 0.040045
14 7.25 269 16.145762 0.061608
15 7.75 273 12.980696 0.043384
16 8.25 272 9.755846 0.027865
17 8.75 276 2.616594 0.015481
18 9.25 262 0.054962 0.006610
19 9.75 259 0.102432 0.005704
20 10.25 223 0.057578 0.006967
21 10.75 192 0.006042 0.007767
22 11.25 139 -0.129424 0.013068
23 11.75 112 -0.008304 0.014251
24 12.25 80 0.036250 0.020863
25 12.75 42 0.028095 0.046347
26 13.25 13 -0.391538 0.230627
27 13.75 0 0.000000 0.000000
28 14.25 0 0.000000 0.000000
29 14.75 0 0.000000 0.000000
30 15.25 0 0.000000 0.000000
31 15.75 0 0.000000 0.000000
32 16.25 0 0.000000 0.000000
33 16.75 0 0.000000 0.000000
34 17.25 0 0.000000 0.000000
35 17.75 0 0.000000 0.000000
36 18.25 0 0.000000 0.000000
37 18.75 0 0.000000 0.000000
38 19.25 0 0.000000 0.000000
39 19.75 0 0.000000 0.000000

0 0.25 299 37.252375 0.044061
1 0.75 322 37.303820 0.028064
2 1.25 310 38.910129 0.032864
3 1.75 308 40.873669 0.032998
4 2.25 248 42.671371 0.049555
5 2.75 264 44.230114 0.044775
6 3.25 276 45.559638 0.038212
7 3.75 286 45.782448 0.022341
8 4.25 268 39.406978 0.019935
9 4.75 262 33.000420 0.017276
10 5.25 267 28.899176 0.018178
11 5.75 273 25.614139 0.023389
12 6.25 275 21.987636 0.027599
13 6.75 255 18.733882 0.040811
14 7.25 268 15.684590 0.058177
15 7.75 271 12.211070 0.038237
16 8.25 271 8.590258 0.022736
17 8.75 254 -0.035354 0.007401
18 9.25 263 0.025437 0.006154
19 9.75 237 0.286624 0.006537
20 10.25 198 0.267778 0.008627
21 10.75 153 -0.063791 0.011287
22 11.25 120 -0.155917 0.013988
23 11.75 90 -0.067444 0.017394
24 12.25 45 -0.058444 0.043629
25 12.75 16 0.415000 0.183650
26 13.25 0 0.000000 0.000000
27 13.75 0 0.000000 0.000000
28 14.25 0 0.000000 0.000000
29 14.75 0 0.000000 0.000000
30 15.25 0 0.000000 0.000000
31 15.75 0 0.000000 0.000000
32 16.25 0 0.000000 0.000000
33 16.75 0 0.000000 0.000000
34 17.25 0 0.000000 0.000000
35 17.75 0 0.000000 0.000000
36 18.25 0 0.000000 0.000000
37 18.75 0 0.000000 0.000000
38 19.25 0 0.000000 0.000000
39 19.75 0 0.000000 0.000000

0 0.25 299 41.324582 0.059079
1 0.75 300 40.753100 0.043630
2 1.25 310 42.030452 0.041423
3 1.75 290 43.455552 0.043283
4 2.25 244 44.828689 0.059716
5 2.75 264 45.758939 0.051736
6 3.25 276 46.609493 0.038759
7 3.75 284 45.334789 0.020203
8 4.25 247 39.515992 0.022497
9 4.75 262 33.038321 0.017574
10 5.25 267 29.144045 0.019989
11 5.75 273 25.174176 0.020981
12 6.25 252 21.718294 0.030460
13 6.75 256 18.378867 0.039692
14 7.25 266 14.656992 0.055357
15 7.75 267 10.977491 0.036273
16 8.25 251 5.471474 0.024883
17 8.75 253 0.041462 0.007145
18 9.25 262 -0.058473 0.006667
19 9.75 252 0.015079 0.006705
20 10.25 207 -0.001739 0.007451
21 10.75 176 -0.071932 0.009006
22 11.25 143 0.057133 0.010329
23 11.75 93 -0.028602 0.019983
24 12.25 66 0.021515 0.028592
25 12.75 40 -0.124750 0.039860
26 13.25 0 0.000000 0.000000
27 13.75 0 0.000000 0.000000
28 14.25 0 0.000000 0.000000
29 14.75 0 0.000000 0.000000
30 15.25 0 0.000000 0.000000
31 15.75 0 0.000000 0.000000
32 16.25 0 0.000000 0.000000
33 16.75 0 0.000000 0.000000
34 17.25 0 0.000000 0.000000
35 17.75 0 0.000000 0.000000
36 18.25 0 0.000000 0.000000
37 18.75 0 0.000000 0.000000
38 19.25 0 0.000000 0.000000
39 19.75 0 0.000000 0.000000

0 0.25 299 44.783211 0.071877
1 0.75 299 44.338562 0.055081
2 1.25 299 45.716087 0.055205
3 1.75 259 45.890541 0.062606
4 2.25 241 46.825809 0.068782
5 2.75 263 46.001939 0.055035
6 3.25 274 46.018102 0.039887
7 3.75 260 45.732538 0.025429
8 4.25 248 39.424194 0.023508
9 4.75 261 32.897778 0.017892
10 5.25 270 28.613556 0.017945
11 5.75 253 24.771858 0.023193
12 6.25 253 21.195929 0.029291
13 6.75 255 17.716157 0.036873
14 7.25 268 13.871866 0.048431
15 7.75 247 10.133401 0.036997
16 8.25 251 2.813466 0.018447
17 8.75 257 0.175214 0.007079
18 9.25 255 -0.126078 0.005580
19 9.75 216 0.058194 0.007896
20 10.25 186 -0.199892 0.008987
21 10.75 150 -0.005667 0.009364
22 11.25 101 -0.285644 0.015273
23 11.75 72 -0.279583 0.026872
24 12.25 45 -0.019556 0.036465
25 12.75 0 0.000000 0.000000
26 13.25 0 0.000000 0.000000
27 13.75 0 0.000000 0.000000
28 14.25 0 0.000000 0.000000
29 14.75 0 0.000000 0.000000
30 15.25 0 0.000000 0.000000
31 15.75 0 0.000000 0.000000
32 16.25 0 0.000000 0.000000
33 16.75 0 0.000000 0.000000
34 17.25 0 0.000000 0.000000
35 17.75 0 0.000000 0.000000
36 18.25 0 0.000000 0.000000
37 18.75 0 0.000000 0.000000
38 19.25 0 0.000000 0.000000
39 19.75 0 0.000000 0.000000

0 0.25 299 45.778428 0.080365
1 0.75 299 45.790602 0.065710
2 1.25 299 45.949298 0.060236
3 1.75 235 46.800000 0.076956
4 2.25 241 46.116846 0.075618
5 2.75 262 44.790878 0.054573
6 3.25 274 45.361898 0.036801
7 3.75 235 46.034383 0.036901
8 4.25 249 39.290562 0.022578
9 4.75 261 32.469464 0.018413
10 5.25 258 28.074186 0.017686
11 5.75 240 24.578917 0.023501
12 6.25 252 20.616587 0.027207
13 6.75 256 16.758750 0.031613
14 7.25 244 12.953402 0.055881
15 7.75 245 9.026449 0.036216
16 8.25 252 0.141825 0.008244
17 8.75 249 0.036747 0.007073
18 9.25 236 -0.009280 0.006990
19 9.75 241 0.092946 0.006750
20 10.25 210 -0.050381 0.007113
21 10.75 150 0.090000 0.011496
22 11.25 126 -0.008095 0.012885
23 11.75 97 -0.198144 0.014325
24 12.25 48 -0.100208 0.039281
25 12.75 22 -0.380000 0.116201
26 13.25 0 0.000000 0.000000
27 13.75 0 0.000000 0.000000
28 14.25 0 0.000000 0.000000
29 14.75 0 0.000000 0.000000
30 15.25 0 0.000000 0.000000
31 15.75 0 0.000000 0.000000
32 16.25 0 0.000000 0.000000
33 16.75 0 0.000000 0.000000
34 17.25 0 0.000000 0.000000
35 17.75 0 0.000000 0.000000
36 18.25 0 0.000000 0.000000
37 18.75 0 0.000000 0.000000
38 19.25 0 0.000000 0.000000
39 19.75 0 0.000000 0.000000

0 0.25 298 45.968557 0.074738
1 0.75 299 45.882040 0.062525
2 1.25 299 45.997659 0.053921
3 1.75 210 46.545048 0.087939
4 2.25 241 45.737220 0.065698
5 2.75 263 45.576578 0.051565
6 3.25 254 45.739921 0.040058
7 3.75 230 44.688696 0.028275
8 4.25 248 38.184919 0.021621
9 4.75 260 31.923692 0.016702
10 5.25 233 27.666395 0.019159
11 5.75 240 24.073208 0.022056
12 6.25 251 19.778486 0.024285
13 6.75 238 15.904538 0.031673
14 7.25 235 11.768255 0.052700
15 7.75 246 6.495772 0.029444
16 8.25 254 0.073504 0.007138
17 8.75 232 -0.172155 0.007184
18 9.25 244 0.129959 0.007019
19 9.75 218 0.037798 0.006835
20 10.25 162 0.139074 0.010195
21 10.75 127 -0.001732 0.012559
22 11.25 103 0.146990 0.013658
23 11.75 51 0.083922 0.033931
24 12.25 23 -0.485652 0.100306
25 12.75 0 0.000000 0.000000
26 13.25 0 0.000000 0.000000
27 13.75 0 0.000000 0.000000
28 14.25 0 0.000000 0.000000
29 14.75 0 0.000000 0.000000
30 15.25 0 0.000000 0.000000
31 15.75 0 0.000000 0.000000
32 16.25 0 0.000000 0.000000
33 16.75 0 0.000000 0.000000
34 17.25 0 0.000000 0.000000
35 17.75 0 0.000000 0.000000
36 18.25 0 0.000000 0.000000
37 18.75 0 0.000000 0.000000
38 19.25 0 0.000000 0.000000
39 19.75 0 0.000000 0.000000

0 0.25 298 42.057483 0.058591
1 0.75 298 42.478624 0.051720
2 1.25 291 42.615911 0.044539
3 1.75 193 43.558083 0.082629
4 2.25 242 43.460413 0.054369
5 2.75 262 43.913397 0.042680
6 3.25 229 44.468908 0.041295
7 3.75 230 44.311739 0.026199
8 4.25 249 36.516345 0.020538
9 4.75 243 31.322798 0.018340
10 5.25 224 27.556518 0.019513
11 5.75 240 23.486833 0.021012
12 6.25 254 19.185197 0.020465
13 6.75 225 14.799556 0.029606
14 7.25 243 10.757654 0.047331
15 7.75 248 2.538548 0.019243
16 8.25 228 0.139211 0.008353
17 8.75 232 -0.008534 0.007716
18 9.25 244 0.164631 0.006739
19 9.75 219 -0.059863 0.006569
20 10.25 187 0.015134 0.008840
21 10.75 154 -0.074870 0.010556
22 11.25 105 -0.165810 0.014448
23 11.75 76 -0.063026 0.020571
24 12.25 49 -0.427551 0.029507
25 12.75 0 0.000000 0.000000
26 13.25 0 0.000000 0.000000
27 13.75 0 0.000000 0.000000
28 14.25 0 0.000000 0.000000
29 14.75 0 0.000000 0.000000
30 15.25 0 0.000000 0.000000
31 15.75 0 0.000000 0.000000
32 16.25 0 0.000000 0.000000
33 16.75 0 0.000000 0.000000
34 17.25 0 0.000000 0.000000
35 17.75 0 0.000000 0.000000
36 18.25 0 0.000000 0.000000
37 18.75 0 0.000000 0.000000
38 19.25 0 0.000000 0.000000
39 19.75 0 0.000000 0.000000

0 0.25 299 38.841505 0.044072
1 0.75 299 38.515585 0.037897
2 1.25 264 39.809773 0.041277
3 1.75 193 40.372073 0.061808
4 2.25 240 40.726042 0.042053
5 2.75 262 41.613053 0.033384
6 3.25 202 43.854703 0.048326
7 3.75 231 44.343723 0.027351
8 4.25 247 35.963077 0.019534
9 4.75 225 31.015333 0.019923
10 5.25 233 27.134850 0.017520
11 5.75 248 22.506734 0.017977
12 6.25 229 18.045109 0.019500
13 6.75 223 13.697937 0.025713
14 7.25 243 9.347613 0.038817
15 7.75 226 0.006991 0.010123
16 8.25 223 -0.088834 0.008674
17 8.75 239 0.020586 0.007169
18 9.25 229 -0.058777 0.006380
19 9.75 193 -0.114560 0.008163
20 10.25 163 0.057546 0.008937
21 10.75 108 -0.072593 0.014695
22 11.25 76 -0.028421 0.022090
23 11.75 52 -0.309231 0.028925
24 12.25 0 0.000000 0.000000
25 12.75 0 0.000000 0.000000
26 13.25 0 0.000000 0.000000
27 13.75 0 0.000000 0.000000
28 14.25 0 0.000000 0.000000
29 14.75 0 0.000000 0.000000
30 15.25 0 0.000000 0.000000
31 15.75 0 0.000000 0.000000
32 16.25 0 0.000000 0.000000
33 16.75 0 0.000000 0.000000
34 17.25 0 0.000000 0.000000
35 17.75 0 0.000000 0.000000
36 18.25 0 0.000000 0.000000
37 18.75 0 0.000000 0.000000
38 19.25 0 0.000000 0.000000
39 19.75 0 0.000000 0.000000

0 0.25 298 35.116980 0.030673
1 0.75 298 35.298322 0.028082
2 1.25 238 36.573950 0.035427
3 1.75 193 37.331036 0.046513
4 2.25 241 37.891784 0.029576
5 2.75 237 39.023502 0.028529
6 3.25 200 41.879050 0.041595
7 3.75 236 43.125847 0.022607
8 4.25 249 35.257751 0.018863
9 4.75 217 30.545760 0.022354
10 5.25 233 26.613691 0.016788
11 5.75 238 21.707605 0.016144
12 6.25 212 17.092500 0.020004
13 6.75 223 12.687848 0.021384
14 7.25 234 6.089444 0.033030
15 7.75 221 -0.057104 0.009141
16 8.25 233 0.012575 0.008071
17 8.75 228 0.083640 0.007282
18 9.25 215 0.064000 0.008154
19 9.75 220 -0.106773 0.006908
20 10.25 171 -0.026023 0.008403
21 10.75 127 0.062992 0.013376
22 11.25 103 -0.193883 0.015874
23 11.75 54 0.087407 0.029354
24 12.25 25 -0.211200 0.077255
25 12.75 0 0.000000 0.000000
26 13.25 0 0.000000 0.000000
27 13.75 0 0.000000 0.000000
28 14.25 0 0.000000 0.000000
29 14.75 0 0.000000 0.000000
30 15.25 0 0.000000 0.000000
31 15.75 0 0.000000 0.000000
32 16.25 0 0.000000 0.000000
33 16.75 0 0.000000 0.000000
34 17.25 0 0.000000 0.000000
35 17.75 0 0.000000 0.000000
36 18.25 0 0.000000 0.000000
37 18.75 0 0.000000 0.000000
38 19.25 0 0.000000 0.000000
39 19.75 0 0.000000 0.000000

0 0.25 298 31.532148 0.018565
1 0.75 298 31.730805 0.018436
2 1.25 211 33.074076 0.027566
3 1.75 193 34.298912 0.031632
4 2.25 241 35.599336 0.023327
5 2.75 210 37.112810 0.026683
6 3.25 216 40.168565 0.031922
7 3.75 246 42.083211 0.023756
8 4.25 222 35.053919 0.022668
9 4.75 217 30.179493 0.021771
10 5.25 232 25.441034 0.017306
11 5.75 210 20.700190 0.018172
12 6.25 214 16.181869 0.017949
13 6.75 238 11.317773 0.016863
14 7.25 216 2.441898 0.022094
15 7.75 220 0.056909 0.009314
16 8.25 231 -0.010649 0.007646
17 8.75 200 -0.031400 0.008737
18 9.25 225 -0.056800 0.006987
19 9.75 183 -0.004863 0.007894
20 10.25 128 -0.102578 0.011546
21 10.75 103 0.232816 0.018832
22 11.25 57 -0.211579 0.030886
23 11.75 19 0.302105 0.096000
24 12.25 0 0.000000 0.000000
25 12.75 0 0.000000 0.000000
26 13.25 0 0.000000 0.000000
27 13.75 0 0.000000 0.000000
28 14.25 0 0.000000 0.000000
29 14.75 0 0.000000 0.000000
30 15.25 0 0.000000 0.000000
31 15.75 0 0.000000 0.000000
32 16.25 0 0.000000 0.000000
33 16.75 0 0.000000 0.000000
34 17.25 0 0.000000 0.000000
35 17.75 0 0.000000 0.000000
36 18.25 0 0.000000 0.000000
37 18.75 0 0.000000 0.000000
38 19.25 0 0.000000 0.000000
39 19.75 0 0.000000 0.000000

0 0.25 298 27.759597 0.011209
1 0.75 299 28.391572 0.012192
2 1.25 183 30.264973 0.022463
3 1.75 193 31.315751 0.020306
4 2.25 240 33.108125 0.015960
5 2.75 201 34.439154 0.020972
6 3.25 226 39.041283 0.027742
7 3.75 247 40.141134 0.022054
8 4.25 195 34.628513 0.028052
9 4.75 217 29.687189 0.021770
10 5.25 228 24.405746 0.019040
11 5.75 202 19.831535 0.019568
12 6.25 226 14.846549 0.014821
13 6.75 222 9.501667 0.015623
14 7.25 205 0.098439 0.013148
15 7.75 220 -0.007227 0.009106
16 8.25 213 0.019390 0.009097
17 8.75 213 -0.019014 0.008646
18 9.25 229 0.014672 0.007122
19 9.75 183 -0.118962 0.008674
20 10.25 157 0.013822 0.009517
21 10.75 120 -0.223667 0.013183
22 11.25 70 0.006429 0.023101
23 11.75 49 -0.018571 0.033807
24 12.25 0 0.000000 0.000000
25 12.75 0 0.000000 0.000000
26 13.25 0 0.000000 0.000000
27 13.75 0 0.000000 0.000000
28 14.25 0 0.000000 0.000000
29 14.75 0 0.000000 0.000000
30 15.25 0 0.000000 0.000000
31 15.75 0 0.000000 0.000000
32 16.25 0 0.000000 0.000000
33 16.75 0 0.000000 0.000000
34 17.25 0 0.000000 0.000000
35 17.75 0 0.000000 0.000000
36 18.25 0 0.000000 0.000000
37 18.75 0 0.000000 0.000000
38 19.25 0 0.000000 0.000000
39 19.75 0 0.000000 0.000000

0 0.25 298 26.976946 0.010434
1 0.75 298 28.086913 0.011557
2 1.25 156 29.440128 0.024998
3 1.75 191 30.938953 0.021596
4 2.25 249 32.639277 0.015803
5 2.75 192 34.546042 0.021637
6 3.25 225 39.521244 0.028559
7 3.75 228 39.866930 0.025368
8 4.25 185 34.925135 0.030425
9 4.75 217 29.966175 0.021123
10 5.25 222 24.668243 0.017415
11 5.75 208 19.699712 0.017805
12 6.25 226 14.395796 0.015646
13 6.75 192 9.034115 0.019448
14 7.25 208 0.069952 0.010359
15 7.75 228 0.004079 0.007827
16 8.25 200 0.092100 0.009620
17 8.75 214 0.010327 0.007212
18 9.25 198 -0.226616 0.007404
19 9.75 153 -0.056797 0.010994
20 10.25 126 0.053810 0.011527
21 10.75 64 0.288437 0.024473
22 11.25 40 -0.106500 0.046277
23 11.75 0 0.000000 0.000000
24 12.25 0 0.000000 0.000000
25 12.75 0 0.000000 0.000000
26 13.25 0 0.000000 0.000000
27 13.75 0 0.000000 0.000000
28 14.25 0 0.000000 0.000000
29 14.75 0 0.000000 0.000000
30 15.25 0 0.000000 0.000000
31 15.75 0 0.000000 0.000000
32 16.25 0 0.000000 0.000000
33 16.75 0 0.000000 0.000000
34 17.25 0 0.000000 0.000000
35 17.75 0 0.000000 0.000000
36 18.25 0 0.000000 0.000000
37 18.75 0 0.000000 0.000000
38 19.25 0 0.000000 0.000000
39 19.75 0 0.000000 0.000000

0 0.25 297 27.364512 0.011048
1 0.75 298 27.995134 0.010840
2 1.25 127 30.055354 0.037708
3 1.75 192 30.707865 0.020948
4 2.25 261 32.693027 0.014308
5 2.75 181 34.050773 0.022245
6 3.25 225 39.868844 0.029967
7 3.75 199 39.984975 0.029063
8 4.25 185 35.210703 0.029440
9 4.75 243 29.576872 0.019348
10 5.25 195 24.289385 0.024244
11 5.75 208 19.493510 0.018512
12 6.25 210 14.346619 0.016607
13 6.75 193 9.435337 0.019747
14 7.25 224 -0.004911 0.009252
15 7.75 198 0.027323 0.010329
16 8.25 202 0.021188 0.009797
17 8.75 213 -0.177981 0.007839
18 9.25 198 0.129596 0.008996
19 9.75 181 -0.028840 0.008849
20 10.25 126 -0.162698 0.012332
21 10.75 94 0.042128 0.017881
22 11.25 60 -0.011500 0.022204
23 11.75 10 -0.764000 0.250395
24 12.25 0 0.000000 0.000000
25 12.75 0 0.000000 0.000000
26 13.25 0 0.000000 0.000000
27 13.75 0 0.000000 0.000000
28 14.25 0 0.000000 0.000000
29 14.75 0 0.000000 0.000000
30 15.25 0 0.000000 0.000000
31 15.75 0 0.000000 0.000000
32 16.25 0 0.000000 0.000000
33 16.75 0 0.000000 0.000000
34 17.25 0 0.000000 0.000000
35 17.75 0 0.000000 0.000000
36 18.25 0 0.000000 0.000000
37 18.75 0 0.000000 0.000000
38 19.25 0 0.000000 0.000000
39 19.75 0 0.000000 0.000000

0 0.25 298 27.267315 0.010864
1 0.75 298 28.414631 0.011641
2 1.25 99 30.148485 0.050566
3 1.75 199 30.617437 0.020058
4 2.25 253 32.444466 0.013874
5 2.75 180 34.360667 0.023247
6 3.25 224 39.961607 0.030199
7 3.75 171 40.740819 0.034999
8 4.25 214 35.328785 0.023367
9 4.75 228 29.748421 0.020345
10 5.25 181 24.421381 0.026373
11 5.75 208 19.653558 0.019159
12 6.25 198 14.406162 0.017869
13 6.75 205 9.261122 0.016993
14 7.25 213 0.037981 0.009357
15 7.75 179 0.010782 0.011491
16 8.25 216 0.056111 0.007725
17 8.75 198 -0.003182 0.008140
18 9.25 172 -0.126105 0.009174
19 9.75 135 0.077852 0.010557
20 10.25 82 -0.049024 0.021925
21 10.75 61 -0.160328 0.026419
22 11.25 0 0.000000 0.000000
23 11.75 0 0.000000 0.000000
24 12.25 0 0.000000 0.000000
25 12.75 0 0.000000 0.000000
26 13.25 0 0.000000 0.000000
27 13.75 0 0.000000 0.000000
28 14.25 0 0.000000 0.000000
29 14.75 0 0.000000 0.000000
30 15.25 0 0.000000 0.000000
31 15.75 0 0.000000 0.000000
32 16.25 0 0.000000 0.000000
33 16.75 0 0.000000 0.000000
34 17.25 0 0.000000 0.000000
35 17.75 0 0.000000 0.000000
36 18.25 0 0.000000 0.000000
37 18.75 0 0.000000 0.000000
38 19.25 0 0.000000 0.000000
39 19.75 0 0.000000 0.000000

0 0.25 298 27.312584 0.010794
1 0.75 297 28.072189 0.011466
2 1.25 69 29.958841 0.077437
3 1.75 229 31.013450 0.015594
4 2.25 225 33.363378 0.017444
5 2.75 178 33.871910 0.024134
6 3.25 226 39.943230 0.031142
7 3.75 162 40.222469 0.037375
8 4.25 222 34.958153 0.022281
9 4.75 198 29.521111 0.024819
10 5.25 181 24.825359 0.023921
11 5.75 222 19.566036 0.016764
12 6.25 184 14.433859 0.019078
13 6.75 204 9.406127 0.016810
14 7.25 183 -0.038852 0.011897
15 7.75 202 0.031386 0.009824
16 8.25 209 0.072344 0.008337
17 8.75 183 -0.013224 0.009532
18 9.25 202 -0.095149 0.007073
19 9.75 135 -0.023259 0.011695
20 10.25 112 0.277500 0.013074
21 10.75 66 -0.201364 0.020807
22 11.25 25 -0.031200 0.082131
23 11.75 0 0.000000 0.000000
24 12.25 0 0.000000 0.000000
25 12.75 0 0.000000 0.000000
26 13.25 0 0.000000 0.000000
27 13.75 0 0.000000 0.000000
28 14.25 0 0.000000 0.000000
29 14.75 0 0.000000 0.000000
30 15.25 0 0.000000 0.000000
31 15.75 0 0.000000 0.000000
32 16.25 0 0.000000 0.000000
33 16.75 0 0.000000 0.000000
34 17.25 0 0.000000 0.000000
35 17.75 0 0.000000 0.000000
36 18.25 0 0.000000 0.000000
37 18.75 0 0.000000 0.000000
38 19.25 0 0.000000 0.000000
39 19.75 0 0.000000 0.000000

0 0.25 297 27.199798 0.011548
1 0.75 298 28.200973 0.010919
2 1.25 39 30.342308 0.182481
3 1.75 259 30.678417 0.013061
4 2.25 195 32.969231 0.019458
5 2.75 179 34.227654 0.022957
6 3.25 204 39.745049 0.031953
7 3.75 184 41.037826 0.030116
8 4.25 222 34.849009 0.022589
9 4.75 169 29.351302 0.030081
10 5.25 193 24.996995 0.020204
11 5.75 208 19.405288 0.017246
12 6.25 182 14.600495 0.019948
13 6.75 201 9.067960 0.016704
14 7.25 180 0.103000 0.012095
15 7.75 208 0.029038 0.009531
16 8.25 178 -0.117528 0.010609
17 8.75 191 0.030314 0.008813
18 9.25 201 0.169303 0.007995
19 9.75 157 0.228535 0.009402
20 10.25 138 -0.092391 0.010509
21 10.75 70 -0.051714 0.024243
22 11.25 55 0.054182 0.028979
23 11.75 0 0.000000 0.000000
24 12.25 0 0.000000 0.000000
25 12.75 0 0.000000 0.000000
26 13.25 0 0.000000 0.000000
27 13.75 0 0.000000 0.000000
28 14.25 0 0.000000 0.000000
29 14.75 0 0.000000 0.000000
30 15.25 0 0.000000 0.000000
31 15.75 0 0.000000 0.000000
32 16.25 0 0.000000 0.000000
33 16.75 0 0.000000 0.000000
34 17.25 0 0.000000 0.000000
35 17.75 0 0.000000 0.000000
36 18.25 0 0.000000 0.000000
37 18.75 0 0.000000 0.000000
38 19.25 0 0.000000 0.000000
39 19.75 0 0.000000 0.000000

0 0.25 297 27.142290 0.010900
1 0.75 278 28.215827 0.011844
2 1.25 29 28.938276 0.311536
3 1.75 288 30.864549 0.011320
4 2.25 165 32.877697 0.024962
5 2.75 180 34.466000 0.021917
6 3.25 201 39.752985 0.030600
7 3.75 186 40.815215 0.033523
8 4.25 219 34.226804 0.024214
9 4.75 142 29.765423 0.037067
10 5.25 223 24.918027 0.016869
11 5.75 178 19.306798 0.021933
12 6.25 181 14.576961 0.020788
13 6.75 195 9.460667 0.017118
14 7.25 186 -0.067043 0.011603
15 7.75 201 0.092886 0.009941
16 8.25 166 -0.050060 0.010577
17 8.75 210 -0.077524 0.007743
18 9.25 147 -0.148231 0.011128
19 9.75 121 0.008430 0.013462
20 10.25 72 -0.267639 0.021018
21 10.75 34 -0.098529 0.052520
22 11.25 0 0.000000 0.000000
23 11.75 0 0.000000 0.000000
24 12.25 0 0.000000 0.000000
25 12.75 0 0.000000 0.000000
26 13.25 0 0.000000 0.000000
27 13.75 0 0.000000 0.000000
28 14.25 0 0.000000 0.000000
29 14.75 0 0.000000 0.000000
30 15.25 0 0.000000 0.000000
31 15.75 0 0.000000 0.000000
32 16.25 0 0.000000 0.000000
33 16.75 0 0.000000 0.000000
34 17.25 0 0.000000 0.000000
35 17.75 0 0.000000 0.000000
36 18.25 0 0.000000 0.000000
37 18.75 0 0.000000 0.000000
38 19.25 0 0.000000 0.000000
39 19.75 0 0.000000 0.000000

0 0.25 297 27.352323 0.010511
1 0.75 248 28.528266 0.014940
2 1.25 50 29.046400 0.126658
3 1.75 297 30.991785 0.010672
4 2.25 135 33.132444 0.032683
5 2.75 179 34.296369 0.025707
6 3.25 201 39.994378 0.031149
7 3.75 186 41.002581 0.030724
8 4.25 189 34.425979 0.029634
9 4.75 171 29.842749 0.028610
10 5.25 224 24.393304 0.017103
11 5.75 147 18.803265 0.032424
12 6.25 198 14.708939 0.017329
13 6.75 180 9.169167 0.019016
14 7.25 186 0.012581 0.011862
15 7.75 177 -0.018814 0.010932
16 8.25 189 0.101164 0.010049
17 8.75 189 0.079735 0.009353
18 9.25 168 0.127798 0.009436
19 9.75 147 0.009524 0.009074
20 10.25 76 0.182895 0.020443
21 10.75 64 0.180312 0.029672
22 11.25 0 0.000000 0.000000
23 11.75 0 0.000000 0.000000
24 12.25 0 0.000000 0.000000
25 12.75 0 0.000000 0.000000
26 13.25 0 0.000000 0.000000
27 13.75 0 0.000000 0.000000
28 14.25 0 0.000000 0.000000
29 14.75 0 0.000000 0.000000
30 15.25 0 0.000000 0.000000
31 15.75 0 0.000000 0.000000
32 16.25 0 0.000000 0.000000
33 16.75 0 0.000000 0.000000
34 17.25 0 0.000000 0.000000
35 17.75 0 0.000000 0.000000
36 18.25 0 0.000000 0.000000
37 18.75 0 0.000000 0.000000
38 19.25 0 0.000000 0.000000
39 19.75 0 0.000000 0.000000

0 0.25 297 27.145892 0.011011
1 0.75 216 28.435880 0.017136
2 1.25 81 28.437284 0.068882
3 1.75 298 31.183557 0.011009
4 2.25 105 33.426381 0.048694
5 2.75 193 34.012435 0.021460
6 3.25 186 40.068925 0.036294
7 3.75 186 40.777634 0.031290
8 4.25 162 34.150988 0.036800
9 4.75 198 30.106111 0.021001
10 5.25 195 24.334051 0.021189
11 5.75 148 20.011689 0.029286
12 6.25 221 14.496878 0.014226
13 6.75 156 8.962564 0.023665
14 7.25 188 0.153564 0.011391
15 7.75 175 -0.002743 0.010615
16 8.25 187 -0.143422 0.008957
17 8.75 162 0.245494 0.009773
18 9.25 127 0.055748 0.012308
19 9.75 78 -0.225897 0.018661
20 10.25 36 0.149444 0.050764
21 10.75 0 0.000000 0.000000
22 11.25 0 0.000000 0.000000
23 11.75 0 0.000000 0.000000
24 12.25 0 0.000000 0.000000
25 12.75 0 0.000000 0.000000
26 13.25 0 0.000000 0.000000
27 13.75 0 0.000000 0.000000
28 14.25 0 0.000000 0.000000
29 14.75 0 0.000000 0.000000
30 15.25 0 0.000000 0.000000
31 15.75 0 0.000000 0.000000
32 16.25 0 0.000000 0.000000
33 16.75 0 0.000000 0.000000
34 17.25 0 0.000000 0.000000
35 17.75 0 0.000000 0.000000
36 18.25 0 0.000000 0.000000
37 18.75 0 0.000000 0.000000
38 19.25 0 0.000000 0.000000
39 19.75 0 0.000000 0.000000

