# stratiform Vertical Profile Reflectivity (VPR) with Standard Deviation
# Format: bin_index bin_center_height_km point_count avg_reflectivity_dBZ std_deviation_dBZ
# Height bins: 0-20 km in 0.5 km increments
# Bins 0-39: stratiform
# Standard deviation is sample standard deviation (dividing by n-1)
#
0 0.25 259 27.164865 0.013024
1 0.75 259 28.270232 0.014097
2 1.25 44 29.837727 0.152599
3 1.75 241 30.369087 0.014521
4 2.25 200 32.457250 0.020426
5 2.75 144 33.638194 0.033520
6 3.25 206 36.734757 0.033835
7 3.75 170 42.150882 0.037152
8 4.25 183 36.761749 0.027780
9 4.75 174 31.338391 0.029511
10 5.25 178 26.362191 0.027035
11 5.75 203 20.582660 0.018643
12 6.25 156 14.667115 0.024368
13 6.75 180 9.664444 0.018967
14 7.25 162 0.117593 0.013997
15 7.75 142 -0.044718 0.016186
16 8.25 156 0.153910 0.012290
17 8.75 148 0.203851 0.011192
18 9.25 157 0.054331 0.010254
19 9.75 135 -0.108889 0.011117
20 10.25 97 -0.155155 0.016690
21 10.75 66 -0.096061 0.023314
22 11.25 10 -0.064000 0.113789
23 11.75 0 0.000000 0.000000
24 12.25 0 0.000000 0.000000
25 12.75 0 0.000000 0.000000
26 13.25 0 0.000000 0.000000
27 13.75 0 0.000000 0.000000
28 14.25 0 0.000000 0.000000
29 14.75 0 0.000000 0.000000
30 15.25 0 0.000000 0.000000
31 15.75 0 0.000000 0.000000
32 16.25 0 0.000000 0.000000
33 16.75 0 0.000000 0.000000
34 17.25 0 0.000000 0.000000
35 17.75 0 0.000000 0.000000
36 18.25 0 0.000000 0.000000
37 18.75 0 0.000000 0.000000
38 19.25 0 0.000000 0.000000
39 19.75 0 0.000000 0.000000

0 0.25 257 27.426381 0.013653
1 0.75 257 27.814280 0.013730
2 1.25 71 29.485070 0.084701
3 1.75 218 30.691697 0.017433
4 2.25 228 31.887018 0.016387
5 2.75 140 33.914429 0.034091
6 3.25 187 36.495936 0.039373
7 3.75 191 42.124031 0.028255
8 4.25 179 37.394916 0.032359
9 4.75 200 31.365550 0.023558
10 5.25 153 26.547908 0.034755
11 5.75 201 20.830149 0.019927
12 6.25 183 15.050109 0.020390
13 6.75 166 9.825181 0.022111
14 7.25 199 0.043216 0.011372
15 7.75 143 0.005105 0.016999
16 8.25 153 -0.150327 0.014583
17 8.75 147 -0.029456 0.014377
18 9.25 154 -0.019156 0.011904
19 9.75 160 -0.018688 0.010753
20 10.25 131 -0.038550 0.012101
21 10.75 110 -0.137091 0.014191
22 11.25 60 0.075167 0.027924
23 11.75 26 -0.115385 0.055267
24 12.25 0 0.000000 0.000000
25 12.75 0 0.000000 0.000000
26 13.25 0 0.000000 0.000000
27 13.75 0 0.000000 0.000000
28 14.25 0 0.000000 0.000000
29 14.75 0 0.000000 0.000000
30 15.25 0 0.000000 0.000000
31 15.75 0 0.000000 0.000000
32 16.25 0 0.000000 0.000000
33 16.75 0 0.000000 0.000000
34 17.25 0 0.000000 0.000000
35 17.75 0 0.000000 0.000000
36 18.25 0 0.000000 0.000000
37 18.75 0 0.000000 0.000000
38 19.25 0 0.000000 0.000000
39 19.75 0 0.000000 0.000000

0 0.25 254 27.233661 0.013713
1 0.75 264 28.148485 0.013708
2 1.25 108 29.298796 0.043331
3 1.75 198 30.661616 0.019675
4 2.25 252 32.489563 0.014915
5 2.75 141 34.669291 0.035359
6 3.25 183 37.720383 0.040274
7 3.75 192 42.283750 0.032289
8 4.25 180 36.974667 0.029663
9 4.75 201 30.985274 0.021435
10 5.25 163 25.451718 0.027347
11 5.75 184 20.785435 0.023166
12 6.25 204 14.512402 0.017140
13 6.75 165 8.757152 0.024205
14 7.25 154 0.050455 0.015798
15 7.75 162 0.063025 0.013304
16 8.25 150 -0.179133 0.014567
17 8.75 159 0.105597 0.011766
18 9.25 136 0.039706 0.012075
19 9.75 162 -0.121296 0.009859
20 10.25 126 0.276349 0.012392
21 10.75 82 0.178049 0.015811
22 11.25 56 0.227679 0.024223
23 11.75 2 -0.045000 0.074246
24 12.25 0 0.000000 0.000000
25 12.75 0 0.000000 0.000000
26 13.25 0 0.000000 0.000000
27 13.75 0 0.000000 0.000000
28 14.25 0 0.000000 0.000000
29 14.75 0 0.000000 0.000000
30 15.25 0 0.000000 0.000000
31 15.75 0 0.000000 0.000000
32 16.25 0 0.000000 0.000000
33 16.75 0 0.000000 0.000000
34 17.25 0 0.000000 0.000000
35 17.75 0 0.000000 0.000000
36 18.25 0 0.000000 0.000000
37 18.75 0 0.000000 0.000000
38 19.25 0 0.000000 0.000000
39 19.75 0 0.000000 0.000000

0 0.25 256 27.210195 0.013230
1 0.75 278 28.068201 0.012360
2 1.25 122 29.911475 0.038553
3 1.75 162 30.471481 0.027277
4 2.25 254 32.366339 0.014250
5 2.75 159 33.880126 0.028590
6 3.25 180 37.808056 0.040772
7 3.75 193 42.116477 0.033586
8 4.25 178 37.079326 0.033865
9 4.75 200 31.878150 0.025691
10 5.25 190 26.124632 0.023483
11 5.75 164 20.727012 0.025896
12 6.25 208 15.239135 0.017115
13 6.75 184 9.217935 0.020843
14 7.25 145 -0.075448 0.017439
15 7.75 158 0.145253 0.014027
16 8.25 149 0.079799 0.013195
17 8.75 157 -0.008790 0.011566
18 9.25 152 -0.107105 0.011215
19 9.75 141 -0.078085 0.010386
20 10.25 116 -0.135259 0.012616
21 10.75 63 -0.065079 0.021831
22 11.25 29 0.150690 0.050916
23 11.75 0 0.000000 0.000000
24 12.25 0 0.000000 0.000000
25 12.75 0 0.000000 0.000000
26 13.25 0 0.000000 0.000000
27 13.75 0 0.000000 0.000000
28 14.25 0 0.000000 0.000000
29 14.75 0 0.000000 0.000000
30 15.25 0 0.000000 0.000000
31 15.75 0 0.000000 0.000000
32 16.25 0 0.000000 0.000000
33 16.75 0 0.000000 0.000000
34 17.25 0 0.000000 0.000000
35 17.75 0 0.000000 0.000000
36 18.25 0 0.000000 0.000000
37 18.75 0 0.000000 0.000000
38 19.25 0 0.000000 0.000000
39 19.75 0 0.000000 0.000000

0 0.25 277 27.287365 0.012165
1 0.75 254 27.814803 0.014107
2 1.25 146 29.782192 0.031053
3 1.75 144 30.126181 0.032932
4 2.25 245 32.036898 0.015353
5 2.75 184 34.393913 0.024221
6 3.25 177 37.663559 0.041040
7 3.75 200 42.461600 0.031431
8 4.25 173 37.116474 0.032730
9 4.75 200 31.758350 0.024800
10 5.25 212 25.745802 0.020590
11 5.75 170 20.230059 0.025816
12 6.25 188 15.509734 0.020606
13 6.75 207 9.514106 0.017821
14 7.25 161 0.006460 0.015020
15 7.75 155 -0.211097 0.014985
16 8.25 147 0.089116 0.015001
17 8.75 153 -0.187451 0.013438
18 9.25 161 0.232981 0.011348
19 9.75 143 0.013846 0.012825
20 10.25 145 0.167586 0.009954
21 10.75 117 0.103504 0.012932
22 11.25 61 -0.286885 0.022375
23 11.75 37 -0.391622 0.050915
24 12.25 0 0.000000 0.000000
25 12.75 0 0.000000 0.000000
26 13.25 0 0.000000 0.000000
27 13.75 0 0.000000 0.000000
28 14.25 0 0.000000 0.000000
29 14.75 0 0.000000 0.000000
30 15.25 0 0.000000 0.000000
31 15.75 0 0.000000 0.000000
32 16.25 0 0.000000 0.000000
33 16.75 0 0.000000 0.000000
34 17.25 0 0.000000 0.000000
35 17.75 0 0.000000 0.000000
36 18.25 0 0.000000 0.000000
37 18.75 0 0.000000 0.000000
38 19.25 0 0.000000 0.000000
39 19.75 0 0.000000 0.000000

0 0.25 282 27.216170 0.012322
1 0.75 247 27.902632 0.015340
2 1.25 169 29.547633 0.023993
3 1.75 143 30.540909 0.033860
4 2.25 221 32.404525 0.017371
5 2.75 208 33.862308 0.020184
6 3.25 180 37.434167 0.041868
7 3.75 207 42.935749 0.032833
8 4.25 187 37.163262 0.031437
9 4.75 198 32.002879 0.027544
10 5.25 211 25.765640 0.018905
11 5.75 195 20.205436 0.020679
12 6.25 180 15.210889 0.021536
13 6.75 194 9.650928 0.018895
14 7.25 155 -0.153097 0.016365
15 7.75 150 0.017733 0.015679
16 8.25 160 -0.016438 0.013294
17 8.75 135 0.053037 0.015253
18 9.25 157 0.189236 0.010938
19 9.75 161 -0.109130 0.010143
20 10.25 121 -0.094132 0.012783
21 10.75 94 0.119149 0.015315
22 11.25 57 0.108947 0.030578
23 11.75 10 -0.108000 0.190902
24 12.25 0 0.000000 0.000000
25 12.75 0 0.000000 0.000000
26 13.25 0 0.000000 0.000000
27 13.75 0 0.000000 0.000000
28 14.25 0 0.000000 0.000000
29 14.75 0 0.000000 0.000000
30 15.25 0 0.000000 0.000000
31 15.75 0 0.000000 0.000000
32 16.25 0 0.000000 0.000000
33 16.75 0 0.000000 0.000000
34 17.25 0 0.000000 0.000000
35 17.75 0 0.000000 0.000000
36 18.25 0 0.000000 0.000000
37 18.75 0 0.000000 0.000000
38 19.25 0 0.000000 0.000000
39 19.75 0 0.000000 0.000000

0 0.25 285 27.100211 0.012717
1 0.75 245 27.828327 0.014491
2 1.25 194 29.743299 0.020414
3 1.75 141 30.394043 0.034325
4 2.25 199 32.213568 0.021022
5 2.75 242 33.586240 0.016521
6 3.25 187 38.048663 0.039100
7 3.75 208 42.310144 0.028488
8 4.25 205 36.683171 0.026741
9 4.75 168 31.160298 0.030764
10 5.25 204 25.906373 0.022193
11 5.75 216 20.225833 0.017412
12 6.25 182 14.907198 0.020584
13 6.75 190 9.802684 0.019722
14 7.25 186 0.079409 0.012906
15 7.75 149 0.127248 0.017452
16 8.25 154 0.051623 0.013928
17 8.75 153 -0.039869 0.013226
18 9.25 137 0.014745 0.014873
19 9.75 157 0.025860 0.011099
20 10.25 156 -0.042115 0.010681
21 10.75 118 0.028305 0.013258
22 11.25 94 0.077234 0.013445
23 11.75 54 -0.266111 0.027198
24 12.25 16 -0.146250 0.079633
25 12.75 0 0.000000 0.000000
26 13.25 0 0.000000 0.000000
27 13.75 0 0.000000 0.000000
28 14.25 0 0.000000 0.000000
29 14.75 0 0.000000 0.000000
30 15.25 0 0.000000 0.000000
31 15.75 0 0.000000 0.000000
32 16.25 0 0.000000 0.000000
33 16.75 0 0.000000 0.000000
34 17.25 0 0.000000 0.000000
35 17.75 0 0.000000 0.000000
36 18.25 0 0.000000 0.000000
37 18.75 0 0.000000 0.000000
38 19.25 0 0.000000 0.000000
39 19.75 0 0.000000 0.000000

0 0.25 284 27.207993 0.012552
1 0.75 244 27.509139 0.015221
2 1.25 217 29.436221 0.017772
3 1.75 138 30.834420 0.033708
4 2.25 199 32.032060 0.021966
5 2.75 255 33.521373 0.016060
6 3.25 189 38.099577 0.038757
7 3.75 192 42.159167 0.031994
8 4.25 210 36.734952 0.024088
9 4.75 189 31.437143 0.027984
10 5.25 194 26.276804 0.026095
11 5.75 220 20.629091 0.017787
12 6.25 201 14.642438 0.018488
13 6.75 191 9.593194 0.019157
14 7.25 161 0.019876 0.016064
15 7.75 147 -0.039660 0.017036
16 8.25 149 -0.200336 0.013871
17 8.75 155 0.050452 0.013555
18 9.25 149 0.028658 0.013906
19 9.75 138 0.071087 0.013559
20 10.25 156 0.121090 0.010010
21 10.75 108 -0.067778 0.012842
22 11.25 69 0.021159 0.018253
23 11.75 45 -0.238444 0.030434
24 12.25 0 0.000000 0.000000
25 12.75 0 0.000000 0.000000
26 13.25 0 0.000000 0.000000
27 13.75 0 0.000000 0.000000
28 14.25 0 0.000000 0.000000
29 14.75 0 0.000000 0.000000
30 15.25 0 0.000000 0.000000
31 15.75 0 0.000000 0.000000
32 16.25 0 0.000000 0.000000
33 16.75 0 0.000000 0.000000
34 17.25 0 0.000000 0.000000
35 17.75 0 0.000000 0.000000
36 18.25 0 0.000000 0.000000
37 18.75 0 0.000000 0.000000
38 19.25 0 0.000000 0.000000
39 19.75 0 0.000000 0.000000

0 0.25 284 26.799401 0.012873
1 0.75 240 27.773042 0.015272
2 1.25 237 29.454346 0.015506
3 1.75 145 30.905793 0.030885
4 2.25 213 32.115540 0.020186
5 2.75 223 33.524933 0.019955
6 3.25 201 37.651692 0.035830
7 3.75 194 42.266134 0.032642
8 4.25 221 36.593122 0.023907
9 4.75 215 31.398651 0.022468
10 5.25 187 25.922567 0.025712
11 5.75 203 20.893054 0.020546
12 6.25 218 15.114450 0.017544
13 6.75 195 9.383538 0.020206
14 7.25 183 0.049617 0.013381
15 7.75 152 -0.210658 0.016856
16 8.25 138 -0.164130 0.017349
17 8.75 150 0.065667 0.014908
18 9.25 158 -0.140063 0.012287
19 9.75 142 -0.048310 0.013571
20 10.25 138 0.215507 0.011669
21 10.75 148 0.093108 0.011178
22 11.25 105 0.045905 0.014899
23 11.75 70 -0.426571 0.022348
24 12.25 43 0.219070 0.035042
25 12.75 1 -0.790000 0.000000
26 13.25 0 0.000000 0.000000
27 13.75 0 0.000000 0.000000
28 14.25 0 0.000000 0.000000
29 14.75 0 0.000000 0.000000
30 15.25 0 0.000000 0.000000
31 15.75 0 0.000000 0.000000
32 16.25 0 0.000000 0.000000
33 16.75 0 0.000000 0.000000
34 17.25 0 0.000000 0.000000
35 17.75 0 0.000000 0.000000
36 18.25 0 0.000000 0.000000
37 18.75 0 0.000000 0.000000
38 19.25 0 0.000000 0.000000
39 19.75 0 0.000000 0.000000

0 0.25 286 27.062168 0.012291
1 0.75 239 28.031088 0.015033
2 1.25 239 29.546192 0.015816
3 1.75 181 31.056740 0.025691
4 2.25 202 32.351980 0.020786
5 2.75 202 33.418069 0.024023
6 3.25 223 37.377848 0.033555
7 3.75 205 42.430732 0.030363
8 4.25 219 36.792283 0.023180
9 4.75 226 31.338451 0.021127
10 5.25 193 25.761192 0.023130
11 5.75 197 20.614772 0.022739
12 6.25 211 15.387773 0.017790
13 6.75 215 9.549070 0.017468
14 7.25 159 0.298868 0.015928
15 7.75 146 -0.008904 0.017591
16 8.25 151 0.030331 0.015352
17 8.75 133 0.130752 0.017898
18 9.25 149 0.130403 0.013150
19 9.75 154 0.114481 0.011428
20 10.25 138 -0.007899 0.012044
21 10.75 124 0.041774 0.012184
22 11.25 99 0.377980 0.014625
23 11.75 52 -0.051731 0.027486
24 12.25 19 -0.168421 0.061652
25 12.75 0 0.000000 0.000000
26 13.25 0 0.000000 0.000000
27 13.75 0 0.000000 0.000000
28 14.25 0 0.000000 0.000000
29 14.75 0 0.000000 0.000000
30 15.25 0 0.000000 0.000000
31 15.75 0 0.000000 0.000000
32 16.25 0 0.000000 0.000000
33 16.75 0 0.000000 0.000000
34 17.25 0 0.000000 0.000000
35 17.75 0 0.000000 0.000000
36 18.25 0 0.000000 0.000000
37 18.75 0 0.000000 0.000000
38 19.25 0 0.000000 0.000000
39 19.75 0 0.000000 0.000000

0 0.25 288 27.291493 0.012770
1 0.75 235 27.623957 0.016096
2 1.25 238 29.313992 0.015699
3 1.75 216 31.269306 0.019210
4 2.25 183 32.397596 0.025030
5 2.75 205 33.588098 0.021333
6 3.25 234 37.393632 0.030861
7 3.75 211 42.737773 0.030833
8 4.25 210 36.932524 0.026855
9 4.75 227 31.306388 0.021140
10 5.25 218 25.581193 0.019840
11 5.75 196 20.704490 0.022221
12 6.25 210 15.242810 0.018429
13 6.75 219 9.553425 0.017358
14 7.25 187 -0.044171 0.013133
15 7.75 140 0.436786 0.019458
16 8.25 149 -0.086779 0.015761
17 8.75 144 -0.077014 0.014621
18 9.25 133 0.052105 0.016819
19 9.75 143 0.072657 0.014651
20 10.25 150 -0.062400 0.011694
21 10.75 132 0.042273 0.012469
22 11.25 124 -0.256452 0.012287
23 11.75 93 0.056774 0.018192
24 12.25 50 0.043400 0.035008
25 12.75 21 0.610952 0.073964
26 13.25 0 0.000000 0.000000
27 13.75 0 0.000000 0.000000
28 14.25 0 0.000000 0.000000
29 14.75 0 0.000000 0.000000
30 15.25 0 0.000000 0.000000
31 15.75 0 0.000000 0.000000
32 16.25 0 0.000000 0.000000
33 16.75 0 0.000000 0.000000
34 17.25 0 0.000000 0.000000
35 17.75 0 0.000000 0.000000
36 18.25 0 0.000000 0.000000
37 18.75 0 0.000000 0.000000
38 19.25 0 0.000000 0.000000
39 19.75 0 0.000000 0.000000

0 0.25 291 26.990172 0.012521
1 0.75 234 27.681538 0.016170
2 1.25 256 29.308320 0.014125
3 1.75 227 31.229515 0.017408
4 2.25 176 32.585227 0.026951
5 2.75 221 33.591493 0.019792
6 3.25 231 37.537100 0.030179
7 3.75 212 42.126462 0.029077
8 4.25 214 37.198598 0.027745
9 4.75 227 31.697489 0.022091
10 5.25 231 25.723420 0.018432
11 5.75 215 20.051674 0.018722
12 6.25 206 15.134854 0.017510
13 6.75 209 9.559856 0.018467
14 7.25 187 -0.055508 0.013924
15 7.75 143 0.013986 0.019053
16 8.25 142 -0.228662 0.018004
17 8.75 145 0.092069 0.016057
18 9.25 142 -0.213028 0.015088
19 9.75 128 -0.088672 0.017590
20 10.25 138 0.264493 0.013823
21 10.75 143 -0.065944 0.011551
22 11.25 116 -0.001897 0.013485
23 11.75 87 0.034943 0.015910
24 12.25 59 0.258814 0.029455
25 12.75 17 -0.300000 0.072776
26 13.25 10 0.389000 0.155193
27 13.75 0 0.000000 0.000000
28 14.25 0 0.000000 0.000000
29 14.75 0 0.000000 0.000000
30 15.25 0 0.000000 0.000000
31 15.75 0 0.000000 0.000000
32 16.25 0 0.000000 0.000000
33 16.75 0 0.000000 0.000000
34 17.25 0 0.000000 0.000000
35 17.75 0 0.000000 0.000000
36 18.25 0 0.000000 0.000000
37 18.75 0 0.000000 0.000000
38 19.25 0 0.000000 0.000000
39 19.75 0 0.000000 0.000000

0 0.25 289 27.018720 0.013340
1 0.75 229 27.751485 0.015560
2 1.25 273 29.146154 0.013461
3 1.75 232 30.861379 0.018124
4 2.25 187 32.216524 0.024317
5 2.75 223 33.643274 0.020730
6 3.25 228 37.387281 0.031187
7 3.75 231 42.027316 0.026556
8 4.25 206 37.320340 0.029223
9 4.75 228 31.602588 0.023037
10 5.25 231 26.230606 0.019215
11 5.75 221 20.152805 0.017546
12 6.25 210 14.942238 0.017678
13 6.75 216 9.710509 0.017882
14 7.25 197 0.124619 0.026807
15 7.75 139 0.022086 0.019712
16 8.25 134 -0.159776 0.018556
17 8.75 139 -0.131871 0.018175
18 9.25 144 0.080208 0.015385
19 9.75 133 0.000150 0.016041
20 10.25 127 -0.119291 0.014651
21 10.75 132 0.091667 0.014137
22 11.25 141 -0.094113 0.010181
23 11.75 99 -0.018889 0.016782
24 12.25 69 -0.023623 0.021309
25 12.75 41 0.304878 0.033952
26 13.25 3 -0.896667 0.640853
27 13.75 0 0.000000 0.000000
28 14.25 0 0.000000 0.000000
29 14.75 0 0.000000 0.000000
30 15.25 0 0.000000 0.000000
31 15.75 0 0.000000 0.000000
32 16.25 0 0.000000 0.000000
33 16.75 0 0.000000 0.000000
34 17.25 0 0.000000 0.000000
35 17.75 0 0.000000 0.000000
36 18.25 0 0.000000 0.000000
37 18.75 0 0.000000 0.000000
38 19.25 0 0.000000 0.000000
39 19.75 0 0.000000 0.000000

0 0.25 291 27.466701 0.013365
1 0.75 228 27.623246 0.016128
2 1.25 286 29.327832 0.012454
3 1.75 233 31.034936 0.017151
4 2.25 207 32.718647 0.021704
5 2.75 220 34.201727 0.019008
6 3.25 230 37.483261 0.033004
7 3.75 236 42.429534 0.025791
8 4.25 220 36.376818 0.023177
9 4.75 221 31.578145 0.021983
10 5.25 225 26.275644 0.018667
11 5.75 235 20.520255 0.017158
12 6.25 231 14.910606 0.017739
13 6.75 215 9.294930 0.022850
14 7.25 211 -0.052417 0.041518
15 7.75 164 -0.297378 0.016036
16 8.25 130 -0.154692 0.020410
17 8.75 126 -0.026825 0.018894
18 9.25 137 0.009562 0.016890
19 9.75 137 -0.190073 0.015593
20 10.25 128 0.007500 0.016209
21 10.75 125 0.149760 0.015253
22 11.25 128 0.220313 0.013972
23 11.75 136 0.224632 0.012761
24 12.25 93 0.224086 0.018247
25 12.75 65 -0.016154 0.023904
26 13.25 40 -0.022250 0.032572
27 13.75 2 0.405000 0.215668
28 14.25 0 0.000000 0.000000
29 14.75 0 0.000000 0.000000
30 15.25 0 0.000000 0.000000
31 15.75 0 0.000000 0.000000
32 16.25 0 0.000000 0.000000
33 16.75 0 0.000000 0.000000
34 17.25 0 0.000000 0.000000
35 17.75 0 0.000000 0.000000
36 18.25 0 0.000000 0.000000
37 18.75 0 0.000000 0.000000
38 19.25 0 0.000000 0.000000
39 19.75 0 0.000000 0.000000

0 0.25 297 27.146229 0.013181
1 0.75 230 27.702739 0.016754
2 1.25 295 29.333864 0.012425
3 1.75 233 30.733777 0.017015
4 2.25 227 32.245022 0.019125
5 2.75 221 33.735611 0.021426
6 3.25 228 37.605132 0.032109
7 3.75 237 42.233671 0.024231
8 4.25 246 36.467846 0.019891
9 4.75 208 31.750529 0.022694
10 5.25 229 26.261485 0.019419
11 5.75 237 20.680759 0.017206
12 6.25 241 14.987178 0.020526
13 6.75 224 9.155714 0.028570
14 7.25 192 -0.185990 0.063465
15 7.75 144 -0.017431 0.018789
16 8.25 132 0.147955 0.019100
17 8.75 122 0.080738 0.020875
18 9.25 124 0.071290 0.020408
19 9.75 129 -0.073023 0.017671
20 10.25 131 -0.014733 0.015154
21 10.75 125 0.065440 0.014432
22 11.25 120 -0.147583 0.014515
23 11.75 123 0.326016 0.012446
24 12.25 85 -0.173176 0.019124
25 12.75 48 0.123750 0.031971
26 13.25 23 0.292174 0.039701
27 13.75 0 0.000000 0.000000
28 14.25 0 0.000000 0.000000
29 14.75 0 0.000000 0.000000
30 15.25 0 0.000000 0.000000
31 15.75 0 0.000000 0.000000
32 16.25 0 0.000000 0.000000
33 16.75 0 0.000000 0.000000
34 17.25 0 0.000000 0.000000
35 17.75 0 0.000000 0.000000
36 18.25 0 0.000000 0.000000
37 18.75 0 0.000000 0.000000
38 19.25 0 0.000000 0.000000
39 19.75 0 0.000000 0.000000

0 0.25 302 27.142053 0.012062
1 0.75 243 27.408601 0.015189
2 1.25 285 29.037053 0.012795
3 1.75 246 30.800528 0.016021
4 2.25 242 32.338347 0.018410
5 2.75 225 33.813644 0.022870
6 3.25 226 37.166372 0.034622
7 3.75 250 42.406280 0.023643
8 4.25 243 36.198189 0.019537
9 4.75 227 31.285947 0.020506
10 5.25 227 26.009956 0.019865
11 5.75 236 20.659619 0.019780
12 6.25 242 15.355455 0.021709
13 6.75 238 9.447773 0.029919
14 7.25 219 -0.015982 0.059329
15 7.75 169 -0.183846 0.035831
16 8.25 125 0.161680 0.022743
17 8.75 126 -0.176746 0.020761
18 9.25 120 -0.103250 0.021646
19 9.75 115 0.252609 0.021044
20 10.25 125 0.038000 0.017622
21 10.75 129 -0.005891 0.017302
22 11.25 118 0.101949 0.016192
23 11.75 118 0.015339 0.014776
24 12.25 116 0.153448 0.013118
25 12.75 79 0.097722 0.021247
26 13.25 49 -0.003061 0.029317
27 13.75 22 0.338182 0.049462
28 14.25 0 0.000000 0.000000
29 14.75 0 0.000000 0.000000
30 15.25 0 0.000000 0.000000
31 15.75 0 0.000000 0.000000
32 16.25 0 0.000000 0.000000
33 16.75 0 0.000000 0.000000
34 17.25 0 0.000000 0.000000
35 17.75 0 0.000000 0.000000
36 18.25 0 0.000000 0.000000
37 18.75 0 0.000000 0.000000
38 19.25 0 0.000000 0.000000
39 19.75 0 0.000000 0.000000

0 0.25 303 27.269142 0.013836
1 0.75 252 27.258135 0.015095
2 1.25 275 29.259455 0.013820
3 1.75 258 30.700078 0.016389
4 2.25 256 32.445391 0.017445
5 2.75 228 33.979474 0.022840
6 3.25 234 37.759359 0.030915
7 3.75 254 42.131063 0.022177
8 4.25 244 36.493730 0.021198
9 4.75 241 31.064772 0.018469
10 5.25 238 25.753908 0.020087
11 5.75 229 20.625022 0.022933
12 6.25 240 15.509750 0.024147
13 6.75 249 9.546426 0.030416
14 7.25 211 -0.068673 0.070148
15 7.75 150 -0.163667 0.066573
16 8.25 116 -0.127069 0.024246
17 8.75 121 0.149669 0.020894
18 9.25 121 -0.050248 0.021355
19 9.75 107 -0.200841 0.022979
20 10.25 113 0.103982 0.017892
21 10.75 122 0.297213 0.015403
22 11.25 119 -0.163277 0.015598
23 11.75 114 -0.165789 0.013714
24 12.25 99 -0.058384 0.014948
25 12.75 71 -0.010423 0.021022
26 13.25 40 -0.099750 0.036607
27 13.75 7 -0.545714 0.277424
28 14.25 0 0.000000 0.000000
29 14.75 0 0.000000 0.000000
30 15.25 0 0.000000 0.000000
31 15.75 0 0.000000 0.000000
32 16.25 0 0.000000 0.000000
33 16.75 0 0.000000 0.000000
34 17.25 0 0.000000 0.000000
35 17.75 0 0.000000 0.000000
36 18.25 0 0.000000 0.000000
37 18.75 0 0.000000 0.000000
38 19.25 0 0.000000 0.000000
39 19.75 0 0.000000 0.000000

0 0.25 309 27.199676 0.013190
1 0.75 262 27.739618 0.014713
2 1.25 269 29.147026 0.014812
3 1.75 270 30.769037 0.015265
4 2.25 272 32.461691 0.015600
5 2.75 228 34.014825 0.024523
6 3.25 246 38.025447 0.028279
7 3.75 249 42.019317 0.022238
8 4.25 253 36.702213 0.020141
9 4.75 250 31.284360 0.018197
10 5.25 249 25.830281 0.018572
11 5.75 230 20.452783 0.025519
12 6.25 248 15.050161 0.028752
13 6.75 247 9.558462 0.034478
14 7.25 234 0.091410 0.064936
15 7.75 182 -0.031264 0.066169
16 8.25 127 -0.177244 0.023054
17 8.75 112 0.021071 0.026514
18 9.25 116 -0.349310 0.021930
19 9.75 108 0.168056 0.023532
20 10.25 104 -0.007981 0.023755
21 10.75 114 0.097281 0.019114
22 11.25 115 -0.059391 0.016258
23 11.75 114 -0.076579 0.015801
24 12.25 107 -0.059065 0.015306
25 12.75 95 -0.006632 0.016134
26 13.25 71 0.003803 0.022264
27 13.75 38 -0.111316 0.040829
28 14.25 9 0.031111 0.114068
29 14.75 0 0.000000 0.000000
30 15.25 0 0.000000 0.000000
31 15.75 0 0.000000 0.000000
32 16.25 0 0.000000 0.000000
33 16.75 0 0.000000 0.000000
34 17.25 0 0.000000 0.000000
35 17.75 0 0.000000 0.000000
36 18.25 0 0.000000 0.000000
37 18.75 0 0.000000 0.000000
38 19.25 0 0.000000 0.000000
39 19.75 0 0.000000 0.000000

0 0.25 318 27.345314 0.013566
1 0.75 274 27.655438 0.014609
2 1.25 266 29.047782 0.013902
3 1.75 277 30.573718 0.014644
4 2.25 282 32.422021 0.015848
5 2.75 236 33.751314 0.025315
6 3.25 254 37.951890 0.027978
7 3.75 255 42.329882 0.022296
8 4.25 253 36.827194 0.020025
9 4.75 257 31.243424 0.018224
10 5.25 256 26.137852 0.018852
11 5.75 243 20.260329 0.025900
12 6.25 249 15.271767 0.030126
13 6.75 245 9.613265 0.039271
14 7.25 225 0.075822 0.073390
15 7.75 176 0.163295 0.076977
16 8.25 121 -0.074876 0.056590
17 8.75 104 0.023173 0.028305
18 9.25 109 -0.093578 0.025090
19 9.75 104 0.224423 0.025219
20 10.25 103 -0.081845 0.024379
21 10.75 103 -0.269417 0.024161
22 11.25 107 -0.034112 0.018717
23 11.75 110 0.065091 0.015820
24 12.25 105 0.171143 0.015605
25 12.75 85 -0.158118 0.014999
26 13.25 59 -0.163220 0.024328
27 13.75 33 -0.268485 0.047293
28 14.25 2 -0.915000 0.887419
29 14.75 0 0.000000 0.000000
30 15.25 0 0.000000 0.000000
31 15.75 0 0.000000 0.000000
32 16.25 0 0.000000 0.000000
33 16.75 0 0.000000 0.000000
34 17.25 0 0.000000 0.000000
35 17.75 0 0.000000 0.000000
36 18.25 0 0.000000 0.000000
37 18.75 0 0.000000 0.000000
38 19.25 0 0.000000 0.000000
39 19.75 0 0.000000 0.000000

0 0.25 322 27.079938 0.012762
1 0.75 283 27.824735 0.014321
2 1.25 269 29.215688 0.014563
3 1.75 277 30.630866 0.015215
4 2.25 289 32.148166 0.016483
5 2.75 253 34.134664 0.022278
6 3.25 255 37.907098 0.028250
7 3.75 263 42.423346 0.022126
8 4.25 256 36.528984 0.019753
9 4.75 263 31.374867 0.017475
10 5.25 263 25.779202 0.018723
11 5.75 254 20.545906 0.024914
12 6.25 255 14.848863 0.032723
13 6.75 244 9.459303 0.042805
14 7.25 215 0.012512 0.083986
15 7.75 167 -0.094251 0.094312
16 8.25 117 -0.094188 0.092832
17 8.75 100 -0.164900 0.029694
18 9.25 98 0.040816 0.027568
19 9.75 97 0.109897 0.029325
20 10.25 101 0.094752 0.024116
21 10.75 101 0.374653 0.025058
22 11.25 98 0.046939 0.021738
23 11.75 103 0.192913 0.015461
24 12.25 100 0.185200 0.017285
25 12.75 79 -0.185949 0.020012
26 13.25 50 -0.054400 0.035009
27 13.75 23 -0.409130 0.078315
28 14.25 0 0.000000 0.000000
29 14.75 0 0.000000 0.000000
30 15.25 0 0.000000 0.000000
31 15.75 0 0.000000 0.000000
32 16.25 0 0.000000 0.000000
33 16.75 0 0.000000 0.000000
34 17.25 0 0.000000 0.000000
35 17.75 0 0.000000 0.000000
36 18.25 0 0.000000 0.000000
37 18.75 0 0.000000 0.000000
38 19.25 0 0.000000 0.000000
39 19.75 0 0.000000 0.000000

0 0.25 329 26.928419 0.013158
1 0.75 291 27.441443 0.014247
2 1.25 278 29.145036 0.014123
3 1.75 275 30.831018 0.015032
4 2.25 297 32.271549 0.015006
5 2.75 266 33.682594 0.021796
6 3.25 260 38.041538 0.027587
7 3.75 265 41.990377 0.022192
8 4.25 266 36.922068 0.019371
9 4.75 265 31.231321 0.016666
10 5.25 271 26.176125 0.017904
11 5.75 261 20.418046 0.025361
12 6.25 266 14.949586 0.032569
13 6.75 248 9.473750 0.045044
14 7.25 244 0.107090 0.072665
15 7.75 198 -0.186414 0.080054
16 8.25 149 0.080403 0.082619
17 8.75 98 -0.270714 0.033395
18 9.25 92 0.015870 0.033247
19 9.75 89 0.066742 0.030736
20 10.25 95 0.071684 0.029870
21 10.75 96 0.106042 0.025313
22 11.25 92 0.000870 0.024368
23 11.75 95 -0.119158 0.021344
24 12.25 94 0.046277 0.020050
25 12.75 90 0.085889 0.018849
26 13.25 80 0.198750 0.017566
27 13.75 53 0.302453 0.024719
28 14.25 29 -0.209310 0.044611
29 14.75 0 0.000000 0.000000
30 15.25 0 0.000000 0.000000
31 15.75 0 0.000000 0.000000
32 16.25 0 0.000000 0.000000
33 16.75 0 0.000000 0.000000
34 17.25 0 0.000000 0.000000
35 17.75 0 0.000000 0.000000
36 18.25 0 0.000000 0.000000
37 18.75 0 0.000000 0.000000
38 19.25 0 0.000000 0.000000
39 19.75 0 0.000000 0.000000

0 0.25 335 27.248925 0.014157
1 0.75 294 27.871259 0.014614
2 1.25 284 29.143592 0.013676
3 1.75 281 30.684591 0.014448
4 2.25 303 32.066898 0.015873
5 2.75 276 33.846449 0.022514
6 3.25 269 38.365316 0.025569
7 3.75 269 42.091413 0.021983
8 4.25 273 36.929194 0.019288
9 4.75 269 31.478439 0.016469
10 5.25 272 26.087206 0.018341
11 5.75 271 20.481734 0.025262
12 6.25 268 14.758433 0.035293
13 6.75 253 9.391779 0.047000
14 7.25 239 0.014603 0.080458
15 7.75 191 -0.162880 0.090129
16 8.25 144 -0.097222 0.103350
17 8.75 94 -0.178830 0.087328
18 9.25 86 -0.267326 0.036004
19 9.75 82 0.368780 0.034532
20 10.25 89 0.010000 0.031386
21 10.75 93 0.185054 0.026063
22 11.25 88 0.042159 0.024164
23 11.75 89 0.034607 0.023195
24 12.25 86 -0.081395 0.021924
25 12.75 86 -0.225465 0.019209
26 13.25 76 -0.240789 0.020752
27 13.75 48 0.080417 0.029329
28 14.25 23 0.103043 0.075423
29 14.75 0 0.000000 0.000000
30 15.25 0 0.000000 0.000000
31 15.75 0 0.000000 0.000000
32 16.25 0 0.000000 0.000000
33 16.75 0 0.000000 0.000000
34 17.25 0 0.000000 0.000000
35 17.75 0 0.000000 0.000000
36 18.25 0 0.000000 0.000000
37 18.75 0 0.000000 0.000000
38 19.25 0 0.000000 0.000000
39 19.75 0 0.000000 0.000000

0 0.25 346 26.957688 0.013341
1 0.75 303 27.678944 0.015038
2 1.25 292 29.103699 0.013009
3 1.75 283 30.865795 0.014657
4 2.25 309 32.261294 0.016142
5 2.75 283 33.980389 0.023082
6 3.25 278 38.197122 0.025850
7 3.75 275 42.192109 0.020405
8 4.25 275 36.763382 0.018028
9 4.75 273 31.680733 0.016144
10 5.25 277 26.212816 0.018720
11 5.75 277 20.776245 0.024348
12 6.25 275 15.093527 0.033051
13 6.75 263 9.531065 0.044845
14 7.25 234 -0.030983 0.085680
15 7.75 188 -0.113723 0.097169
16 8.25 139 -0.052086 0.116626
17 8.75 93 0.036129 0.131286
18 9.25 81 0.172346 0.041470
19 9.75 76 -0.024211 0.039290
20 10.25 81 -0.506543 0.038031
21 10.75 86 -0.223023 0.031162
22 11.25 85 -0.075176 0.025487
23 11.75 84 -0.045357 0.026430
24 12.25 80 0.137500 0.025973
25 12.75 80 0.006375 0.023919
26 13.25 72 0.194722 0.019367
27 13.75 45 -0.014889 0.034683
28 14.25 17 0.401765 0.067129
29 14.75 0 0.000000 0.000000
30 15.25 0 0.000000 0.000000
31 15.75 0 0.000000 0.000000
32 16.25 0 0.000000 0.000000
33 16.75 0 0.000000 0.000000
34 17.25 0 0.000000 0.000000
35 17.75 0 0.000000 0.000000
36 18.25 0 0.000000 0.000000
37 18.75 0 0.000000 0.000000
38 19.25 0 0.000000 0.000000
39 19.75 0 0.000000 0.000000

0 0.25 351 27.043789 0.013791
1 0.75 307 27.855668 0.014467
2 1.25 305 29.461082 0.013035
3 1.75 287 30.840035 0.014221
4 2.25 310 32.253806 0.015201
5 2.75 291 33.858557 0.022185
6 3.25 283 38.221908 0.024386
7 3.75 283 42.268799 0.019591
8 4.25 281 37.169217 0.018281
9 4.75 278 31.575144 0.016204
10 5.25 285 25.952491 0.018494
11 5.75 279 20.590789 0.026157
12 6.25 282 14.994574 0.033248
13 6.75 275 9.549200 0.043875
14 7.25 234 -0.023675 0.089173
15 7.75 186 0.186828 0.101027
16 8.25 137 0.130073 0.128871
17 8.75 91 -0.017363 0.174673
18 9.25 77 0.003117 0.040583
19 9.75 68 -0.107206 0.047803
20 10.25 73 -0.077534 0.039271
21 10.75 85 -0.041647 0.031101
22 11.25 78 -0.092436 0.032727
23 11.75 76 0.013816 0.031111
24 12.25 74 0.213243 0.028974
25 12.75 71 0.036620 0.024209
26 13.25 72 0.011111 0.020930
27 13.75 44 0.144318 0.036068
28 14.25 15 -0.446667 0.080698
29 14.75 0 0.000000 0.000000
30 15.25 0 0.000000 0.000000
31 15.75 0 0.000000 0.000000
32 16.25 0 0.000000 0.000000
33 16.75 0 0.000000 0.000000
34 17.25 0 0.000000 0.000000
35 17.75 0 0.000000 0.000000
36 18.25 0 0.000000 0.000000
37 18.75 0 0.000000 0.000000
38 19.25 0 0.000000 0.000000
39 19.75 0 0.000000 0.000000

0 0.25 359 27.318579 0.013354
1 0.75 309 27.472492 0.013546
2 1.25 312 29.193590 0.012273
3 1.75 290 30.801759 0.014033
4 2.25 311 32.641222 0.014969
5 2.75 301 33.732027 0.020831
6 3.25 285 38.255895 0.024118
7 3.75 292 42.078596 0.018465
8 4.25 282 36.772730 0.018092
9 4.75 281 31.551246 0.015178
10 5.25 292 25.926541 0.017442
11 5.75 283 20.486290 0.024654
12 6.25 288 14.877396 0.033548
13 6.75 280 9.530393 0.042442
14 7.25 240 -0.100375 0.085418
15 7.75 185 0.034757 0.105207
16 8.25 137 -0.311460 0.133325
17 8.75 91 0.127582 0.175143
18 9.25 71 0.089577 0.049907
19 9.75 62 -0.213871 0.057407
20 10.25 73 -0.044795 0.038295
21 10.75 79 -0.003671 0.032491
22 11.25 72 0.164861 0.034419
23 11.75 70 -0.095286 0.033680
24 12.25 68 -0.018971 0.034476
25 12.75 65 0.093538 0.029934
26 13.25 72 -0.051667 0.019709
27 13.75 43 0.123953 0.039959
28 14.25 14 -0.092857 0.101157
29 14.75 0 0.000000 0.000000
30 15.25 0 0.000000 0.000000
31 15.75 0 0.000000 0.000000
32 16.25 0 0.000000 0.000000
33 16.75 0 0.000000 0.000000
34 17.25 0 0.000000 0.000000
35 17.75 0 0.000000 0.000000
36 18.25 0 0.000000 0.000000
37 18.75 0 0.000000 0.000000
38 19.25 0 0.000000 0.000000
39 19.75 0 0.000000 0.000000

0 0.25 370 27.074514 0.012197
1 0.75 310 27.641000 0.014425
2 1.25 319 29.237367 0.012434
3 1.75 292 30.789349 0.014693
4 2.25 314 32.153057 0.016090
5 2.75 308 33.911461 0.020456
6 3.25 288 38.296840 0.025060
7 3.75 291 41.875361 0.019585
8 4.25 291 36.972371 0.017008
9 4.75 282 31.387411 0.015400
10 5.25 294 26.234796 0.016495
11 5.75 297 20.794444 0.022372
12 6.25 291 15.138797 0.032108
13 6.75 281 9.407402 0.042310
14 7.25 243 0.056543 0.082625
15 7.75 196 -0.000969 0.094274
16 8.25 138 -0.076449 0.130616
17 8.75 94 0.016596 0.167066
18 9.25 63 0.160952 0.057332
19 9.75 60 -0.179333 0.060037
20 10.25 68 0.228676 0.044927
21 10.75 71 -0.132817 0.038927
22 11.25 63 -0.117302 0.040535
23 11.75 62 -0.008871 0.040131
24 12.25 61 0.085902 0.039813
25 12.75 68 0.096618 0.025607
26 13.25 64 0.164219 0.023856
27 13.75 44 0.127273 0.033229
28 14.25 17 0.011176 0.083414
29 14.75 0 0.000000 0.000000
30 15.25 0 0.000000 0.000000
31 15.75 0 0.000000 0.000000
32 16.25 0 0.000000 0.000000
33 16.75 0 0.000000 0.000000
34 17.25 0 0.000000 0.000000
35 17.75 0 0.000000 0.000000
36 18.25 0 0.000000 0.000000
37 18.75 0 0.000000 0.000000
38 19.25 0 0.000000 0.000000
39 19.75 0 0.000000 0.000000

0 0.25 380 27.221105 0.011619
1 0.75 312 27.857147 0.013404
2 1.25 329 29.488328 0.010884
3 1.75 291 30.853162 0.014353
4 2.25 316 32.083386 0.017228
5 2.75 318 33.839969 0.019611
6 3.25 285 38.410912 0.025236
7 3.75 292 42.327808 0.018673
8 4.25 301 36.699169 0.016163
9 4.75 284 31.488380 0.015614
10 5.25 301 26.151163 0.016129
11 5.75 305 20.681770 0.021986
12 6.25 299 14.994047 0.030758
13 6.75 281 9.449609 0.043231
14 7.25 247 0.022834 0.081464
15 7.75 201 0.167164 0.090290
16 8.25 150 0.060667 0.111310
17 8.75 98 0.055102 0.158347
18 9.25 59 -0.216441 0.062551
19 9.75 61 -0.056066 0.054853
20 10.25 64 -0.351875 0.051576
21 10.75 65 -0.138923 0.045918
22 11.25 58 0.220345 0.045890
23 11.75 56 -0.089464 0.049161
24 12.25 61 0.244426 0.042199
25 12.75 63 0.364444 0.033212
26 13.25 57 -0.100351 0.030489
27 13.75 47 -0.044043 0.029734
28 14.25 20 -0.254500 0.065242
29 14.75 0 0.000000 0.000000
30 15.25 0 0.000000 0.000000
31 15.75 0 0.000000 0.000000
32 16.25 0 0.000000 0.000000
33 16.75 0 0.000000 0.000000
34 17.25 0 0.000000 0.000000
35 17.75 0 0.000000 0.000000
36 18.25 0 0.000000 0.000000
37 18.75 0 0.000000 0.000000
38 19.25 0 0.000000 0.000000
39 19.75 0 0.000000 0.000000

0 0.25 393 27.124326 0.009910
1 0.75 313 27.617764 0.012541
2 1.25 330 29.309515 0.011035
3 1.75 299 30.740535 0.013932
4 2.25 316 32.306076 0.015693
5 2.75 317 34.022934 0.020401
6 3.25 288 38.462431 0.024590
7 3.75 291 42.331168 0.018343
8 4.25 304 37.077500 0.016249
9 4.75 301 31.441595 0.014551
10 5.25 304 25.922237 0.016840
11 5.75 304 20.552961 0.021853
12 6.25 298 14.951141 0.030752
13 6.75 291 9.269038 0.041695
14 7.25 252 0.013294 0.078816
15 7.75 206 0.220146 0.086421
16 8.25 157 -0.087962 0.104440
17 8.75 110 0.085727 0.127385
18 9.25 67 0.167015 0.051322
19 9.75 55 0.159455 0.066524
20 10.25 57 -0.076842 0.057508
21 10.75 57 -0.460526 0.058528
22 11.25 48 -0.115833 0.066266
23 11.75 58 -0.007414 0.045886
24 12.25 58 -0.177241 0.040160
25 12.75 55 0.326000 0.033986
26 13.25 48 -0.202500 0.046139
27 13.75 52 0.207115 0.027734
28 14.25 26 -0.035000 0.061231
29 14.75 0 0.000000 0.000000
30 15.25 0 0.000000 0.000000
31 15.75 0 0.000000 0.000000
32 16.25 0 0.000000 0.000000
33 16.75 0 0.000000 0.000000
34 17.25 0 0.000000 0.000000
35 17.75 0 0.000000 0.000000
36 18.25 0 0.000000 0.000000
37 18.75 0 0.000000 0.000000
38 19.25 0 0.000000 0.000000
39 19.75 0 0.000000 0.000000

0 0.25 401 27.190823 0.010029
1 0.75 308 27.477078 0.012944
2 1.25 328 29.223354 0.011146
3 1.75 309 30.891294 0.012529
4 2.25 319 32.097492 0.017280
5 2.75 310 34.074548 0.020242
6 3.25 294 37.991531 0.025433
7 3.75 293 42.829898 0.018181
8 4.25 306 37.332059 0.016568
9 4.75 312 31.479103 0.013765
10 5.25 313 25.727252 0.015539
11 5.75 297 20.212660 0.024134
12 6.25 297 14.959798 0.031144
13 6.75 289 9.442422 0.040404
14 7.25 269 -0.135836 0.071209
15 7.75 218 0.053303 0.079145
16 8.25 169 0.020414 0.092435
17 8.75 117 -0.032735 0.119899
18 9.25 73 -0.066849 0.048230
19 9.75 51 0.056863 0.072679
20 10.25 52 -0.052885 0.069175
21 10.75 48 0.018750 0.075721
22 11.25 54 -0.045741 0.060278
23 11.75 53 -0.255094 0.051448
24 12.25 53 0.225660 0.047856
25 12.75 44 -0.207500 0.057998
26 13.25 47 0.139362 0.041569
27 13.75 54 -0.098148 0.031151
28 14.25 33 -0.243636 0.048406
29 14.75 2 -0.450000 0.240416
30 15.25 0 0.000000 0.000000
31 15.75 0 0.000000 0.000000
32 16.25 0 0.000000 0.000000
33 16.75 0 0.000000 0.000000
34 17.25 0 0.000000 0.000000
35 17.75 0 0.000000 0.000000
36 18.25 0 0.000000 0.000000
37 18.75 0 0.000000 0.000000
38 19.25 0 0.000000 0.000000
39 19.75 0 0.000000 0.000000

0 0.25 410 26.947780 0.008931
1 0.75 305 27.888656 0.013166
2 1.25 325 29.139508 0.011054
3 1.75 325 30.709938 0.012451
4 2.25 315 32.527778 0.016278
5 2.75 295 33.953797 0.024465
6 3.25 293 37.541126 0.027120
7 3.75 311 42.367170 0.019140
8 4.25 311 37.111447 0.017222
9 4.75 307 31.260033 0.014539
10 5.25 315 25.953206 0.015430
11 5.75 294 20.326122 0.023576
12 6.25 294 14.969422 0.031296
13 6.75 289 9.528685 0.040241
14 7.25 280 -0.114536 0.066418
15 7.75 242 -0.109380 0.067325
16 8.25 180 -0.094278 0.083963
17 8.75 131 -0.105344 0.098830
18 9.25 86 -0.031512 0.035120
19 9.75 45 0.070889 0.092537
20 10.25 49 0.054694 0.077216
21 10.75 47 0.398298 0.077359
22 11.25 48 -0.098125 0.071254
23 11.75 48 -0.174583 0.060912
24 12.25 45 -0.038000 0.065614
25 12.75 43 0.246744 0.057838
26 13.25 47 -0.027021 0.041645
27 13.75 48 0.045625 0.037640
28 14.25 39 0.243846 0.035432
29 14.75 7 0.121429 0.221354
30 15.25 0 0.000000 0.000000
31 15.75 0 0.000000 0.000000
32 16.25 0 0.000000 0.000000
33 16.75 0 0.000000 0.000000
34 17.25 0 0.000000 0.000000
35 17.75 0 0.000000 0.000000
36 18.25 0 0.000000 0.000000
37 18.75 0 0.000000 0.000000
38 19.25 0 0.000000 0.000000
39 19.75 0 0.000000 0.000000

0 0.25 418 27.233493 0.008268
1 0.75 297 27.790404 0.012651
2 1.25 320 29.241500 0.011447
3 1.75 336 30.494851 0.012425
4 2.25 313 32.327476 0.017708
5 2.75 280 33.739607 0.026383
6 3.25 297 37.016667 0.028354
7 3.75 324 42.777778 0.016206
8 4.25 314 36.991210 0.015514
9 4.75 309 31.021165 0.014618
10 5.25 306 25.684510 0.016713
11 5.75 291 20.651581 0.023282
12 6.25 297 15.161414 0.029484
13 6.75 300 9.530200 0.037216
14 7.25 264 -0.008977 0.070678
15 7.75 208 0.059760 0.083700
16 8.25 150 -0.166800 0.111795
17 8.75 102 -0.038529 0.146629
18 9.25 60 0.077667 0.062329
19 9.75 49 -0.070000 0.068904
20 10.25 44 0.022500 0.082756
21 10.75 41 -0.268537 0.096108
22 11.25 44 -0.350909 0.073838
23 11.75 42 -0.003333 0.067671
24 12.25 44 0.050909 0.054953
25 12.75 41 0.051463 0.052823
26 13.25 43 0.140930 0.041325
27 13.75 37 0.277838 0.045960
28 14.25 6 -0.140000 0.315676
29 14.75 0 0.000000 0.000000
30 15.25 0 0.000000 0.000000
31 15.75 0 0.000000 0.000000
32 16.25 0 0.000000 0.000000
33 16.75 0 0.000000 0.000000
34 17.25 0 0.000000 0.000000
35 17.75 0 0.000000 0.000000
36 18.25 0 0.000000 0.000000
37 18.75 0 0.000000 0.000000
38 19.25 0 0.000000 0.000000
39 19.75 0 0.000000 0.000000

0 0.25 428 27.011682 0.008114
1 0.75 290 27.552034 0.012544
2 1.25 312 29.134519 0.011467
3 1.75 337 30.765252 0.012251
4 2.25 318 32.209748 0.018313
5 2.75 269 33.648290 0.029592
6 3.25 312 37.160417 0.025715
7 3.75 318 42.859843 0.016559
8 4.25 322 36.649845 0.016847
9 4.75 312 31.050801 0.015975
10 5.25 289 25.750657 0.017052
11 5.75 287 20.514321 0.023503
12 6.25 299 15.403378 0.028871
13 6.75 310 9.451290 0.036146
14 7.25 280 0.093964 0.064378
15 7.75 217 -0.051060 0.079014
16 8.25 166 0.109639 0.091929
17 8.75 117 -0.078034 0.117692
18 9.25 85 0.155529 0.035509
19 9.75 43 0.640233 0.101397
20 10.25 33 -0.127273 0.131469
21 10.75 36 0.209444 0.111228
22 11.25 41 0.044634 0.077643
23 11.75 43 -0.034419 0.074007
24 12.25 37 0.338919 0.072808
25 12.75 36 0.046389 0.064328
26 13.25 39 -0.196154 0.062124
27 13.75 39 -0.284359 0.034414
28 14.25 16 -0.107500 0.125862
29 14.75 0 0.000000 0.000000
30 15.25 0 0.000000 0.000000
31 15.75 0 0.000000 0.000000
32 16.25 0 0.000000 0.000000
33 16.75 0 0.000000 0.000000
34 17.25 0 0.000000 0.000000
35 17.75 0 0.000000 0.000000
36 18.25 0 0.000000 0.000000
37 18.75 0 0.000000 0.000000
38 19.25 0 0.000000 0.000000
39 19.75 0 0.000000 0.000000

0 0.25 435 27.125586 0.007479
1 0.75 283 27.811307 0.013951
2 1.25 313 29.109265 0.011788
3 1.75 331 30.918459 0.013036
4 2.25 303 32.573795 0.018022
5 2.75 290 33.713724 0.025491
6 3.25 311 37.210129 0.025971
7 3.75 310 42.303677 0.018747
8 4.25 322 36.762702 0.017049
9 4.75 298 31.246913 0.016384
10 5.25 295 26.128237 0.017186
11 5.75 292 20.690548 0.023709
12 6.25 310 15.206258 0.027489
13 6.75 303 9.225116 0.037602
14 7.25 246 0.036870 0.077939
15 7.75 188 -0.036064 0.097672
16 8.25 142 0.032394 0.118821
17 8.75 108 -0.006111 0.126957
18 9.25 57 -0.077368 0.061578
19 9.75 31 -0.043226 0.152751
20 10.25 30 -0.039333 0.135976
21 10.75 42 -0.141667 0.082171
22 11.25 39 0.263077 0.080435
23 11.75 33 -0.114545 0.100010
24 12.25 33 0.106364 0.081656
25 12.75 37 -0.080000 0.062253
26 13.25 37 -0.017297 0.051416
27 13.75 15 -0.039333 0.075503
28 14.25 0 0.000000 0.000000
29 14.75 0 0.000000 0.000000
30 15.25 0 0.000000 0.000000
31 15.75 0 0.000000 0.000000
32 16.25 0 0.000000 0.000000
33 16.75 0 0.000000 0.000000
34 17.25 0 0.000000 0.000000
35 17.75 0 0.000000 0.000000
36 18.25 0 0.000000 0.000000
37 18.75 0 0.000000 0.000000
38 19.25 0 0.000000 0.000000
39 19.75 0 0.000000 0.000000

0 0.25 444 27.050743 0.006763
1 0.75 271 27.767712 0.014544
2 1.25 316 29.262247 0.011622
3 1.75 320 30.841062 0.013864
4 2.25 282 32.073191 0.022325
5 2.75 315 33.684476 0.023520
6 3.25 312 37.321795 0.025193
7 3.75 313 42.120319 0.017669
8 4.25 308 36.838994 0.018262
9 4.75 286 31.361818 0.017540
10 5.25 293 26.041570 0.017086
11 5.75 310 20.497000 0.021074
12 6.25 306 14.841046 0.028964
13 6.75 298 9.121040 0.039220
14 7.25 260 0.052731 0.071645
15 7.75 211 -0.039526 0.080933
16 8.25 173 0.000751 0.084339
17 8.75 121 -0.136860 0.109429
18 9.25 64 -0.266719 0.054783
19 9.75 27 0.018148 0.192228
20 10.25 40 -0.145500 0.097379
21 10.75 37 -0.122703 0.107435
22 11.25 28 -0.230357 0.152314
23 11.75 30 0.339333 0.112505
24 12.25 38 -0.316579 0.065142
25 12.75 32 -0.396875 0.069003
26 13.25 29 -0.139655 0.085334
27 13.75 31 0.140968 0.047674
28 14.25 0 0.000000 0.000000
29 14.75 0 0.000000 0.000000
30 15.25 0 0.000000 0.000000
31 15.75 0 0.000000 0.000000
32 16.25 0 0.000000 0.000000
33 16.75 0 0.000000 0.000000
34 17.25 0 0.000000 0.000000
35 17.75 0 0.000000 0.000000
36 18.25 0 0.000000 0.000000
37 18.75 0 0.000000 0.000000
38 19.25 0 0.000000 0.000000
39 19.75 0 0.000000 0.000000

0 0.25 453 27.157373 0.008407
1 0.75 260 27.739154 0.016937
2 1.25 319 29.376144 0.015041
3 1.75 307 30.947264 0.020306
4 2.25 280 32.167643 0.027313
5 2.75 314 33.716433 0.025805
6 3.25 312 37.588141 0.026786
7 3.75 318 42.087987 0.018519
8 4.25 297 36.534916 0.018266
9 4.75 278 31.181187 0.017729
10 5.25 308 26.203019 0.014913
11 5.75 301 20.465748 0.022711
12 6.25 304 14.819441 0.028470
13 6.75 280 9.462321 0.040372
14 7.25 242 0.095992 0.075545
15 7.75 201 -0.066368 0.080226
16 8.25 147 0.014966 0.101157
17 8.75 86 0.044767 0.146483
18 9.25 41 0.182683 0.104584
19 9.75 40 0.077000 0.100654
20 10.25 36 0.144444 0.090426
21 10.75 22 -0.446818 0.229398
22 11.25 24 0.237917 0.156643
23 11.75 40 -0.237250 0.067777
24 12.25 31 -0.263548 0.084101
25 12.75 22 -0.197727 0.096165
26 13.25 33 0.238485 0.042591
27 13.75 0 0.000000 0.000000
28 14.25 0 0.000000 0.000000
29 14.75 0 0.000000 0.000000
30 15.25 0 0.000000 0.000000
31 15.75 0 0.000000 0.000000
32 16.25 0 0.000000 0.000000
33 16.75 0 0.000000 0.000000
34 17.25 0 0.000000 0.000000
35 17.75 0 0.000000 0.000000
36 18.25 0 0.000000 0.000000
37 18.75 0 0.000000 0.000000
38 19.25 0 0.000000 0.000000
39 19.75 0 0.000000 0.000000

0 0.25 462 27.143030 0.013365
1 0.75 251 27.836972 0.029246
2 1.25 318 29.619340 0.022165
3 1.75 286 30.876364 0.029975
4 2.25 292 32.406404 0.030574
5 2.75 302 33.560132 0.031980
6 3.25 314 37.410732 0.028338
7 3.75 307 42.106645 0.019375
8 4.25 283 36.731767 0.019871
9 4.75 299 31.639532 0.014686
10 5.25 309 25.947540 0.015542
11 5.75 301 20.245714 0.021766
12 6.25 280 14.724821 0.030675
13 6.75 287 9.657596 0.036069
14 7.25 274 -0.033686 0.059392
15 7.75 218 0.006284 0.067806
16 8.25 153 0.069216 0.086679
17 8.75 105 0.288762 0.072020
18 9.25 76 0.354737 0.042960
19 9.75 35 0.216571 0.116574
20 10.25 21 0.034762 0.246511
21 10.75 22 0.090909 0.204727
22 11.25 38 0.114211 0.092926
23 11.75 27 0.099259 0.122360
24 12.25 20 0.264500 0.171367
25 12.75 32 0.146875 0.069989
26 13.25 31 0.509032 0.056878
27 13.75 8 -0.331250 0.155761
28 14.25 0 0.000000 0.000000
29 14.75 0 0.000000 0.000000
30 15.25 0 0.000000 0.000000
31 15.75 0 0.000000 0.000000
32 16.25 0 0.000000 0.000000
33 16.75 0 0.000000 0.000000
34 17.25 0 0.000000 0.000000
35 17.75 0 0.000000 0.000000
36 18.25 0 0.000000 0.000000
37 18.75 0 0.000000 0.000000
38 19.25 0 0.000000 0.000000
39 19.75 0 0.000000 0.000000

0 0.25 462 27.170238 0.018901
1 0.75 258 28.045504 0.043046
2 1.25 305 29.542656 0.033906
3 1.75 267 30.920861 0.043434
4 2.25 303 32.286436 0.033639
5 2.75 301 33.940033 0.034754
6 3.25 302 37.088841 0.032346
7 3.75 295 42.027898 0.021209
8 4.25 279 37.087670 0.018693
9 4.75 306 31.871895 0.013611
10 5.25 301 26.172259 0.014874
11 5.75 287 20.525645 0.021339
12 6.25 278 15.231079 0.027035
13 6.75 294 9.658095 0.030973
14 7.25 253 -0.108340 0.065237
15 7.75 182 -0.073132 0.084116
16 8.25 125 0.118400 0.103434
17 8.75 101 -0.250495 0.029724
18 9.25 50 -0.050000 0.074916
19 9.75 17 -0.131176 0.361700
20 10.25 21 -0.120000 0.261115
21 10.75 36 -0.316944 0.100786
22 11.25 24 0.274167 0.163243
23 11.75 15 -0.574000 0.274503
24 12.25 33 0.084242 0.069813
25 12.75 28 -0.422500 0.075635
26 13.25 8 -0.461250 0.142964
27 13.75 0 0.000000 0.000000
28 14.25 0 0.000000 0.000000
29 14.75 0 0.000000 0.000000
30 15.25 0 0.000000 0.000000
31 15.75 0 0.000000 0.000000
32 16.25 0 0.000000 0.000000
33 16.75 0 0.000000 0.000000
34 17.25 0 0.000000 0.000000
35 17.75 0 0.000000 0.000000
36 18.25 0 0.000000 0.000000
37 18.75 0 0.000000 0.000000
38 19.25 0 0.000000 0.000000
39 19.75 0 0.000000 0.000000

0 0.25 447 27.286376 0.026762
1 0.75 283 27.883216 0.048916
2 1.25 290 29.372690 0.047204
3 1.75 267 31.070225 0.050865
4 2.25 292 32.162192 0.042058
5 2.75 304 33.732928 0.039313
6 3.25 292 37.696130 0.034887
7 3.75 274 42.465657 0.021414
8 4.25 298 36.896309 0.016575
9 4.75 294 31.387109 0.014664
10 5.25 301 26.027641 0.016328
11 5.75 264 20.612955 0.022295
12 6.25 293 15.373788 0.022894
13 6.75 293 9.497440 0.030559
14 7.25 267 0.208914 0.054945
15 7.75 194 -0.011237 0.068180
16 8.25 165 -0.004909 0.052553
17 8.75 122 0.027213 0.021383
18 9.25 57 -0.112281 0.066183
19 9.75 18 0.131667 0.361508
20 10.25 33 0.050606 0.118640
21 10.75 22 -0.097273 0.207999
22 11.25 12 -0.031667 0.442996
23 11.75 33 0.083030 0.095601
24 12.25 26 -0.409231 0.118892
25 12.75 13 -0.420000 0.223711
26 13.25 29 -0.253793 0.041796
27 13.75 0 0.000000 0.000000
28 14.25 0 0.000000 0.000000
29 14.75 0 0.000000 0.000000
30 15.25 0 0.000000 0.000000
31 15.75 0 0.000000 0.000000
32 16.25 0 0.000000 0.000000
33 16.75 0 0.000000 0.000000
34 17.25 0 0.000000 0.000000
35 17.75 0 0.000000 0.000000
36 18.25 0 0.000000 0.000000
37 18.75 0 0.000000 0.000000
38 19.25 0 0.000000 0.000000
39 19.75 0 0.000000 0.000000

0 0.25 432 27.309190 0.034732
1 0.75 285 27.983263 0.060550
2 1.25 284 29.438486 0.061083
3 1.75 279 30.908351 0.054104
4 2.25 288 32.363576 0.048553
5 2.75 295 33.291356 0.044083
6 3.25 292 37.560171 0.035529
7 3.75 265 41.897396 0.024632
8 4.25 297 36.702727 0.017540
9 4.75 296 31.117939 0.014665
10 5.25 269 25.810372 0.018056
11 5.75 276 20.533623 0.019861
12 6.25 292 15.096062 0.022345
13 6.75 284 9.463028 0.029954
14 7.25 223 -0.056726 0.069752
15 7.75 190 0.059842 0.062118
16 8.25 142 0.015915 0.046746
17 8.75 79 0.065823 0.041771
18 9.25 32 0.035000 0.128002
19 9.75 31 -0.215484 0.148907
20 10.25 23 0.150435 0.214788
21 10.75 7 -0.415714 1.039997
22 11.25 31 -0.044194 0.091626
23 11.75 25 0.445200 0.139155
24 12.25 9 -0.272222 0.431716
25 12.75 29 -0.169655 0.049920
26 13.25 0 0.000000 0.000000
27 13.75 0 0.000000 0.000000
28 14.25 0 0.000000 0.000000
29 14.75 0 0.000000 0.000000
30 15.25 0 0.000000 0.000000
31 15.75 0 0.000000 0.000000
32 16.25 0 0.000000 0.000000
33 16.75 0 0.000000 0.000000
34 17.25 0 0.000000 0.000000
35 17.75 0 0.000000 0.000000
36 18.25 0 0.000000 0.000000
37 18.75 0 0.000000 0.000000
38 19.25 0 0.000000 0.000000
39 19.75 0 0.000000 0.000000

0 0.25 411 26.136423 0.043134
1 0.75 287 26.885192 0.071170
2 1.25 271 28.345867 0.072886
3 1.75 279 30.874301 0.054963
4 2.25 290 31.203690 0.053208
5 2.75 280 32.729607 0.048163
6 3.25 272 37.865809 0.037283
7 3.75 291 41.010275 0.025671
8 4.25 282 36.730284 0.018468
9 4.75 292 30.914829 0.015459
10 5.25 262 25.789809 0.017248
11 5.75 282 20.692305 0.017659
12 6.25 284 15.198627 0.021812
13 6.75 265 9.572264 0.029593
14 7.25 265 0.117660 0.047436
15 7.75 214 -0.117290 0.047276
16 8.25 156 0.044936 0.016954
17 8.75 95 0.100421 0.030123
18 9.25 73 -0.096301 0.040863
19 9.75 24 0.127083 0.219012
20 10.25 4 0.790000 3.570133
21 10.75 29 -0.162414 0.138363
22 11.25 25 -0.108000 0.148427
23 11.75 6 -0.328333 1.018994
24 12.25 27 -0.144074 0.093902
25 12.75 24 0.552500 0.101134
26 13.25 6 -0.460000 0.414187
27 13.75 0 0.000000 0.000000
28 14.25 0 0.000000 0.000000
29 14.75 0 0.000000 0.000000
30 15.25 0 0.000000 0.000000
31 15.75 0 0.000000 0.000000
32 16.25 0 0.000000 0.000000
33 16.75 0 0.000000 0.000000
34 17.25 0 0.000000 0.000000
35 17.75 0 0.000000 0.000000
36 18.25 0 0.000000 0.000000
37 18.75 0 0.000000 0.000000
38 19.25 0 0.000000 0.000000
39 19.75 0 0.000000 0.000000

0 0.25 393 27.011934 0.043237
1 0.75 290 27.408552 0.066420
2 1.25 263 29.395703 0.069439
3 1.75 272 30.832463 0.052836
4 2.25 293 32.141536 0.044908
5 2.75 282 33.421028 0.045064
6 3.25 252 37.337817 0.040646
7 3.75 295 41.884610 0.018936
8 4.25 284 36.741162 0.017545
9 4.75 266 31.348271 0.016137
10 5.25 273 26.015641 0.014923
11 5.75 283 20.624594 0.016549
12 6.25 280 15.037750 0.019872
13 6.75 260 9.560115 0.026807
14 7.25 250 0.039480 0.046622
15 7.75 186 -0.044409 0.049085
16 8.25 108 0.034167 0.025817
17 8.75 87 -0.244943 0.031416
18 9.25 39 0.214359 0.111164
19 9.75 3 0.240000 5.220519
20 10.25 26 0.455769 0.163686
21 10.75 26 -0.094231 0.137911
22 11.25 4 -0.322500 2.158659
23 11.75 26 0.066154 0.094128
24 12.25 25 -0.178000 0.088281
25 12.75 3 -0.033333 0.357792
26 13.25 0 0.000000 0.000000
27 13.75 0 0.000000 0.000000
28 14.25 0 0.000000 0.000000
29 14.75 0 0.000000 0.000000
30 15.25 0 0.000000 0.000000
31 15.75 0 0.000000 0.000000
32 16.25 0 0.000000 0.000000
33 16.75 0 0.000000 0.000000
34 17.25 0 0.000000 0.000000
35 17.75 0 0.000000 0.000000
36 18.25 0 0.000000 0.000000
37 18.75 0 0.000000 0.000000
38 19.25 0 0.000000 0.000000
39 19.75 0 0.000000 0.000000

0 0.25 375 26.949680 0.037247
1 0.75 293 27.529181 0.053470
2 1.25 249 29.288112 0.060444
3 1.75 271 30.712288 0.042584
4 2.25 292 32.200651 0.037762
5 2.75 282 33.997057 0.037046
6 3.25 256 37.401914 0.033755
7 3.75 280 42.728964 0.019350
8 4.25 281 36.949964 0.017119
9 4.75 262 31.418359 0.016378
10 5.25 281 25.865587 0.013614
11 5.75 277 20.257184 0.016394
12 6.25 248 15.207298 0.021360
13 6.75 269 9.640446 0.021264
14 7.25 266 0.084925 0.039593
15 7.75 190 -0.190737 0.029796
16 8.25 152 0.003355 0.015375
17 8.75 111 -0.094414 0.023386
18 9.25 44 -0.109545 0.089844
19 9.75 21 -0.315714 0.229391
20 10.25 25 0.330000 0.186973
21 10.75 5 -0.284000 2.026966
22 11.25 20 -0.095000 0.177622
23 11.75 24 0.033333 0.117789
24 12.25 4 -0.567500 1.452186
25 12.75 25 -0.405200 0.059684
26 13.25 0 0.000000 0.000000
27 13.75 0 0.000000 0.000000
28 14.25 0 0.000000 0.000000
29 14.75 0 0.000000 0.000000
30 15.25 0 0.000000 0.000000
31 15.75 0 0.000000 0.000000
32 16.25 0 0.000000 0.000000
33 16.75 0 0.000000 0.000000
34 17.25 0 0.000000 0.000000
35 17.75 0 0.000000 0.000000
36 18.25 0 0.000000 0.000000
37 18.75 0 0.000000 0.000000
38 19.25 0 0.000000 0.000000
39 19.75 0 0.000000 0.000000

0 0.25 350 27.261914 0.032411
1 0.75 293 27.742287 0.039422
2 1.25 253 29.430514 0.044829
3 1.75 273 31.012857 0.031655
4 2.25 272 32.154853 0.033121
5 2.75 266 33.849737 0.032435
6 3.25 279 37.599713 0.027312
7 3.75 280 41.927786 0.020166
8 4.25 263 36.338099 0.017773
9 4.75 258 31.529574 0.016205
10 5.25 270 26.092407 0.013968
11 5.75 262 20.267328 0.016434
12 6.25 256 15.349805 0.016135
13 6.75 269 9.597621 0.018344
14 7.25 231 0.055238 0.042881
15 7.75 169 0.014142 0.015666
16 8.25 131 -0.091069 0.019297
17 8.75 67 -0.313433 0.049224
18 9.25 19 0.232632 0.278642
19 9.75 25 0.158400 0.180579
20 10.25 8 -0.391250 0.914884
21 10.75 16 0.326875 0.272035
22 11.25 24 0.323750 0.128232
23 11.75 2 -0.715000 5.558938
24 12.25 23 0.367391 0.066593
25 12.75 0 0.000000 0.000000
26 13.25 0 0.000000 0.000000
27 13.75 0 0.000000 0.000000
28 14.25 0 0.000000 0.000000
29 14.75 0 0.000000 0.000000
30 15.25 0 0.000000 0.000000
31 15.75 0 0.000000 0.000000
32 16.25 0 0.000000 0.000000
33 16.75 0 0.000000 0.000000
34 17.25 0 0.000000 0.000000
35 17.75 0 0.000000 0.000000
36 18.25 0 0.000000 0.000000
37 18.75 0 0.000000 0.000000
38 19.25 0 0.000000 0.000000
39 19.75 0 0.000000 0.000000

0 0.25 332 27.252048 0.024950
1 0.75 295 27.774542 0.028628
2 1.25 256 29.396719 0.030867
3 1.75 275 30.672255 0.023901
4 2.25 268 32.212463 0.024298
5 2.75 250 33.801520 0.025894
6 3.25 282 37.597624 0.023431
7 3.75 277 42.457365 0.017748
8 4.25 238 36.697227 0.020229
9 4.75 266 31.662932 0.016364
10 5.25 262 26.037366 0.014056
11 5.75 243 20.401975 0.015629
12 6.25 268 15.179440 0.013682
13 6.75 267 9.651610 0.015647
14 7.25 239 0.087741 0.031790
15 7.75 199 -0.089598 0.010701
16 8.25 145 0.171862 0.016484
17 8.75 80 -0.213750 0.035547
18 9.25 58 -0.093966 0.058741
19 9.75 16 0.443750 0.384471
20 10.25 7 -0.264286 1.107110
21 10.75 22 -0.505909 0.197786
22 11.25 8 0.061250 0.788972
23 11.75 15 -0.104667 0.206716
24 12.25 22 0.086818 0.093991
25 12.75 1 1.930000 0.000000
26 13.25 0 0.000000 0.000000
27 13.75 0 0.000000 0.000000
28 14.25 0 0.000000 0.000000
29 14.75 0 0.000000 0.000000
30 15.25 0 0.000000 0.000000
31 15.75 0 0.000000 0.000000
32 16.25 0 0.000000 0.000000
33 16.75 0 0.000000 0.000000
34 17.25 0 0.000000 0.000000
35 17.75 0 0.000000 0.000000
36 18.25 0 0.000000 0.000000
37 18.75 0 0.000000 0.000000
38 19.25 0 0.000000 0.000000
39 19.75 0 0.000000 0.000000

0 0.25 310 27.354290 0.017294
1 0.75 297 27.541414 0.018548
2 1.25 259 29.124749 0.019164
3 1.75 276 30.785471 0.017108
4 2.25 271 32.105129 0.019080
5 2.75 250 33.756680 0.019817
6 3.25 255 37.490118 0.024535
7 3.75 258 42.003605 0.022116
8 4.25 239 36.725523 0.020204
9 4.75 269 31.483123 0.015622
10 5.25 263 25.881445 0.014323
11 5.75 249 20.404056 0.014061
12 6.25 269 14.828104 0.012524
13 6.75 239 9.323347 0.016749
14 7.25 215 0.149256 0.022261
15 7.75 172 0.012035 0.013483
16 8.25 99 0.023838 0.027333
17 8.75 75 -0.027600 0.038208
18 9.25 21 -0.141429 0.250860
19 9.75 0 0.000000 0.000000
20 10.25 21 -0.518095 0.183151
21 10.75 16 -0.317500 0.326797
22 11.25 6 0.718333 1.099651
23 11.75 22 -0.086364 0.076468
24 12.25 0 0.000000 0.000000
25 12.75 0 0.000000 0.000000
26 13.25 0 0.000000 0.000000
27 13.75 0 0.000000 0.000000
28 14.25 0 0.000000 0.000000
29 14.75 0 0.000000 0.000000
30 15.25 0 0.000000 0.000000
31 15.75 0 0.000000 0.000000
32 16.25 0 0.000000 0.000000
33 16.75 0 0.000000 0.000000
34 17.25 0 0.000000 0.000000
35 17.75 0 0.000000 0.000000
36 18.25 0 0.000000 0.000000
37 18.75 0 0.000000 0.000000
38 19.25 0 0.000000 0.000000
39 19.75 0 0.000000 0.000000

0 0.25 285 27.336982 0.011989
1 0.75 298 27.247550 0.012255
2 1.25 262 29.044580 0.012849
3 1.75 277 31.007256 0.011784
4 2.25 272 32.546544 0.013205
5 2.75 235 33.909191 0.016561
6 3.25 246 37.854959 0.024385
7 3.75 246 42.363049 0.022197
8 4.25 246 37.107276 0.019245
9 4.75 259 31.450386 0.016462
10 5.25 242 25.812851 0.017354
11 5.75 252 20.677143 0.013956
12 6.25 254 15.050472 0.012433
13 6.75 229 9.724541 0.014910
14 7.25 253 0.144941 0.009585
15 7.75 195 0.001949 0.010915
16 8.25 121 0.032810 0.021286
17 8.75 87 -0.074253 0.033242
18 9.25 26 0.489615 0.196447
19 9.75 18 0.506667 0.308181
20 10.25 18 0.395556 0.258669
21 10.75 1 1.700000 0.000000
22 11.25 19 0.495263 0.172172
23 11.75 8 0.132500 0.544160
24 12.25 11 0.018182 0.140607
25 12.75 0 0.000000 0.000000
26 13.25 0 0.000000 0.000000
27 13.75 0 0.000000 0.000000
28 14.25 0 0.000000 0.000000
29 14.75 0 0.000000 0.000000
30 15.25 0 0.000000 0.000000
31 15.75 0 0.000000 0.000000
32 16.25 0 0.000000 0.000000
33 16.75 0 0.000000 0.000000
34 17.25 0 0.000000 0.000000
35 17.75 0 0.000000 0.000000
36 18.25 0 0.000000 0.000000
37 18.75 0 0.000000 0.000000
38 19.25 0 0.000000 0.000000
39 19.75 0 0.000000 0.000000

0 0.25 272 27.175846 0.011969
1 0.75 294 27.363605 0.011797
2 1.25 264 28.855227 0.011251
3 1.75 280 30.801964 0.012154
4 2.25 258 31.925504 0.014973
5 2.75 225 33.629378 0.016978
6 3.25 249 37.594137 0.024408
7 3.75 238 42.305252 0.023691
8 4.25 257 36.926148 0.018103
9 4.75 260 31.290423 0.015965
10 5.25 223 25.736413 0.017295
11 5.75 246 20.456748 0.013785
12 6.25 244 15.211639 0.013915
13 6.75 241 9.631037 0.013777
14 7.25 217 -0.169631 0.009718
15 7.75 132 0.059697 0.017799
16 8.25 102 -0.151471 0.026582
17 8.75 55 0.163091 0.055933
18 9.25 3 -0.070000 4.876918
19 9.75 18 -0.491111 0.287576
20 10.25 0 0.000000 0.000000
21 10.75 20 0.383500 0.142787
22 11.25 17 -0.433529 0.171556
23 11.75 3 0.363333 0.405138
24 12.25 0 0.000000 0.000000
25 12.75 0 0.000000 0.000000
26 13.25 0 0.000000 0.000000
27 13.75 0 0.000000 0.000000
28 14.25 0 0.000000 0.000000
29 14.75 0 0.000000 0.000000
30 15.25 0 0.000000 0.000000
31 15.75 0 0.000000 0.000000
32 16.25 0 0.000000 0.000000
33 16.75 0 0.000000 0.000000
34 17.25 0 0.000000 0.000000
35 17.75 0 0.000000 0.000000
36 18.25 0 0.000000 0.000000
37 18.75 0 0.000000 0.000000
38 19.25 0 0.000000 0.000000
39 19.75 0 0.000000 0.000000

0 0.25 273 27.179634 0.012540
1 0.75 272 27.460404 0.012448
2 1.25 262 28.990038 0.012359
3 1.75 281 30.924662 0.011814
4 2.25 220 32.468591 0.018501
5 2.75 237 33.886751 0.014833
6 3.25 249 37.503775 0.025565
7 3.75 242 42.561942 0.021190
8 4.25 258 36.954031 0.017496
9 4.75 231 31.543636 0.020968
10 5.25 228 26.362061 0.018853
11 5.75 247 20.571781 0.014194
12 6.25 235 14.999745 0.013995
13 6.75 241 9.568838 0.014143
14 7.25 225 0.010756 0.009190
15 7.75 165 0.108364 0.013587
16 8.25 128 -0.058047 0.019457
17 8.75 60 -0.274167 0.052816
18 9.25 26 -0.226154 0.195636
19 9.75 13 -0.233077 0.480784
20 10.25 6 -0.930000 1.438468
21 10.75 19 -0.336316 0.205148
22 11.25 0 0.000000 0.000000
23 11.75 19 -0.011053 0.088874
24 12.25 0 0.000000 0.000000
25 12.75 0 0.000000 0.000000
26 13.25 0 0.000000 0.000000
27 13.75 0 0.000000 0.000000
28 14.25 0 0.000000 0.000000
29 14.75 0 0.000000 0.000000
30 15.25 0 0.000000 0.000000
31 15.75 0 0.000000 0.000000
32 16.25 0 0.000000 0.000000
33 16.75 0 0.000000 0.000000
34 17.25 0 0.000000 0.000000
35 17.75 0 0.000000 0.000000
36 18.25 0 0.000000 0.000000
37 18.75 0 0.000000 0.000000
38 19.25 0 0.000000 0.000000
39 19.75 0 0.000000 0.000000

0 0.25 273 27.120696 0.012393
1 0.75 272 27.386581 0.013402
2 1.25 256 28.983906 0.011585
3 1.75 267 30.682247 0.012898
4 2.25 200 32.878550 0.019781
5 2.75 238 33.800336 0.015235
6 3.25 251 36.822351 0.025119
7 3.75 241 42.269959 0.020617
8 4.25 232 36.742543 0.020628
9 4.75 220 32.064000 0.021560
10 5.25 245 26.102122 0.016361
11 5.75 248 20.430524 0.014656
12 6.25 223 14.991300 0.014920
13 6.75 229 9.623275 0.014380
14 7.25 180 -0.126444 0.012056
15 7.75 145 0.129793 0.015777
16 8.25 79 0.031772 0.035069
17 8.75 19 0.104211 0.281207
18 9.25 17 0.089412 0.305994
19 9.75 0 0.000000 0.000000
20 10.25 16 -0.278750 0.262840
21 10.75 5 -0.750000 1.323995
22 11.25 11 0.808182 0.131089
23 11.75 0 0.000000 0.000000
24 12.25 0 0.000000 0.000000
25 12.75 0 0.000000 0.000000
26 13.25 0 0.000000 0.000000
27 13.75 0 0.000000 0.000000
28 14.25 0 0.000000 0.000000
29 14.75 0 0.000000 0.000000
30 15.25 0 0.000000 0.000000
31 15.75 0 0.000000 0.000000
32 16.25 0 0.000000 0.000000
33 16.75 0 0.000000 0.000000
34 17.25 0 0.000000 0.000000
35 17.75 0 0.000000 0.000000
36 18.25 0 0.000000 0.000000
37 18.75 0 0.000000 0.000000
38 19.25 0 0.000000 0.000000
39 19.75 0 0.000000 0.000000

0 0.25 274 27.148613 0.012246
1 0.75 276 27.324964 0.012823
2 1.25 259 29.197104 0.010286
3 1.75 239 30.792720 0.014623
4 2.25 201 32.392637 0.020733
5 2.75 241 33.486183 0.015286
6 3.25 242 37.588843 0.027989
7 3.75 231 42.354199 0.021339
8 4.25 226 36.701062 0.021667
9 4.75 222 31.402162 0.020712
10 5.25 245 26.050612 0.014961
11 5.75 216 20.339306 0.017479
12 6.25 227 15.263392 0.013824
13 6.75 232 9.627112 0.013853
14 7.25 210 0.093619 0.009672
15 7.75 151 0.094238 0.015214
16 8.25 88 0.078750 0.030615
17 8.75 60 -0.161000 0.051184
18 9.25 8 -0.005000 0.958795
19 9.75 8 -0.191250 0.868069
20 10.25 16 0.255625 0.248983
21 10.75 0 0.000000 0.000000
22 11.25 16 -0.003750 0.162331
23 11.75 0 0.000000 0.000000
24 12.25 0 0.000000 0.000000
25 12.75 0 0.000000 0.000000
26 13.25 0 0.000000 0.000000
27 13.75 0 0.000000 0.000000
28 14.25 0 0.000000 0.000000
29 14.75 0 0.000000 0.000000
30 15.25 0 0.000000 0.000000
31 15.75 0 0.000000 0.000000
32 16.25 0 0.000000 0.000000
33 16.75 0 0.000000 0.000000
34 17.25 0 0.000000 0.000000
35 17.75 0 0.000000 0.000000
36 18.25 0 0.000000 0.000000
37 18.75 0 0.000000 0.000000
38 19.25 0 0.000000 0.000000
39 19.75 0 0.000000 0.000000

0 0.25 276 26.980181 0.012894
1 0.75 269 27.473569 0.012765
2 1.25 268 29.328619 0.009386
3 1.75 210 30.780190 0.017899
4 2.25 204 32.363824 0.018172
5 2.75 241 33.597344 0.014624
6 3.25 237 38.273038 0.025403
7 3.75 210 42.200429 0.024615
8 4.25 225 36.928000 0.022112
9 4.75 224 31.330000 0.019203
10 5.25 235 25.504128 0.015002
11 5.75 203 20.584138 0.017911
12 6.25 230 15.391435 0.013945
13 6.75 222 9.773874 0.014354
14 7.25 226 0.068407 0.008592
15 7.75 174 0.121034 0.012465
16 8.25 119 0.136807 0.019495
17 8.75 81 0.000000 0.032031
18 9.25 9 0.658889 0.931718
19 9.75 16 -0.154375 0.306439
20 10.25 0 0.000000 0.000000
21 10.75 15 -0.050667 0.251166
22 11.25 8 0.020000 0.553464
23 11.75 8 0.020000 0.127163
24 12.25 0 0.000000 0.000000
25 12.75 0 0.000000 0.000000
26 13.25 0 0.000000 0.000000
27 13.75 0 0.000000 0.000000
28 14.25 0 0.000000 0.000000
29 14.75 0 0.000000 0.000000
30 15.25 0 0.000000 0.000000
31 15.75 0 0.000000 0.000000
32 16.25 0 0.000000 0.000000
33 16.75 0 0.000000 0.000000
34 17.25 0 0.000000 0.000000
35 17.75 0 0.000000 0.000000
36 18.25 0 0.000000 0.000000
37 18.75 0 0.000000 0.000000
38 19.25 0 0.000000 0.000000
39 19.75 0 0.000000 0.000000

0 0.25 278 27.038381 0.012038
1 0.75 263 27.684030 0.012881
2 1.25 279 29.313369 0.010197
3 1.75 182 31.435714 0.022684
4 2.25 205 32.243561 0.017962
5 2.75 241 33.789917 0.014066
6 3.25 211 38.621564 0.028424
7 3.75 209 42.877368 0.027944
8 4.25 213 36.992770 0.025340
9 4.75 240 31.638750 0.016087
10 5.25 213 26.036197 0.018109
11 5.75 213 20.820141 0.016497
12 6.25 239 15.022259 0.013660
13 6.75 204 9.181422 0.015993
14 7.25 188 0.170266 0.011417
15 7.75 123 -0.069024 0.020827
16 8.25 86 -0.229767 0.028517
17 8.75 20 -0.093500 0.269662
18 9.25 6 -0.535000 1.512446
19 9.75 15 -0.434667 0.328145
20 10.25 0 0.000000 0.000000
21 10.75 14 0.244286 0.205474
22 11.25 0 0.000000 0.000000
23 11.75 0 0.000000 0.000000
24 12.25 0 0.000000 0.000000
25 12.75 0 0.000000 0.000000
26 13.25 0 0.000000 0.000000
27 13.75 0 0.000000 0.000000
28 14.25 0 0.000000 0.000000
29 14.75 0 0.000000 0.000000
30 15.25 0 0.000000 0.000000
31 15.75 0 0.000000 0.000000
32 16.25 0 0.000000 0.000000
33 16.75 0 0.000000 0.000000
34 17.25 0 0.000000 0.000000
35 17.75 0 0.000000 0.000000
36 18.25 0 0.000000 0.000000
37 18.75 0 0.000000 0.000000
38 19.25 0 0.000000 0.000000
39 19.75 0 0.000000 0.000000

0 0.25 278 27.251942 0.011609
1 0.75 264 27.472614 0.013565
2 1.25 258 29.446395 0.010627
3 1.75 174 30.788161 0.023847
4 2.25 207 32.348116 0.017045
5 2.75 242 33.783182 0.016306
6 3.25 183 38.231858 0.035993
7 3.75 211 42.887725 0.025233
8 4.25 227 37.430000 0.021839
9 4.75 224 31.487143 0.018731
10 5.25 202 25.938218 0.020136
11 5.75 229 20.789214 0.015823
12 6.25 222 14.621802 0.014592
13 6.75 190 9.622737 0.017524
14 7.25 218 0.000367 0.009345
15 7.75 147 0.134694 0.014460
16 8.25 93 0.043226 0.029200
17 8.75 42 0.284286 0.090592
18 9.25 14 0.492143 0.415588
19 9.75 0 0.000000 0.000000
20 10.25 15 0.361333 0.241024
21 10.75 5 0.440000 1.520446
22 11.25 10 -0.625000 0.194103
23 11.75 0 0.000000 0.000000
24 12.25 0 0.000000 0.000000
25 12.75 0 0.000000 0.000000
26 13.25 0 0.000000 0.000000
27 13.75 0 0.000000 0.000000
28 14.25 0 0.000000 0.000000
29 14.75 0 0.000000 0.000000
30 15.25 0 0.000000 0.000000
31 15.75 0 0.000000 0.000000
32 16.25 0 0.000000 0.000000
33 16.75 0 0.000000 0.000000
34 17.25 0 0.000000 0.000000
35 17.75 0 0.000000 0.000000
36 18.25 0 0.000000 0.000000
37 18.75 0 0.000000 0.000000
38 19.25 0 0.000000 0.000000
39 19.75 0 0.000000 0.000000

0 0.25 280 27.391143 0.012033
1 0.75 268 27.959739 0.012369
2 1.25 228 29.856842 0.013636
3 1.75 175 31.136000 0.024494
4 2.25 208 32.345962 0.017034
5 2.75 229 33.973930 0.016597
6 3.25 180 37.282333 0.038232
7 3.75 228 42.688333 0.022760
8 4.25 228 36.707237 0.021174
9 4.75 199 31.171759 0.020839
10 5.25 201 26.015821 0.020193
11 5.75 228 20.540000 0.015236
12 6.25 182 15.088352 0.019105
13 6.75 216 9.975046 0.014299
14 7.25 170 -0.043941 0.013257
15 7.75 84 0.025357 0.032021
16 8.25 53 -0.132075 0.059771
17 8.75 0 0.000000 0.000000
18 9.25 13 -0.063077 0.390638
19 9.75 0 0.000000 0.000000
20 10.25 14 0.187857 0.214215
21 10.75 0 0.000000 0.000000
22 11.25 0 0.000000 0.000000
23 11.75 0 0.000000 0.000000
24 12.25 0 0.000000 0.000000
25 12.75 0 0.000000 0.000000
26 13.25 0 0.000000 0.000000
27 13.75 0 0.000000 0.000000
28 14.25 0 0.000000 0.000000
29 14.75 0 0.000000 0.000000
30 15.25 0 0.000000 0.000000
31 15.75 0 0.000000 0.000000
32 16.25 0 0.000000 0.000000
33 16.75 0 0.000000 0.000000
34 17.25 0 0.000000 0.000000
35 17.75 0 0.000000 0.000000
36 18.25 0 0.000000 0.000000
37 18.75 0 0.000000 0.000000
38 19.25 0 0.000000 0.000000
39 19.75 0 0.000000 0.000000

