# Interpolated Vertical Profile Reflectivity (VPR)
# Format: bin_index bin_center_height_km reflectivity_dBZ
# Height bins: 0-20 km in 0.5 km increments
# Bins 0-39: interpolated from 6-point VPR model
#
0 0.25 27.125000
1 0.75 27.820896
2 1.25 29.462687
3 1.75 31.104478
4 2.25 32.746269
5 2.75 34.388060
6 3.25 40.000000
7 3.75 40.000000
8 4.25 34.799419
9 4.75 29.721899
10 5.25 24.644380
11 5.75 19.566860
12 6.25 14.489341
13 6.75 9.411822
14 7.25 0.000000
15 7.75 0.000000
16 8.25 0.000000
17 8.75 0.000000
18 9.25 0.000000
19 9.75 0.000000
20 10.25 0.000000
21 10.75 0.000000
22 11.25 0.000000
23 11.75 0.000000
24 12.25 0.000000
25 12.75 0.000000
26 13.25 0.000000
27 13.75 0.000000
28 14.25 0.000000
29 14.75 0.000000
30 15.25 0.000000
31 15.75 0.000000
32 16.25 0.000000
33 16.75 0.000000
34 17.25 0.000000
35 17.75 0.000000
36 18.25 0.000000
37 18.75 0.000000
38 19.25 0.000000
39 19.75 0.000000

0 0.25 27.125000
1 0.75 27.820896
2 1.25 29.462687
3 1.75 31.104478
4 2.25 32.746269
5 2.75 34.388060
6 3.25 40.000000
7 3.75 40.000000
8 4.25 34.799419
9 4.75 29.721899
10 5.25 24.644380
11 5.75 19.566860
12 6.25 14.489341
13 6.75 9.411822
14 7.25 0.000000
15 7.75 0.000000
16 8.25 0.000000
17 8.75 0.000000
18 9.25 0.000000
19 9.75 0.000000
20 10.25 0.000000
21 10.75 0.000000
22 11.25 0.000000
23 11.75 0.000000
24 12.25 0.000000
25 12.75 0.000000
26 13.25 0.000000
27 13.75 0.000000
28 14.25 0.000000
29 14.75 0.000000
30 15.25 0.000000
31 15.75 0.000000
32 16.25 0.000000
33 16.75 0.000000
34 17.25 0.000000
35 17.75 0.000000
36 18.25 0.000000
37 18.75 0.000000
38 19.25 0.000000
39 19.75 0.000000

0 0.25 27.125000
1 0.75 27.820896
2 1.25 29.462687
3 1.75 31.104478
4 2.25 32.746269
5 2.75 34.388060
6 3.25 40.000000
7 3.75 40.000000
8 4.25 34.799419
9 4.75 29.721899
10 5.25 24.644380
11 5.75 19.566860
12 6.25 14.489341
13 6.75 9.411822
14 7.25 0.000000
15 7.75 0.000000
16 8.25 0.000000
17 8.75 0.000000
18 9.25 0.000000
19 9.75 0.000000
20 10.25 0.000000
21 10.75 0.000000
22 11.25 0.000000
23 11.75 0.000000
24 12.25 0.000000
25 12.75 0.000000
26 13.25 0.000000
27 13.75 0.000000
28 14.25 0.000000
29 14.75 0.000000
30 15.25 0.000000
31 15.75 0.000000
32 16.25 0.000000
33 16.75 0.000000
34 17.25 0.000000
35 17.75 0.000000
36 18.25 0.000000
37 18.75 0.000000
38 19.25 0.000000
39 19.75 0.000000

0 0.25 27.125000
1 0.75 27.820896
2 1.25 29.462687
3 1.75 31.104478
4 2.25 32.746269
5 2.75 34.388060
6 3.25 40.000000
7 3.75 40.000000
8 4.25 34.799419
9 4.75 29.721899
10 5.25 24.644380
11 5.75 19.566860
12 6.25 14.489341
13 6.75 9.411822
14 7.25 0.000000
15 7.75 0.000000
16 8.25 0.000000
17 8.75 0.000000
18 9.25 0.000000
19 9.75 0.000000
20 10.25 0.000000
21 10.75 0.000000
22 11.25 0.000000
23 11.75 0.000000
24 12.25 0.000000
25 12.75 0.000000
26 13.25 0.000000
27 13.75 0.000000
28 14.25 0.000000
29 14.75 0.000000
30 15.25 0.000000
31 15.75 0.000000
32 16.25 0.000000
33 16.75 0.000000
34 17.25 0.000000
35 17.75 0.000000
36 18.25 0.000000
37 18.75 0.000000
38 19.25 0.000000
39 19.75 0.000000

0 0.25 27.125000
1 0.75 27.820896
2 1.25 29.462687
3 1.75 31.104478
4 2.25 32.746269
5 2.75 34.388060
6 3.25 40.000000
7 3.75 40.000000
8 4.25 34.799419
9 4.75 29.721899
10 5.25 24.644380
11 5.75 19.566860
12 6.25 14.489341
13 6.75 9.411822
14 7.25 0.000000
15 7.75 0.000000
16 8.25 0.000000
17 8.75 0.000000
18 9.25 0.000000
19 9.75 0.000000
20 10.25 0.000000
21 10.75 0.000000
22 11.25 0.000000
23 11.75 0.000000
24 12.25 0.000000
25 12.75 0.000000
26 13.25 0.000000
27 13.75 0.000000
28 14.25 0.000000
29 14.75 0.000000
30 15.25 0.000000
31 15.75 0.000000
32 16.25 0.000000
33 16.75 0.000000
34 17.25 0.000000
35 17.75 0.000000
36 18.25 0.000000
37 18.75 0.000000
38 19.25 0.000000
39 19.75 0.000000

0 0.25 27.125000
1 0.75 27.820896
2 1.25 29.462687
3 1.75 31.104478
4 2.25 32.746269
5 2.75 34.388060
6 3.25 40.000000
7 3.75 40.000000
8 4.25 34.799419
9 4.75 29.721899
10 5.25 24.644380
11 5.75 19.566860
12 6.25 14.489341
13 6.75 9.411822
14 7.25 0.000000
15 7.75 0.000000
16 8.25 0.000000
17 8.75 0.000000
18 9.25 0.000000
19 9.75 0.000000
20 10.25 0.000000
21 10.75 0.000000
22 11.25 0.000000
23 11.75 0.000000
24 12.25 0.000000
25 12.75 0.000000
26 13.25 0.000000
27 13.75 0.000000
28 14.25 0.000000
29 14.75 0.000000
30 15.25 0.000000
31 15.75 0.000000
32 16.25 0.000000
33 16.75 0.000000
34 17.25 0.000000
35 17.75 0.000000
36 18.25 0.000000
37 18.75 0.000000
38 19.25 0.000000
39 19.75 0.000000

0 0.25 27.125000
1 0.75 27.820896
2 1.25 29.462687
3 1.75 31.104478
4 2.25 32.746269
5 2.75 34.388060
6 3.25 40.000000
7 3.75 40.000000
8 4.25 34.799419
9 4.75 29.721899
10 5.25 24.644380
11 5.75 19.566860
12 6.25 14.489341
13 6.75 9.411822
14 7.25 0.000000
15 7.75 0.000000
16 8.25 0.000000
17 8.75 0.000000
18 9.25 0.000000
19 9.75 0.000000
20 10.25 0.000000
21 10.75 0.000000
22 11.25 0.000000
23 11.75 0.000000
24 12.25 0.000000
25 12.75 0.000000
26 13.25 0.000000
27 13.75 0.000000
28 14.25 0.000000
29 14.75 0.000000
30 15.25 0.000000
31 15.75 0.000000
32 16.25 0.000000
33 16.75 0.000000
34 17.25 0.000000
35 17.75 0.000000
36 18.25 0.000000
37 18.75 0.000000
38 19.25 0.000000
39 19.75 0.000000

0 0.25 27.125000
1 0.75 27.820896
2 1.25 29.462687
3 1.75 31.104478
4 2.25 32.746269
5 2.75 34.388060
6 3.25 40.000000
7 3.75 40.000000
8 4.25 34.799419
9 4.75 29.721899
10 5.25 24.644380
11 5.75 19.566860
12 6.25 14.489341
13 6.75 9.411822
14 7.25 0.000000
15 7.75 0.000000
16 8.25 0.000000
17 8.75 0.000000
18 9.25 0.000000
19 9.75 0.000000
20 10.25 0.000000
21 10.75 0.000000
22 11.25 0.000000
23 11.75 0.000000
24 12.25 0.000000
25 12.75 0.000000
26 13.25 0.000000
27 13.75 0.000000
28 14.25 0.000000
29 14.75 0.000000
30 15.25 0.000000
31 15.75 0.000000
32 16.25 0.000000
33 16.75 0.000000
34 17.25 0.000000
35 17.75 0.000000
36 18.25 0.000000
37 18.75 0.000000
38 19.25 0.000000
39 19.75 0.000000

0 0.25 27.125000
1 0.75 27.820896
2 1.25 29.462687
3 1.75 31.104478
4 2.25 32.746269
5 2.75 34.388060
6 3.25 40.000000
7 3.75 40.000000
8 4.25 34.799419
9 4.75 29.721899
10 5.25 24.644380
11 5.75 19.566860
12 6.25 14.489341
13 6.75 9.411822
14 7.25 0.000000
15 7.75 0.000000
16 8.25 0.000000
17 8.75 0.000000
18 9.25 0.000000
19 9.75 0.000000
20 10.25 0.000000
21 10.75 0.000000
22 11.25 0.000000
23 11.75 0.000000
24 12.25 0.000000
25 12.75 0.000000
26 13.25 0.000000
27 13.75 0.000000
28 14.25 0.000000
29 14.75 0.000000
30 15.25 0.000000
31 15.75 0.000000
32 16.25 0.000000
33 16.75 0.000000
34 17.25 0.000000
35 17.75 0.000000
36 18.25 0.000000
37 18.75 0.000000
38 19.25 0.000000
39 19.75 0.000000

0 0.25 27.125000
1 0.75 27.820896
2 1.25 29.462687
3 1.75 31.104478
4 2.25 32.746269
5 2.75 34.388060
6 3.25 40.000000
7 3.75 40.000000
8 4.25 34.799419
9 4.75 29.721899
10 5.25 24.644380
11 5.75 19.566860
12 6.25 14.489341
13 6.75 9.411822
14 7.25 0.000000
15 7.75 0.000000
16 8.25 0.000000
17 8.75 0.000000
18 9.25 0.000000
19 9.75 0.000000
20 10.25 0.000000
21 10.75 0.000000
22 11.25 0.000000
23 11.75 0.000000
24 12.25 0.000000
25 12.75 0.000000
26 13.25 0.000000
27 13.75 0.000000
28 14.25 0.000000
29 14.75 0.000000
30 15.25 0.000000
31 15.75 0.000000
32 16.25 0.000000
33 16.75 0.000000
34 17.25 0.000000
35 17.75 0.000000
36 18.25 0.000000
37 18.75 0.000000
38 19.25 0.000000
39 19.75 0.000000

0 0.25 27.125000
1 0.75 27.820896
2 1.25 29.462687
3 1.75 31.104478
4 2.25 32.746269
5 2.75 34.388060
6 3.25 40.000000
7 3.75 40.000000
8 4.25 34.799419
9 4.75 29.721899
10 5.25 24.644380
11 5.75 19.566860
12 6.25 14.489341
13 6.75 9.411822
14 7.25 0.000000
15 7.75 0.000000
16 8.25 0.000000
17 8.75 0.000000
18 9.25 0.000000
19 9.75 0.000000
20 10.25 0.000000
21 10.75 0.000000
22 11.25 0.000000
23 11.75 0.000000
24 12.25 0.000000
25 12.75 0.000000
26 13.25 0.000000
27 13.75 0.000000
28 14.25 0.000000
29 14.75 0.000000
30 15.25 0.000000
31 15.75 0.000000
32 16.25 0.000000
33 16.75 0.000000
34 17.25 0.000000
35 17.75 0.000000
36 18.25 0.000000
37 18.75 0.000000
38 19.25 0.000000
39 19.75 0.000000

0 0.25 27.124513
1 0.75 27.820462
2 1.25 29.462550
3 1.75 31.104637
4 2.25 32.746725
5 2.75 34.388813
6 3.25 40.000278
7 3.75 40.000944
8 4.25 34.799950
9 4.75 29.722952
10 5.25 24.645953
11 5.75 19.568955
12 6.25 14.491957
13 6.75 9.414959
14 7.25 0.000000
15 7.75 0.000000
16 8.25 0.000000
17 8.75 0.000000
18 9.25 0.000000
19 9.75 0.000000
20 10.25 0.000000
21 10.75 0.000000
22 11.25 0.000000
23 11.75 0.000000
24 12.25 0.000000
25 12.75 0.000000
26 13.25 0.000000
27 13.75 0.000000
28 14.25 0.000000
29 14.75 0.000000
30 15.25 0.000000
31 15.75 0.000000
32 16.25 0.000000
33 16.75 0.000000
34 17.25 0.000000
35 17.75 0.000000
36 18.25 0.000000
37 18.75 0.000000
38 19.25 0.000000
39 19.75 0.000000

0 0.25 26.880762
1 0.75 27.600106
2 1.25 29.391044
3 1.75 31.181983
4 2.25 32.972921
5 2.75 34.763859
6 3.25 40.134470
7 3.75 40.454380
8 4.25 35.039243
9 4.75 30.212380
10 5.25 25.385518
11 5.75 20.558656
12 6.25 15.731794
13 6.75 10.904932
14 7.25 0.000000
15 7.75 0.000000
16 8.25 0.000000
17 8.75 0.000000
18 9.25 0.000000
19 9.75 0.000000
20 10.25 0.000000
21 10.75 0.000000
22 11.25 0.000000
23 11.75 0.000000
24 12.25 0.000000
25 12.75 0.000000
26 13.25 0.000000
27 13.75 0.000000
28 14.25 0.000000
29 14.75 0.000000
30 15.25 0.000000
31 15.75 0.000000
32 16.25 0.000000
33 16.75 0.000000
34 17.25 0.000000
35 17.75 0.000000
36 18.25 0.000000
37 18.75 0.000000
38 19.25 0.000000
39 19.75 0.000000

0 0.25 26.637013
1 0.75 27.372598
2 1.25 29.313030
3 1.75 31.253462
4 2.25 33.193895
5 2.75 35.134327
6 3.25 40.260244
7 3.75 40.874143
8 4.25 35.228804
9 4.75 30.633025
10 5.25 26.037247
11 5.75 21.441468
12 6.25 16.845690
13 6.75 12.249911
14 7.25 7.654132
15 7.75 0.000000
16 8.25 0.000000
17 8.75 0.000000
18 9.25 0.000000
19 9.75 0.000000
20 10.25 0.000000
21 10.75 0.000000
22 11.25 0.000000
23 11.75 0.000000
24 12.25 0.000000
25 12.75 0.000000
26 13.25 0.000000
27 13.75 0.000000
28 14.25 0.000000
29 14.75 0.000000
30 15.25 0.000000
31 15.75 0.000000
32 16.25 0.000000
33 16.75 0.000000
34 17.25 0.000000
35 17.75 0.000000
36 18.25 0.000000
37 18.75 0.000000
38 19.25 0.000000
39 19.75 0.000000

0 0.25 26.393263
1 0.75 27.137677
2 1.25 29.227752
3 1.75 31.317827
4 2.25 33.407901
5 2.75 35.497976
6 3.25 40.378802
7 3.75 41.265041
8 4.25 35.372310
9 4.75 30.990937
10 5.25 26.609564
11 5.75 22.228191
12 6.25 17.846819
13 6.75 13.465446
14 7.25 9.084073
15 7.75 0.000000
16 8.25 0.000000
17 8.75 0.000000
18 9.25 0.000000
19 9.75 0.000000
20 10.25 0.000000
21 10.75 0.000000
22 11.25 0.000000
23 11.75 0.000000
24 12.25 0.000000
25 12.75 0.000000
26 13.25 0.000000
27 13.75 0.000000
28 14.25 0.000000
29 14.75 0.000000
30 15.25 0.000000
31 15.75 0.000000
32 16.25 0.000000
33 16.75 0.000000
34 17.25 0.000000
35 17.75 0.000000
36 18.25 0.000000
37 18.75 0.000000
38 19.25 0.000000
39 19.75 0.000000

0 0.25 26.149513
1 0.75 26.895135
2 1.25 29.134504
3 1.75 31.373872
4 2.25 33.613240
5 2.75 35.852608
6 3.25 40.491128
7 3.75 41.631012
8 4.25 35.472774
9 4.75 31.291136
10 5.25 27.109498
11 5.75 22.927860
12 6.25 18.746222
13 6.75 14.564583
14 7.25 10.382945
15 7.75 0.000000
16 8.25 0.000000
17 8.75 0.000000
18 9.25 0.000000
19 9.75 0.000000
20 10.25 0.000000
21 10.75 0.000000
22 11.25 0.000000
23 11.75 0.000000
24 12.25 0.000000
25 12.75 0.000000
26 13.25 0.000000
27 13.75 0.000000
28 14.25 0.000000
29 14.75 0.000000
30 15.25 0.000000
31 15.75 0.000000
32 16.25 0.000000
33 16.75 0.000000
34 17.25 0.000000
35 17.75 0.000000
36 18.25 0.000000
37 18.75 0.000000
38 19.25 0.000000
39 19.75 0.000000

0 0.25 25.905763
1 0.75 26.644813
2 1.25 29.032633
3 1.75 31.420453
4 2.25 33.808273
5 2.75 36.196093
6 3.25 40.598035
7 3.75 41.975307
8 4.25 35.532671
9 4.75 31.537804
10 5.25 27.542937
11 5.75 23.548070
12 6.25 19.553203
13 6.75 15.558336
14 7.25 11.563470
15 7.75 7.568603
16 8.25 0.000000
17 8.75 0.000000
18 9.25 0.000000
19 9.75 0.000000
20 10.25 0.000000
21 10.75 0.000000
22 11.25 0.000000
23 11.75 0.000000
24 12.25 0.000000
25 12.75 0.000000
26 13.25 0.000000
27 13.75 0.000000
28 14.25 0.000000
29 14.75 0.000000
30 15.25 0.000000
31 15.75 0.000000
32 16.25 0.000000
33 16.75 0.000000
34 17.25 0.000000
35 17.75 0.000000
36 18.25 0.000000
37 18.75 0.000000
38 19.25 0.000000
39 19.75 0.000000

0 0.25 25.662012
1 0.75 26.386604
2 1.25 28.921550
3 1.75 31.456497
4 2.25 33.991443
5 2.75 36.526389
6 3.25 40.700200
7 3.75 42.300633
8 4.25 35.554025
9 4.75 31.734429
10 5.25 27.914833
11 5.75 24.095237
12 6.25 20.275642
13 6.75 16.456046
14 7.25 12.636450
15 7.75 8.816854
16 8.25 0.000000
17 8.75 0.000000
18 9.25 0.000000
19 9.75 0.000000
20 10.25 0.000000
21 10.75 0.000000
22 11.25 0.000000
23 11.75 0.000000
24 12.25 0.000000
25 12.75 0.000000
26 13.25 0.000000
27 13.75 0.000000
28 14.25 0.000000
29 14.75 0.000000
30 15.25 0.000000
31 15.75 0.000000
32 16.25 0.000000
33 16.75 0.000000
34 17.25 0.000000
35 17.75 0.000000
36 18.25 0.000000
37 18.75 0.000000
38 19.25 0.000000
39 19.75 0.000000

0 0.25 25.418263
1 0.75 26.120456
2 1.25 28.800734
3 1.75 31.481011
4 2.25 34.161289
5 2.75 36.841567
6 3.25 40.798192
7 3.75 42.609269
8 4.25 35.538487
9 4.75 31.883924
10 5.25 28.229360
11 5.75 24.574796
12 6.25 20.920233
13 6.75 17.265669
14 7.25 13.611106
15 7.75 9.956542
16 8.25 0.000000
17 8.75 0.000000
18 9.25 0.000000
19 9.75 0.000000
20 10.25 0.000000
21 10.75 0.000000
22 11.25 0.000000
23 11.75 0.000000
24 12.25 0.000000
25 12.75 0.000000
26 13.25 0.000000
27 13.75 0.000000
28 14.25 0.000000
29 14.75 0.000000
30 15.25 0.000000
31 15.75 0.000000
32 16.25 0.000000
33 16.75 0.000000
34 17.25 0.000000
35 17.75 0.000000
36 18.25 0.000000
37 18.75 0.000000
38 19.25 0.000000
39 19.75 0.000000

0 0.25 25.174513
1 0.75 25.846368
2 1.25 28.669733
3 1.75 31.493098
4 2.25 34.316463
5 2.75 37.139827
6 3.25 40.892493
7 3.75 42.903138
8 4.25 35.487394
9 4.75 31.988717
10 5.25 28.490040
11 5.75 24.991363
12 6.25 21.492686
13 6.75 17.994009
14 7.25 14.495332
15 7.75 10.996655
16 8.25 7.497978
17 8.75 0.000000
18 9.25 0.000000
19 9.75 0.000000
20 10.25 0.000000
21 10.75 0.000000
22 11.25 0.000000
23 11.75 0.000000
24 12.25 0.000000
25 12.75 0.000000
26 13.25 0.000000
27 13.75 0.000000
28 14.25 0.000000
29 14.75 0.000000
30 15.25 0.000000
31 15.75 0.000000
32 16.25 0.000000
33 16.75 0.000000
34 17.25 0.000000
35 17.75 0.000000
36 18.25 0.000000
37 18.75 0.000000
38 19.25 0.000000
39 19.75 0.000000

0 0.25 24.930763
1 0.75 25.564392
2 1.25 28.528173
3 1.75 31.491955
4 2.25 34.455736
5 2.75 37.419518
6 3.25 40.983512
7 3.75 43.183883
8 4.25 35.850944
9 4.75 32.050830
10 5.25 28.699847
11 5.75 25.348865
12 6.25 21.997882
13 6.75 18.646899
14 7.25 15.295916
15 7.75 11.944934
16 8.25 8.593951
17 8.75 0.000000
18 9.25 0.000000
19 9.75 0.000000
20 10.25 0.000000
21 10.75 0.000000
22 11.25 0.000000
23 11.75 0.000000
24 12.25 0.000000
25 12.75 0.000000
26 13.25 0.000000
27 13.75 0.000000
28 14.25 0.000000
29 14.75 0.000000
30 15.25 0.000000
31 15.75 0.000000
32 16.25 0.000000
33 16.75 0.000000
34 17.25 0.000000
35 17.75 0.000000
36 18.25 0.000000
37 18.75 0.000000
38 19.25 0.000000
39 19.75 0.000000

0 0.25 24.687012
1 0.75 25.274627
2 1.25 28.375757
3 1.75 31.476887
4 2.25 34.578017
5 2.75 37.679146
6 3.25 41.071602
7 3.75 43.452908
8 4.25 36.310418
9 4.75 32.071934
10 5.25 28.861288
11 5.75 25.650642
12 6.25 22.439996
13 6.75 19.229350
14 7.25 16.018704
15 7.75 12.808058
16 8.25 9.597413
17 8.75 0.000000
18 9.25 0.000000
19 9.75 0.000000
20 10.25 0.000000
21 10.75 0.000000
22 11.25 0.000000
23 11.75 0.000000
24 12.25 0.000000
25 12.75 0.000000
26 13.25 0.000000
27 13.75 0.000000
28 14.25 0.000000
29 14.75 0.000000
30 15.25 0.000000
31 15.75 0.000000
32 16.25 0.000000
33 16.75 0.000000
34 17.25 0.000000
35 17.75 0.000000
36 18.25 0.000000
37 18.75 0.000000
38 19.25 0.000000
39 19.75 0.000000

0 0.25 24.443262
1 0.75 24.977223
2 1.25 28.212265
3 1.75 31.447307
4 2.25 34.682349
5 2.75 37.917391
6 3.25 41.157065
7 3.75 43.711427
8 4.25 36.746252
9 4.75 32.053399
10 5.25 28.976468
11 5.75 25.899537
12 6.25 22.822606
13 6.75 19.745675
14 7.25 16.668743
15 7.75 13.591812
16 8.25 10.514881
17 8.75 7.437950
18 9.25 0.000000
19 9.75 0.000000
20 10.25 0.000000
21 10.75 0.000000
22 11.25 0.000000
23 11.75 0.000000
24 12.25 0.000000
25 12.75 0.000000
26 13.25 0.000000
27 13.75 0.000000
28 14.25 0.000000
29 14.75 0.000000
30 15.25 0.000000
31 15.75 0.000000
32 16.25 0.000000
33 16.75 0.000000
34 17.25 0.000000
35 17.75 0.000000
36 18.25 0.000000
37 18.75 0.000000
38 19.25 0.000000
39 19.75 0.000000

0 0.25 24.200402
1 0.75 24.673354
2 1.25 28.038294
3 1.75 31.403234
4 2.25 34.768174
5 2.75 38.133114
6 3.25 41.498054
7 3.75 43.960394
8 4.25 37.160586
9 4.75 31.996528
10 5.25 29.047085
11 5.75 26.097642
12 6.25 23.148200
13 6.75 20.198757
14 7.25 17.249314
15 7.75 14.299871
16 8.25 11.350428
17 8.75 8.400985
18 9.25 0.000000
19 9.75 0.000000
20 10.25 0.000000
21 10.75 0.000000
22 11.25 0.000000
23 11.75 0.000000
24 12.25 0.000000
25 12.75 0.000000
26 13.25 0.000000
27 13.75 0.000000
28 14.25 0.000000
29 14.75 0.000000
30 15.25 0.000000
31 15.75 0.000000
32 16.25 0.000000
33 16.75 0.000000
34 17.25 0.000000
35 17.75 0.000000
36 18.25 0.000000
37 18.75 0.000000
38 19.25 0.000000
39 19.75 0.000000

0 0.25 24.401653
1 0.75 24.857560
2 1.25 28.227781
3 1.75 31.598003
4 2.25 34.968225
5 2.75 38.338446
6 3.25 41.708668
7 3.75 44.155682
8 4.25 37.449984
9 4.75 32.017122
10 5.25 29.065249
11 5.75 26.113376
12 6.25 23.161503
13 6.75 20.209631
14 7.25 17.257758
15 7.75 14.305885
16 8.25 11.354012
17 8.75 8.402140
18 9.25 0.000000
19 9.75 0.000000
20 10.25 0.000000
21 10.75 0.000000
22 11.25 0.000000
23 11.75 0.000000
24 12.25 0.000000
25 12.75 0.000000
26 13.25 0.000000
27 13.75 0.000000
28 14.25 0.000000
29 14.75 0.000000
30 15.25 0.000000
31 15.75 0.000000
32 16.25 0.000000
33 16.75 0.000000
34 17.25 0.000000
35 17.75 0.000000
36 18.25 0.000000
37 18.75 0.000000
38 19.25 0.000000
39 19.75 0.000000

0 0.25 24.602902
1 0.75 25.041627
2 1.25 28.416683
3 1.75 31.791739
4 2.25 35.166795
5 2.75 38.541851
6 3.25 41.916907
7 3.75 44.348074
8 4.25 37.732867
9 4.75 32.039510
10 5.25 29.084996
11 5.75 26.130481
12 6.25 23.175967
13 6.75 20.221452
14 7.25 17.266938
15 7.75 14.312423
16 8.25 11.357909
17 8.75 8.403394
18 9.25 0.000000
19 9.75 0.000000
20 10.25 0.000000
21 10.75 0.000000
22 11.25 0.000000
23 11.75 0.000000
24 12.25 0.000000
25 12.75 0.000000
26 13.25 0.000000
27 13.75 0.000000
28 14.25 0.000000
29 14.75 0.000000
30 15.25 0.000000
31 15.75 0.000000
32 16.25 0.000000
33 16.75 0.000000
34 17.25 0.000000
35 17.75 0.000000
36 18.25 0.000000
37 18.75 0.000000
38 19.25 0.000000
39 19.75 0.000000

0 0.25 24.804152
1 0.75 25.225564
2 1.25 28.605011
3 1.75 31.984458
4 2.25 35.363905
5 2.75 38.743352
6 3.25 42.122799
7 3.75 44.537735
8 4.25 38.009604
9 4.75 32.063760
10 5.25 29.106384
11 5.75 26.149008
12 6.25 23.191632
13 6.75 20.234257
14 7.25 17.276881
15 7.75 14.319505
16 8.25 11.362129
17 8.75 8.404753
18 9.25 0.000000
19 9.75 0.000000
20 10.25 0.000000
21 10.75 0.000000
22 11.25 0.000000
23 11.75 0.000000
24 12.25 0.000000
25 12.75 0.000000
26 13.25 0.000000
27 13.75 0.000000
28 14.25 0.000000
29 14.75 0.000000
30 15.25 0.000000
31 15.75 0.000000
32 16.25 0.000000
33 16.75 0.000000
34 17.25 0.000000
35 17.75 0.000000
36 18.25 0.000000
37 18.75 0.000000
38 19.25 0.000000
39 19.75 0.000000

0 0.25 25.005402
1 0.75 25.409378
2 1.25 28.792777
3 1.75 32.176177
4 2.25 35.559576
5 2.75 38.942976
6 3.25 42.326375
7 3.75 44.724816
8 4.25 38.280536
9 4.75 32.089941
10 5.25 29.129476
11 5.75 26.169011
12 6.25 23.208546
13 6.75 20.248081
14 7.25 17.287616
15 7.75 14.327151
16 8.25 11.366686
17 8.75 8.406221
18 9.25 0.000000
19 9.75 0.000000
20 10.25 0.000000
21 10.75 0.000000
22 11.25 0.000000
23 11.75 0.000000
24 12.25 0.000000
25 12.75 0.000000
26 13.25 0.000000
27 13.75 0.000000
28 14.25 0.000000
29 14.75 0.000000
30 15.25 0.000000
31 15.75 0.000000
32 16.25 0.000000
33 16.75 0.000000
34 17.25 0.000000
35 17.75 0.000000
36 18.25 0.000000
37 18.75 0.000000
38 19.25 0.000000
39 19.75 0.000000

0 0.25 25.206653
1 0.75 25.593077
2 1.25 28.979995
3 1.75 32.366913
4 2.25 35.753831
5 2.75 39.140750
6 3.25 42.527668
7 3.75 44.909458
8 4.25 38.545980
9 4.75 32.182502
10 5.25 29.154338
11 5.75 26.190547
12 6.25 23.226756
13 6.75 20.262965
14 7.25 17.299174
15 7.75 14.335383
16 8.25 11.371592
17 8.75 8.407801
18 9.25 0.000000
19 9.75 0.000000
20 10.25 0.000000
21 10.75 0.000000
22 11.25 0.000000
23 11.75 0.000000
24 12.25 0.000000
25 12.75 0.000000
26 13.25 0.000000
27 13.75 0.000000
28 14.25 0.000000
29 14.75 0.000000
30 15.25 0.000000
31 15.75 0.000000
32 16.25 0.000000
33 16.75 0.000000
34 17.25 0.000000
35 17.75 0.000000
36 18.25 0.000000
37 18.75 0.000000
38 19.25 0.000000
39 19.75 0.000000

0 0.25 25.407902
1 0.75 25.776668
2 1.25 29.166677
3 1.75 32.556687
4 2.25 35.946696
5 2.75 39.336705
6 3.25 42.726715
7 3.75 45.091791
8 4.25 38.806230
9 4.75 32.520669
10 5.25 29.181043
11 5.75 26.213679
12 6.25 23.246316
13 6.75 20.278952
14 7.25 17.311589
15 7.75 14.344225
16 8.25 11.376861
17 8.75 8.409498
18 9.25 0.000000
19 9.75 0.000000
20 10.25 0.000000
21 10.75 0.000000
22 11.25 0.000000
23 11.75 0.000000
24 12.25 0.000000
25 12.75 0.000000
26 13.25 0.000000
27 13.75 0.000000
28 14.25 0.000000
29 14.75 0.000000
30 15.25 0.000000
31 15.75 0.000000
32 16.25 0.000000
33 16.75 0.000000
34 17.25 0.000000
35 17.75 0.000000
36 18.25 0.000000
37 18.75 0.000000
38 19.25 0.000000
39 19.75 0.000000

0 0.25 25.609152
1 0.75 25.960158
2 1.25 29.352838
3 1.75 32.745517
4 2.25 36.138196
5 2.75 39.530876
6 3.25 42.923555
7 3.75 45.271937
8 4.25 39.061559
9 4.75 32.851180
10 5.25 29.209667
11 5.75 26.238474
12 6.25 23.267281
13 6.75 20.296088
14 7.25 17.324895
15 7.75 14.353702
16 8.25 11.382509
17 8.75 8.411317
18 9.25 0.000000
19 9.75 0.000000
20 10.25 0.000000
21 10.75 0.000000
22 11.25 0.000000
23 11.75 0.000000
24 12.25 0.000000
25 12.75 0.000000
26 13.25 0.000000
27 13.75 0.000000
28 14.25 0.000000
29 14.75 0.000000
30 15.25 0.000000
31 15.75 0.000000
32 16.25 0.000000
33 16.75 0.000000
34 17.25 0.000000
35 17.75 0.000000
36 18.25 0.000000
37 18.75 0.000000
38 19.25 0.000000
39 19.75 0.000000

0 0.25 25.810403
1 0.75 26.143556
2 1.25 29.538491
3 1.75 32.933425
4 2.25 36.328360
5 2.75 39.723295
6 3.25 43.118230
7 3.75 45.450009
8 4.25 39.312221
9 4.75 33.174433
10 5.25 29.240292
11 5.75 26.265002
12 6.25 23.289712
13 6.75 20.314422
14 7.25 17.339132
15 7.75 14.363843
16 8.25 11.388553
17 8.75 8.413263
18 9.25 0.000000
19 9.75 0.000000
20 10.25 0.000000
21 10.75 0.000000
22 11.25 0.000000
23 11.75 0.000000
24 12.25 0.000000
25 12.75 0.000000
26 13.25 0.000000
27 13.75 0.000000
28 14.25 0.000000
29 14.75 0.000000
30 15.25 0.000000
31 15.75 0.000000
32 16.25 0.000000
33 16.75 0.000000
34 17.25 0.000000
35 17.75 0.000000
36 18.25 0.000000
37 18.75 0.000000
38 19.25 0.000000
39 19.75 0.000000

0 0.25 26.011653
1 0.75 26.326867
2 1.25 29.723651
3 1.75 33.120434
4 2.25 36.517218
5 2.75 39.914001
6 3.25 43.310784
7 3.75 45.626113
8 4.25 39.558454
9 4.75 33.490796
10 5.25 29.273008
11 5.75 26.293341
12 6.25 23.313675
13 6.75 20.334008
14 7.25 17.354341
15 7.75 14.374675
16 8.25 11.395008
17 8.75 8.415342
18 9.25 0.000000
19 9.75 0.000000
20 10.25 0.000000
21 10.75 0.000000
22 11.25 0.000000
23 11.75 0.000000
24 12.25 0.000000
25 12.75 0.000000
26 13.25 0.000000
27 13.75 0.000000
28 14.25 0.000000
29 14.75 0.000000
30 15.25 0.000000
31 15.75 0.000000
32 16.25 0.000000
33 16.75 0.000000
34 17.25 0.000000
35 17.75 0.000000
36 18.25 0.000000
37 18.75 0.000000
38 19.25 0.000000
39 19.75 0.000000

0 0.25 26.220152
1 0.75 26.517419
2 1.25 29.914445
3 1.75 33.311471
4 2.25 36.708497
5 2.75 40.105523
6 3.25 43.502549
7 3.75 45.800300
8 4.25 39.799967
9 4.75 33.799633
10 5.25 29.307707
11 5.75 26.323132
12 6.25 23.338557
13 6.75 20.353983
14 7.25 17.369408
15 7.75 14.384833
16 8.25 11.400258
17 8.75 8.415683
18 9.25 0.000000
19 9.75 0.000000
20 10.25 0.000000
21 10.75 0.000000
22 11.25 0.000000
23 11.75 0.000000
24 12.25 0.000000
25 12.75 0.000000
26 13.25 0.000000
27 13.75 0.000000
28 14.25 0.000000
29 14.75 0.000000
30 15.25 0.000000
31 15.75 0.000000
32 16.25 0.000000
33 16.75 0.000000
34 17.25 0.000000
35 17.75 0.000000
36 18.25 0.000000
37 18.75 0.000000
38 19.25 0.000000
39 19.75 0.000000

0 0.25 30.046194
1 0.75 30.343247
2 1.25 33.145571
3 1.75 35.947895
4 2.25 38.750220
5 2.75 41.552544
6 3.25 44.354869
7 3.75 45.944479
8 4.25 39.770203
9 4.75 33.595927
10 5.25 29.227307
11 5.75 26.114674
12 6.25 23.002042
13 6.75 19.889410
14 7.25 16.776778
15 7.75 13.664146
16 8.25 10.551513
17 8.75 7.438881
18 9.25 0.000000
19 9.75 0.000000
20 10.25 0.000000
21 10.75 0.000000
22 11.25 0.000000
23 11.75 0.000000
24 12.25 0.000000
25 12.75 0.000000
26 13.25 0.000000
27 13.75 0.000000
28 14.25 0.000000
29 14.75 0.000000
30 15.25 0.000000
31 15.75 0.000000
32 16.25 0.000000
33 16.75 0.000000
34 17.25 0.000000
35 17.75 0.000000
36 18.25 0.000000
37 18.75 0.000000
38 19.25 0.000000
39 19.75 0.000000

0 0.25 33.872235
1 0.75 34.137186
2 1.25 36.358258
3 1.75 38.579330
4 2.25 40.800402
5 2.75 43.021474
6 3.25 45.242546
7 3.75 46.076007
8 4.25 39.711974
9 4.75 33.347941
10 5.25 29.113567
11 5.75 25.865234
12 6.25 22.616901
13 6.75 19.368568
14 7.25 16.120236
15 7.75 12.871903
16 8.25 9.623570
17 8.75 0.000000
18 9.25 0.000000
19 9.75 0.000000
20 10.25 0.000000
21 10.75 0.000000
22 11.25 0.000000
23 11.75 0.000000
24 12.25 0.000000
25 12.75 0.000000
26 13.25 0.000000
27 13.75 0.000000
28 14.25 0.000000
29 14.75 0.000000
30 15.25 0.000000
31 15.75 0.000000
32 16.25 0.000000
33 16.75 0.000000
34 17.25 0.000000
35 17.75 0.000000
36 18.25 0.000000
37 18.75 0.000000
38 19.25 0.000000
39 19.75 0.000000

0 0.25 37.698277
1 0.75 37.900019
2 1.25 39.551624
3 1.75 41.203229
4 2.25 42.854834
5 2.75 44.506439
6 3.25 46.158044
7 3.75 46.193075
8 4.25 39.621211
9 4.75 33.049348
10 5.25 28.962232
11 5.75 25.570032
12 6.25 22.177833
13 6.75 18.785633
14 7.25 15.393433
15 7.75 12.001233
16 8.25 8.609033
17 8.75 0.000000
18 9.25 0.000000
19 9.75 0.000000
20 10.25 0.000000
21 10.75 0.000000
22 11.25 0.000000
23 11.75 0.000000
24 12.25 0.000000
25 12.75 0.000000
26 13.25 0.000000
27 13.75 0.000000
28 14.25 0.000000
29 14.75 0.000000
30 15.25 0.000000
31 15.75 0.000000
32 16.25 0.000000
33 16.75 0.000000
34 17.25 0.000000
35 17.75 0.000000
36 18.25 0.000000
37 18.75 0.000000
38 19.25 0.000000
39 19.75 0.000000

0 0.25 41.524319
1 0.75 41.632364
2 1.25 42.724739
3 1.75 43.817114
4 2.25 44.909489
5 2.75 46.001865
6 3.25 47.094240
7 3.75 46.293516
8 4.25 39.493036
9 4.75 32.692556
10 5.25 28.768606
11 5.75 25.223808
12 6.25 21.679010
13 6.75 18.134211
14 7.25 14.589413
15 7.75 11.044615
16 8.25 7.499817
17 8.75 0.000000
18 9.25 0.000000
19 9.75 0.000000
20 10.25 0.000000
21 10.75 0.000000
22 11.25 0.000000
23 11.75 0.000000
24 12.25 0.000000
25 12.75 0.000000
26 13.25 0.000000
27 13.75 0.000000
28 14.25 0.000000
29 14.75 0.000000
30 15.25 0.000000
31 15.75 0.000000
32 16.25 0.000000
33 16.75 0.000000
34 17.25 0.000000
35 17.75 0.000000
36 18.25 0.000000
37 18.75 0.000000
38 19.25 0.000000
39 19.75 0.000000

0 0.25 45.350360
1 0.75 45.334687
2 1.25 45.876622
3 1.75 46.418557
4 2.25 46.960491
5 2.75 47.502426
6 3.25 48.044361
7 3.75 46.374703
8 4.25 39.321539
9 4.75 32.268376
10 5.25 28.527503
11 5.75 24.820764
12 6.25 21.114026
13 6.75 17.407287
14 7.25 13.700548
15 7.75 9.993809
16 8.25 0.000000
17 8.75 0.000000
18 9.25 0.000000
19 9.75 0.000000
20 10.25 0.000000
21 10.75 0.000000
22 11.25 0.000000
23 11.75 0.000000
24 12.25 0.000000
25 12.75 0.000000
26 13.25 0.000000
27 13.75 0.000000
28 14.25 0.000000
29 14.75 0.000000
30 15.25 0.000000
31 15.75 0.000000
32 16.25 0.000000
33 16.75 0.000000
34 17.25 0.000000
35 17.75 0.000000
36 18.25 0.000000
37 18.75 0.000000
38 19.25 0.000000
39 19.75 0.000000

0 0.25 49.161402
1 0.75 48.992799
2 1.25 48.993205
3 1.75 48.993610
4 2.25 48.994016
5 2.75 48.994422
6 3.25 48.994828
7 3.75 46.431426
8 4.25 39.097500
9 4.75 32.111820
10 5.25 28.233147
11 5.75 24.354475
12 6.25 20.475802
13 6.75 16.597129
14 7.25 12.718456
15 7.75 8.839784
16 8.25 0.000000
17 8.75 0.000000
18 9.25 0.000000
19 9.75 0.000000
20 10.25 0.000000
21 10.75 0.000000
22 11.25 0.000000
23 11.75 0.000000
24 12.25 0.000000
25 12.75 0.000000
26 13.25 0.000000
27 13.75 0.000000
28 14.25 0.000000
29 14.75 0.000000
30 15.25 0.000000
31 15.75 0.000000
32 16.25 0.000000
33 16.75 0.000000
34 17.25 0.000000
35 17.75 0.000000
36 18.25 0.000000
37 18.75 0.000000
38 19.25 0.000000
39 19.75 0.000000

0 0.25 45.487444
1 0.75 45.402539
2 1.25 45.618615
3 1.75 45.834690
4 2.25 46.050766
5 2.75 46.266841
6 3.25 46.482916
7 3.75 45.463721
8 4.25 37.815998
9 4.75 31.896571
10 5.25 27.842415
11 5.75 23.788259
12 6.25 19.734103
13 6.75 15.679948
14 7.25 11.625792
15 7.75 7.571636
16 8.25 0.000000
17 8.75 0.000000
18 9.25 0.000000
19 9.75 0.000000
20 10.25 0.000000
21 10.75 0.000000
22 11.25 0.000000
23 11.75 0.000000
24 12.25 0.000000
25 12.75 0.000000
26 13.25 0.000000
27 13.75 0.000000
28 14.25 0.000000
29 14.75 0.000000
30 15.25 0.000000
31 15.75 0.000000
32 16.25 0.000000
33 16.75 0.000000
34 17.25 0.000000
35 17.75 0.000000
36 18.25 0.000000
37 18.75 0.000000
38 19.25 0.000000
39 19.75 0.000000

0 0.25 41.813485
1 0.75 41.834529
2 1.25 42.291492
3 1.75 42.748455
4 2.25 43.205418
5 2.75 43.662381
6 3.25 44.119344
7 3.75 44.464633
8 4.25 36.463883
9 4.75 31.602767
10 5.25 27.366511
11 5.75 23.130254
12 6.25 18.893997
13 6.75 14.657740
14 7.25 10.421483
15 7.75 0.000000
16 8.25 0.000000
17 8.75 0.000000
18 9.25 0.000000
19 9.75 0.000000
20 10.25 0.000000
21 10.75 0.000000
22 11.25 0.000000
23 11.75 0.000000
24 12.25 0.000000
25 12.75 0.000000
26 13.25 0.000000
27 13.75 0.000000
28 14.25 0.000000
29 14.75 0.000000
30 15.25 0.000000
31 15.75 0.000000
32 16.25 0.000000
33 16.75 0.000000
34 17.25 0.000000
35 17.75 0.000000
36 18.25 0.000000
37 18.75 0.000000
38 19.25 0.000000
39 19.75 0.000000

0 0.25 38.139527
1 0.75 38.290628
2 1.25 39.012855
3 1.75 39.735082
4 2.25 40.457310
5 2.75 41.179537
6 3.25 42.168596
7 3.75 43.427884
8 4.25 35.662823
9 4.75 31.235677
10 5.25 26.808530
11 5.75 22.381383
12 6.25 17.954237
13 6.75 13.527090
14 7.25 9.099943
15 7.75 0.000000
16 8.25 0.000000
17 8.75 0.000000
18 9.25 0.000000
19 9.75 0.000000
20 10.25 0.000000
21 10.75 0.000000
22 11.25 0.000000
23 11.75 0.000000
24 12.25 0.000000
25 12.75 0.000000
26 13.25 0.000000
27 13.75 0.000000
28 14.25 0.000000
29 14.75 0.000000
30 15.25 0.000000
31 15.75 0.000000
32 16.25 0.000000
33 16.75 0.000000
34 17.25 0.000000
35 17.75 0.000000
36 18.25 0.000000
37 18.75 0.000000
38 19.25 0.000000
39 19.75 0.000000

0 0.25 34.465569
1 0.75 34.772209
2 1.25 35.782360
3 1.75 36.792511
4 2.25 37.802662
5 2.75 38.812813
6 3.25 41.460475
7 3.75 42.345402
8 4.25 35.427947
9 4.75 30.798742
10 5.25 26.169537
11 5.75 21.540332
12 6.25 16.911128
13 6.75 12.281923
14 7.25 7.652718
15 7.75 0.000000
16 8.25 0.000000
17 8.75 0.000000
18 9.25 0.000000
19 9.75 0.000000
20 10.25 0.000000
21 10.75 0.000000
22 11.25 0.000000
23 11.75 0.000000
24 12.25 0.000000
25 12.75 0.000000
26 13.25 0.000000
27 13.75 0.000000
28 14.25 0.000000
29 14.75 0.000000
30 15.25 0.000000
31 15.75 0.000000
32 16.25 0.000000
33 16.75 0.000000
34 17.25 0.000000
35 17.75 0.000000
36 18.25 0.000000
37 18.75 0.000000
38 19.25 0.000000
39 19.75 0.000000

0 0.25 30.791610
1 0.75 31.280008
2 1.25 32.598092
3 1.75 33.916177
4 2.25 35.234261
5 2.75 36.552345
6 3.25 40.738283
7 3.75 41.206632
8 4.25 35.138834
9 4.75 30.293715
10 5.25 25.448597
11 5.75 20.603478
12 6.25 15.758360
13 6.75 10.913241
14 7.25 0.000000
15 7.75 0.000000
16 8.25 0.000000
17 8.75 0.000000
18 9.25 0.000000
19 9.75 0.000000
20 10.25 0.000000
21 10.75 0.000000
22 11.25 0.000000
23 11.75 0.000000
24 12.25 0.000000
25 12.75 0.000000
26 13.25 0.000000
27 13.75 0.000000
28 14.25 0.000000
29 14.75 0.000000
30 15.25 0.000000
31 15.75 0.000000
32 16.25 0.000000
33 16.75 0.000000
34 17.25 0.000000
35 17.75 0.000000
36 18.25 0.000000
37 18.75 0.000000
38 19.25 0.000000
39 19.75 0.000000

0 0.25 27.125000
1 0.75 27.820896
2 1.25 29.462687
3 1.75 31.104478
4 2.25 32.746269
5 2.75 34.388060
6 3.25 40.000000
7 3.75 40.000000
8 4.25 34.799419
9 4.75 29.721899
10 5.25 24.644380
11 5.75 19.566860
12 6.25 14.489341
13 6.75 9.411822
14 7.25 0.000000
15 7.75 0.000000
16 8.25 0.000000
17 8.75 0.000000
18 9.25 0.000000
19 9.75 0.000000
20 10.25 0.000000
21 10.75 0.000000
22 11.25 0.000000
23 11.75 0.000000
24 12.25 0.000000
25 12.75 0.000000
26 13.25 0.000000
27 13.75 0.000000
28 14.25 0.000000
29 14.75 0.000000
30 15.25 0.000000
31 15.75 0.000000
32 16.25 0.000000
33 16.75 0.000000
34 17.25 0.000000
35 17.75 0.000000
36 18.25 0.000000
37 18.75 0.000000
38 19.25 0.000000
39 19.75 0.000000

0 0.25 27.125000
1 0.75 27.820896
2 1.25 29.462687
3 1.75 31.104478
4 2.25 32.746269
5 2.75 34.388060
6 3.25 40.000000
7 3.75 40.000000
8 4.25 34.799419
9 4.75 29.721899
10 5.25 24.644380
11 5.75 19.566860
12 6.25 14.489341
13 6.75 9.411822
14 7.25 0.000000
15 7.75 0.000000
16 8.25 0.000000
17 8.75 0.000000
18 9.25 0.000000
19 9.75 0.000000
20 10.25 0.000000
21 10.75 0.000000
22 11.25 0.000000
23 11.75 0.000000
24 12.25 0.000000
25 12.75 0.000000
26 13.25 0.000000
27 13.75 0.000000
28 14.25 0.000000
29 14.75 0.000000
30 15.25 0.000000
31 15.75 0.000000
32 16.25 0.000000
33 16.75 0.000000
34 17.25 0.000000
35 17.75 0.000000
36 18.25 0.000000
37 18.75 0.000000
38 19.25 0.000000
39 19.75 0.000000

0 0.25 27.125000
1 0.75 27.820896
2 1.25 29.462687
3 1.75 31.104478
4 2.25 32.746269
5 2.75 34.388060
6 3.25 40.000000
7 3.75 40.000000
8 4.25 34.799419
9 4.75 29.721899
10 5.25 24.644380
11 5.75 19.566860
12 6.25 14.489341
13 6.75 9.411822
14 7.25 0.000000
15 7.75 0.000000
16 8.25 0.000000
17 8.75 0.000000
18 9.25 0.000000
19 9.75 0.000000
20 10.25 0.000000
21 10.75 0.000000
22 11.25 0.000000
23 11.75 0.000000
24 12.25 0.000000
25 12.75 0.000000
26 13.25 0.000000
27 13.75 0.000000
28 14.25 0.000000
29 14.75 0.000000
30 15.25 0.000000
31 15.75 0.000000
32 16.25 0.000000
33 16.75 0.000000
34 17.25 0.000000
35 17.75 0.000000
36 18.25 0.000000
37 18.75 0.000000
38 19.25 0.000000
39 19.75 0.000000

0 0.25 27.125000
1 0.75 27.820896
2 1.25 29.462687
3 1.75 31.104478
4 2.25 32.746269
5 2.75 34.388060
6 3.25 40.000000
7 3.75 40.000000
8 4.25 34.799419
9 4.75 29.721899
10 5.25 24.644380
11 5.75 19.566860
12 6.25 14.489341
13 6.75 9.411822
14 7.25 0.000000
15 7.75 0.000000
16 8.25 0.000000
17 8.75 0.000000
18 9.25 0.000000
19 9.75 0.000000
20 10.25 0.000000
21 10.75 0.000000
22 11.25 0.000000
23 11.75 0.000000
24 12.25 0.000000
25 12.75 0.000000
26 13.25 0.000000
27 13.75 0.000000
28 14.25 0.000000
29 14.75 0.000000
30 15.25 0.000000
31 15.75 0.000000
32 16.25 0.000000
33 16.75 0.000000
34 17.25 0.000000
35 17.75 0.000000
36 18.25 0.000000
37 18.75 0.000000
38 19.25 0.000000
39 19.75 0.000000

0 0.25 27.125000
1 0.75 27.820896
2 1.25 29.462687
3 1.75 31.104478
4 2.25 32.746269
5 2.75 34.388060
6 3.25 40.000000
7 3.75 40.000000
8 4.25 34.799419
9 4.75 29.721899
10 5.25 24.644380
11 5.75 19.566860
12 6.25 14.489341
13 6.75 9.411822
14 7.25 0.000000
15 7.75 0.000000
16 8.25 0.000000
17 8.75 0.000000
18 9.25 0.000000
19 9.75 0.000000
20 10.25 0.000000
21 10.75 0.000000
22 11.25 0.000000
23 11.75 0.000000
24 12.25 0.000000
25 12.75 0.000000
26 13.25 0.000000
27 13.75 0.000000
28 14.25 0.000000
29 14.75 0.000000
30 15.25 0.000000
31 15.75 0.000000
32 16.25 0.000000
33 16.75 0.000000
34 17.25 0.000000
35 17.75 0.000000
36 18.25 0.000000
37 18.75 0.000000
38 19.25 0.000000
39 19.75 0.000000

0 0.25 27.125000
1 0.75 27.820896
2 1.25 29.462687
3 1.75 31.104478
4 2.25 32.746269
5 2.75 34.388060
6 3.25 40.000000
7 3.75 40.000000
8 4.25 34.799419
9 4.75 29.721899
10 5.25 24.644380
11 5.75 19.566860
12 6.25 14.489341
13 6.75 9.411822
14 7.25 0.000000
15 7.75 0.000000
16 8.25 0.000000
17 8.75 0.000000
18 9.25 0.000000
19 9.75 0.000000
20 10.25 0.000000
21 10.75 0.000000
22 11.25 0.000000
23 11.75 0.000000
24 12.25 0.000000
25 12.75 0.000000
26 13.25 0.000000
27 13.75 0.000000
28 14.25 0.000000
29 14.75 0.000000
30 15.25 0.000000
31 15.75 0.000000
32 16.25 0.000000
33 16.75 0.000000
34 17.25 0.000000
35 17.75 0.000000
36 18.25 0.000000
37 18.75 0.000000
38 19.25 0.000000
39 19.75 0.000000

0 0.25 27.125000
1 0.75 27.820896
2 1.25 29.462687
3 1.75 31.104478
4 2.25 32.746269
5 2.75 34.388060
6 3.25 40.000000
7 3.75 40.000000
8 4.25 34.799419
9 4.75 29.721899
10 5.25 24.644380
11 5.75 19.566860
12 6.25 14.489341
13 6.75 9.411822
14 7.25 0.000000
15 7.75 0.000000
16 8.25 0.000000
17 8.75 0.000000
18 9.25 0.000000
19 9.75 0.000000
20 10.25 0.000000
21 10.75 0.000000
22 11.25 0.000000
23 11.75 0.000000
24 12.25 0.000000
25 12.75 0.000000
26 13.25 0.000000
27 13.75 0.000000
28 14.25 0.000000
29 14.75 0.000000
30 15.25 0.000000
31 15.75 0.000000
32 16.25 0.000000
33 16.75 0.000000
34 17.25 0.000000
35 17.75 0.000000
36 18.25 0.000000
37 18.75 0.000000
38 19.25 0.000000
39 19.75 0.000000

0 0.25 27.125000
1 0.75 27.820896
2 1.25 29.462687
3 1.75 31.104478
4 2.25 32.746269
5 2.75 34.388060
6 3.25 40.000000
7 3.75 40.000000
8 4.25 34.799419
9 4.75 29.721899
10 5.25 24.644380
11 5.75 19.566860
12 6.25 14.489341
13 6.75 9.411822
14 7.25 0.000000
15 7.75 0.000000
16 8.25 0.000000
17 8.75 0.000000
18 9.25 0.000000
19 9.75 0.000000
20 10.25 0.000000
21 10.75 0.000000
22 11.25 0.000000
23 11.75 0.000000
24 12.25 0.000000
25 12.75 0.000000
26 13.25 0.000000
27 13.75 0.000000
28 14.25 0.000000
29 14.75 0.000000
30 15.25 0.000000
31 15.75 0.000000
32 16.25 0.000000
33 16.75 0.000000
34 17.25 0.000000
35 17.75 0.000000
36 18.25 0.000000
37 18.75 0.000000
38 19.25 0.000000
39 19.75 0.000000

0 0.25 27.125000
1 0.75 27.820896
2 1.25 29.462687
3 1.75 31.104478
4 2.25 32.746269
5 2.75 34.388060
6 3.25 40.000000
7 3.75 40.000000
8 4.25 34.799419
9 4.75 29.721899
10 5.25 24.644380
11 5.75 19.566860
12 6.25 14.489341
13 6.75 9.411822
14 7.25 0.000000
15 7.75 0.000000
16 8.25 0.000000
17 8.75 0.000000
18 9.25 0.000000
19 9.75 0.000000
20 10.25 0.000000
21 10.75 0.000000
22 11.25 0.000000
23 11.75 0.000000
24 12.25 0.000000
25 12.75 0.000000
26 13.25 0.000000
27 13.75 0.000000
28 14.25 0.000000
29 14.75 0.000000
30 15.25 0.000000
31 15.75 0.000000
32 16.25 0.000000
33 16.75 0.000000
34 17.25 0.000000
35 17.75 0.000000
36 18.25 0.000000
37 18.75 0.000000
38 19.25 0.000000
39 19.75 0.000000

