# stratiform Vertical Profile Reflectivity (VPR) with Standard Deviation
# Format: bin_index bin_center_height_km point_count avg_reflectivity_dBZ std_deviation_dBZ
# Height bins: 0-20 km in 0.5 km increments
# Bins 0-39: stratiform
# Standard deviation is sample standard deviation (dividing by n-1)
#
0 0.25 729 27.100809 0.003248
1 0.75 371 27.870296 0.006575
2 1.25 180 29.566056 0.014864
3 1.75 221 30.391493 0.011333
4 2.25 162 32.084938 0.015840
5 2.75 45 34.175778 0.056716
6 3.25 123 38.638699 0.034549
7 3.75 119 42.522101 0.030650
8 4.25 91 36.568791 0.038969
9 4.75 103 31.121456 0.032051
10 5.25 65 26.143846 0.040330
11 5.75 76 20.070526 0.038202
12 6.25 97 15.076804 0.025587
13 6.75 91 9.475824 0.023564
14 7.25 74 -0.048784 0.020412
15 7.75 81 0.154198 0.021377
16 8.25 79 -0.078861 0.019800
17 8.75 64 0.201562 0.020927
18 9.25 59 0.150169 0.022283
19 9.75 58 -0.252759 0.022675
20 10.25 50 0.162200 0.032031
21 10.75 46 0.011957 0.032859
22 11.25 48 0.066667 0.030536
23 11.75 43 -0.053721 0.033682
24 12.25 42 0.013810 0.037722
25 12.75 33 0.188182 0.038925
26 13.25 17 0.970588 0.058874
27 13.75 25 -0.410400 0.042710
28 14.25 30 0.110667 0.057290
29 14.75 35 0.301143 0.047307
30 15.25 38 0.119211 0.041463
31 15.75 37 -0.184324 0.048143
32 16.25 37 -0.387027 0.042962
33 16.75 34 0.404706 0.055881
34 17.25 31 0.014194 0.053723
35 17.75 21 0.432381 0.084372
36 18.25 18 -0.238333 0.068806
37 18.75 24 0.499167 0.057419
38 19.25 25 -0.107200 0.075972
39 19.75 26 0.115385 0.053134

0 0.25 731 26.998974 0.003231
1 0.75 387 27.662274 0.006231
2 1.25 193 28.909326 0.012239
3 1.75 215 30.555442 0.011578
4 2.25 153 32.348562 0.017007
5 2.75 50 33.857600 0.051489
6 3.25 139 37.422590 0.031371
7 3.75 107 42.580841 0.034261
8 4.25 106 36.582736 0.030733
9 4.75 103 31.710291 0.026915
10 5.25 66 25.703333 0.045964
11 5.75 82 20.453293 0.027783
12 6.25 101 15.057822 0.024004
13 6.75 83 10.072530 0.025054
14 7.25 74 -0.166892 0.021880
15 7.75 89 -0.020449 0.016052
16 8.25 77 -0.370909 0.016583
17 8.75 59 0.395932 0.027630
18 9.25 58 0.074138 0.025292
19 9.75 56 0.130714 0.027814
20 10.25 47 -0.411277 0.030783
21 10.75 51 0.302549 0.028023
22 11.25 47 0.209574 0.032619
23 11.75 41 -0.176098 0.039942
24 12.25 40 0.101750 0.039139
25 12.75 25 -0.040800 0.054529
26 13.25 23 -0.011304 0.064429
27 13.75 28 0.228929 0.052104
28 14.25 36 0.198889 0.040932
29 14.75 37 0.462703 0.039685
30 15.25 38 -0.115789 0.040239
31 15.75 37 -0.195946 0.039957
32 16.25 35 -0.309429 0.057921
33 16.75 32 -0.204375 0.045314
34 17.25 26 0.038462 0.059046
35 17.75 14 -0.020000 0.086399
36 18.25 22 -0.351364 0.049009
37 18.75 29 -0.098966 0.056649
38 19.25 24 0.239583 0.062038
39 19.75 25 -0.098400 0.064095

0 0.25 744 27.089301 0.003125
1 0.75 399 27.680401 0.006608
2 1.25 196 29.432755 0.013210
3 1.75 206 30.573252 0.012452
4 2.25 141 32.139716 0.019386
5 2.75 60 33.908667 0.043479
6 3.25 146 37.798493 0.028607
7 3.75 99 42.566970 0.035171
8 4.25 110 37.323091 0.026313
9 4.75 101 31.225149 0.027120
10 5.25 61 25.448033 0.042629
11 5.75 93 20.565484 0.028572
12 6.25 101 15.366139 0.021881
13 6.75 82 10.310122 0.024911
14 7.25 80 -0.028125 0.018462
15 7.75 89 -0.372809 0.015936
16 8.25 79 0.324430 0.017458
17 8.75 59 -0.179153 0.022510
18 9.25 57 0.131053 0.026230
19 9.75 57 -0.135789 0.027849
20 10.25 45 -0.544000 0.035348
21 10.75 52 0.255385 0.023116
22 11.25 46 -0.055652 0.030701
23 11.75 42 0.366429 0.040094
24 12.25 34 0.187941 0.046908
25 12.75 23 0.225652 0.056182
26 13.25 28 0.316786 0.051295
27 13.75 29 -0.204828 0.048480
28 14.25 39 0.175641 0.041627
29 14.75 37 0.065405 0.031864
30 15.25 41 0.022439 0.042968
31 15.75 35 -0.004857 0.049926
32 16.25 35 0.322000 0.045479
33 16.75 32 -0.430313 0.043863
34 17.25 20 0.096500 0.064843
35 17.75 16 -0.005625 0.088488
36 18.25 29 -0.074483 0.055384
37 18.75 27 0.091852 0.056986
38 19.25 24 0.345417 0.068424
39 19.75 23 0.369130 0.058298

0 0.25 741 27.172807 0.003364
1 0.75 404 27.649901 0.006245
2 1.25 204 29.482157 0.012179
3 1.75 194 30.143557 0.013195
4 2.25 130 32.142923 0.019950
5 2.75 78 34.021667 0.032790
6 3.25 145 37.336759 0.029540
7 3.75 97 42.632887 0.036643
8 4.25 110 37.011364 0.031713
9 4.75 94 31.630319 0.031372
10 5.25 69 26.039710 0.038608
11 5.75 97 20.719794 0.025681
12 6.25 100 15.059500 0.024540
13 6.75 74 9.632703 0.032966
14 7.25 88 -0.138523 0.016216
15 7.75 83 -0.059398 0.017633
16 8.25 71 0.185070 0.021243
17 8.75 59 0.014915 0.023243
18 9.25 57 -0.346316 0.028831
19 9.75 58 -0.030690 0.022948
20 10.25 48 0.062292 0.033102
21 10.75 49 0.080000 0.029949
22 11.25 46 0.018043 0.029820
23 11.75 41 -0.509268 0.039430
24 12.25 30 -0.027333 0.047887
25 12.75 27 0.272222 0.045064
26 13.25 28 0.222143 0.054098
27 13.75 35 -0.300857 0.042625
28 14.25 40 0.087500 0.039092
29 14.75 38 -0.395263 0.039638
30 15.25 39 0.500513 0.037156
31 15.75 36 0.084444 0.035068
32 16.25 31 0.155161 0.048566
33 16.75 25 0.160800 0.057242
34 17.25 19 -0.172105 0.093736
35 17.75 21 0.549048 0.069517
36 18.25 29 0.207931 0.050983
37 18.75 27 0.004074 0.054684
38 19.25 23 -0.207391 0.071635
39 19.75 23 0.348696 0.049921

0 0.25 753 27.256441 0.003057
1 0.75 429 27.595594 0.005941
2 1.25 204 29.447157 0.012370
3 1.75 197 30.435127 0.013486
4 2.25 123 31.982846 0.021350
5 2.75 89 33.855281 0.033695
6 3.25 146 37.786644 0.032310
7 3.75 102 42.438922 0.029948
8 4.25 113 36.821062 0.024966
9 4.75 91 31.943626 0.030683
10 5.25 76 25.472895 0.035799
11 5.75 105 20.604381 0.023226
12 6.25 95 15.615684 0.027888
13 6.75 78 9.533846 0.025064
14 7.25 89 -0.091910 0.017816
15 7.75 80 -0.350125 0.021138
16 8.25 66 -0.105000 0.022708
17 8.75 57 -0.188421 0.027934
18 9.25 59 0.279322 0.024886
19 9.75 53 -0.011698 0.025869
20 10.25 46 -0.210870 0.033007
21 10.75 49 0.108980 0.035424
22 11.25 46 -0.091087 0.030166
23 11.75 39 -0.024359 0.039931
24 12.25 27 0.076667 0.056647
25 12.75 28 -0.249643 0.058478
26 13.25 30 0.122000 0.054189
27 13.75 39 -0.099487 0.039239
28 14.25 42 0.263333 0.036122
29 14.75 36 0.252222 0.043132
30 15.25 37 0.508378 0.041469
31 15.75 33 -0.170000 0.047178
32 16.25 27 -0.054815 0.058575
33 16.75 18 0.067222 0.073210
34 17.25 24 -0.466667 0.055847
35 17.75 21 -0.556667 0.049504
36 18.25 28 -0.204643 0.063719
37 18.75 27 -0.001111 0.058870
38 19.25 21 -0.494762 0.057678
39 19.75 21 0.040952 0.067860

0 0.25 760 27.240895 0.003051
1 0.75 433 27.703210 0.005575
2 1.25 211 29.529147 0.011389
3 1.75 187 30.786096 0.014503
4 2.25 112 32.175268 0.022004
5 2.75 104 33.934231 0.026255
6 3.25 143 37.663986 0.029231
7 3.75 103 42.483981 0.035973
8 4.25 115 37.357478 0.029691
9 4.75 79 31.612532 0.035951
10 5.25 91 25.584945 0.027240
11 5.75 105 20.622667 0.025325
12 6.25 89 15.250787 0.025101
13 6.75 85 9.542824 0.024525
14 7.25 89 -0.038315 0.016651
15 7.75 77 0.256883 0.020508
16 8.25 67 -0.080299 0.025197
17 8.75 58 -0.315345 0.024239
18 9.25 62 0.184839 0.026318
19 9.75 49 -0.047755 0.030119
20 10.25 46 0.132826 0.030128
21 10.75 51 0.109412 0.028847
22 11.25 45 0.172667 0.036488
23 11.75 37 -0.692162 0.043743
24 12.25 27 0.520370 0.052294
25 12.75 28 0.111429 0.046553
26 13.25 39 0.245385 0.032905
27 13.75 40 0.533750 0.038958
28 14.25 40 0.156250 0.036903
29 14.75 38 0.287368 0.044893
30 15.25 37 0.160270 0.043186
31 15.75 33 -0.123030 0.046165
32 16.25 21 0.118571 0.078127
33 16.75 22 0.308636 0.066620
34 17.25 27 -0.238519 0.059648
35 17.75 21 -0.014286 0.077120
36 18.25 27 -0.012222 0.056824
37 18.75 25 0.291600 0.068433
38 19.25 19 -0.132632 0.092464
39 19.75 18 0.045000 0.085388

0 0.25 764 26.992304 0.002992
1 0.75 440 27.485636 0.005602
2 1.25 216 29.681574 0.012406
3 1.75 191 30.541257 0.012966
4 2.25 96 32.117500 0.031370
5 2.75 118 33.836102 0.021647
6 3.25 141 37.640922 0.035699
7 3.75 106 42.115755 0.035004
8 4.25 121 37.013306 0.028197
9 4.75 74 31.734324 0.041739
10 5.25 101 25.993861 0.028792
11 5.75 99 20.321717 0.026134
12 6.25 88 15.132841 0.025932
13 6.75 93 9.879570 0.025414
14 7.25 89 0.050000 0.016087
15 7.75 69 0.433188 0.021519
16 8.25 67 -0.092090 0.024822
17 8.75 62 0.244355 0.023965
18 9.25 61 0.188197 0.026798
19 9.75 48 -0.138333 0.035959
20 10.25 45 -0.191333 0.033343
21 10.75 50 -0.133400 0.025848
22 11.25 46 0.095217 0.032389
23 11.75 32 -0.279688 0.045281
24 12.25 29 0.340000 0.055367
25 12.75 34 -0.205294 0.043233
26 13.25 42 0.042143 0.035485
27 13.75 37 0.095946 0.043558
28 14.25 39 0.095641 0.036590
29 14.75 37 0.176486 0.037823
30 15.25 33 0.405455 0.037282
31 15.75 27 -0.548148 0.044568
32 16.25 16 0.035000 0.079854
33 16.75 28 -0.348929 0.060782
34 17.25 27 0.467778 0.039609
35 17.75 20 -0.000500 0.077299
36 18.25 26 0.096538 0.055925
37 18.75 23 -0.284783 0.062707
38 19.25 17 0.078235 0.084152
39 19.75 15 0.213333 0.106796

0 0.25 777 27.133166 0.002997
1 0.75 436 27.818807 0.005356
2 1.25 225 29.151644 0.010756
3 1.75 193 31.038394 0.013075
4 2.25 92 32.698043 0.027247
5 2.75 127 34.177165 0.020601
6 3.25 144 36.932708 0.031904
7 3.75 106 42.135566 0.034941
8 4.25 121 36.995702 0.027414
9 4.75 68 30.920441 0.042648
10 5.25 111 25.961622 0.024191
11 5.75 99 20.391313 0.022093
12 6.25 89 15.148764 0.029833
13 6.75 91 9.732747 0.025094
14 7.25 85 -0.199294 0.018085
15 7.75 67 0.011343 0.024792
16 8.25 68 -0.078235 0.025050
17 8.75 67 0.172537 0.022729
18 9.25 56 -0.031071 0.029990
19 9.75 47 0.250851 0.036370
20 10.25 44 0.187955 0.031454
21 10.75 50 0.165200 0.027299
22 11.25 44 -0.458409 0.033347
23 11.75 28 0.050000 0.064378
24 12.25 29 0.058276 0.052867
25 12.75 38 0.012105 0.034414
26 13.25 41 0.091707 0.038587
27 13.75 38 -0.215263 0.039078
28 14.25 38 -0.032105 0.046014
29 14.75 36 -0.329722 0.046003
30 15.25 29 -0.498621 0.051221
31 15.75 22 0.159091 0.070705
32 16.25 22 -0.088182 0.062829
33 16.75 26 0.051154 0.059491
34 17.25 26 0.068846 0.051790
35 17.75 18 0.407778 0.086610
36 18.25 27 -0.432222 0.054515
37 18.75 21 0.450952 0.063429
38 19.25 15 -1.210667 0.082469
39 19.75 10 -0.478000 0.134648

0 0.25 784 27.108304 0.003053
1 0.75 428 27.572383 0.005624
2 1.25 234 29.364017 0.010495
3 1.75 193 31.261554 0.011880
4 2.25 86 31.632209 0.031080
5 2.75 128 33.838906 0.021802
6 3.25 138 36.742536 0.029682
7 3.75 113 42.402035 0.028776
8 4.25 115 36.531739 0.028813
9 4.75 78 31.011282 0.042389
10 5.25 113 25.854867 0.023047
11 5.75 101 20.523762 0.022952
12 6.25 91 14.967363 0.026707
13 6.75 88 9.657727 0.024526
14 7.25 81 0.233210 0.018623
15 7.75 64 0.000469 0.023416
16 8.25 71 0.081408 0.022001
17 8.75 63 0.026508 0.024092
18 9.25 51 -0.118627 0.029937
19 9.75 49 0.632857 0.027634
20 10.25 46 0.300435 0.031210
21 10.75 52 0.016731 0.027928
22 11.25 37 -0.228108 0.034865
23 11.75 28 -0.342500 0.060443
24 12.25 33 -0.096970 0.037462
25 12.75 39 0.750000 0.036742
26 13.25 42 -0.313810 0.040834
27 13.75 36 0.008333 0.032143
28 14.25 38 -0.113158 0.042952
29 14.75 32 0.542187 0.057469
30 15.25 23 0.508261 0.072194
31 15.75 21 0.475714 0.081049
32 16.25 24 0.469583 0.052667
33 16.75 26 0.576538 0.067877
34 17.25 27 -0.097407 0.047365
35 17.75 18 -0.066667 0.049596
36 18.25 23 -0.639565 0.066611
37 18.75 18 -0.345000 0.088273
38 19.25 10 0.043000 0.134844
39 19.75 3 1.003333 0.221016

0 0.25 795 27.122327 0.002910
1 0.75 417 27.649976 0.005928
2 1.25 250 29.170240 0.010184
3 1.75 184 30.753696 0.014196
4 2.25 89 32.399551 0.027699
5 2.75 137 33.833796 0.019357
6 3.25 130 37.225231 0.032500
7 3.75 119 41.741681 0.030150
8 4.25 106 36.835755 0.031891
9 4.75 94 30.677128 0.027904
10 5.25 111 25.857117 0.024256
11 5.75 98 20.610612 0.029738
12 6.25 92 15.176957 0.023830
13 6.75 87 9.586092 0.024983
14 7.25 78 0.371026 0.020149
15 7.75 71 -0.088592 0.023367
16 8.25 75 -0.175333 0.021989
17 8.75 55 0.104909 0.028560
18 9.25 50 0.035200 0.028684
19 9.75 49 -0.292857 0.032085
20 10.25 51 -0.252941 0.033006
21 10.75 51 0.152745 0.032598
22 11.25 31 0.343226 0.041805
23 11.75 29 0.115862 0.058015
24 12.25 36 -0.171944 0.037771
25 12.75 43 -0.246047 0.034165
26 13.25 40 -0.056250 0.041887
27 13.75 35 -0.263714 0.040089
28 14.25 38 0.401316 0.042529
29 14.75 29 -0.302069 0.057656
30 15.25 18 -0.415556 0.078919
31 15.75 26 0.223077 0.054091
32 16.25 23 0.247391 0.063016
33 16.75 25 -0.177600 0.051289
34 17.25 25 0.160400 0.084230
35 17.75 17 -0.348824 0.074875
36 18.25 21 -0.102381 0.071916
37 18.75 15 -0.436667 0.079744
38 19.25 5 -0.020000 0.282719
39 19.75 0 0.000000 0.000000

0 0.25 823 27.009174 0.002990
1 0.75 413 27.543341 0.005962
2 1.25 259 29.386293 0.010011
3 1.75 185 30.809135 0.015004
4 2.25 88 31.893864 0.027736
5 2.75 141 33.585390 0.019660
6 3.25 135 37.343111 0.031946
7 3.75 134 42.206418 0.026647
8 4.25 98 37.318163 0.036680
9 4.75 108 30.985000 0.027500
10 5.25 102 25.777549 0.028030
11 5.75 102 20.257941 0.025293
12 6.25 91 15.263187 0.026738
13 6.75 86 9.800814 0.027706
14 7.25 76 -0.195658 0.019181
15 7.75 73 0.031233 0.023718
16 8.25 76 0.077237 0.019676
17 8.75 50 -0.128400 0.025818
18 9.25 51 0.034314 0.028467
19 9.75 50 -0.016200 0.030222
20 10.25 54 -0.137222 0.025422
21 10.75 43 0.109302 0.032341
22 11.25 28 0.205000 0.072083
23 11.75 31 -0.089032 0.049587
24 12.25 39 -0.126923 0.043179
25 12.75 41 -0.540244 0.033740
26 13.25 37 -0.343243 0.046237
27 13.75 35 -0.412571 0.051920
28 14.25 34 0.079412 0.039930
29 14.75 25 -0.138000 0.066450
30 15.25 19 -0.693158 0.097556
31 15.75 29 -0.120690 0.053126
32 16.25 23 -0.325217 0.058104
33 16.75 25 -0.027200 0.069710
34 17.25 24 0.469583 0.063450
35 17.75 16 0.399375 0.075679
36 18.25 17 0.175882 0.099681
37 18.75 9 0.167778 0.228648
38 19.25 0 0.000000 0.000000
39 19.75 0 0.000000 0.000000

0 0.25 833 27.142389 0.002836
1 0.75 406 27.381108 0.006052
2 1.25 264 29.116212 0.009426
3 1.75 192 30.885938 0.013279
4 2.25 94 32.397553 0.024813
5 2.75 148 33.610000 0.018108
6 3.25 127 37.200472 0.034375
7 3.75 133 41.970451 0.026135
8 4.25 95 37.351368 0.036569
9 4.75 110 31.003818 0.028528
10 5.25 105 25.489429 0.023091
11 5.75 102 20.644608 0.024963
12 6.25 94 15.504894 0.023046
13 6.75 86 9.658140 0.029333
14 7.25 70 -0.155429 0.020856
15 7.75 79 -0.049367 0.018583
16 8.25 70 -0.135571 0.021885
17 8.75 52 -0.055577 0.028447
18 9.25 52 -0.082885 0.033796
19 9.75 50 -0.167400 0.030852
20 10.25 57 -0.195088 0.022090
21 10.75 38 -0.203947 0.039865
22 11.25 29 -0.325517 0.054674
23 11.75 39 0.176923 0.044250
24 12.25 39 -0.036923 0.034928
25 12.75 41 0.106829 0.040895
26 13.25 38 0.391842 0.034822
27 13.75 33 -0.218788 0.046727
28 14.25 31 0.374516 0.043465
29 14.75 19 0.408947 0.091969
30 15.25 22 -0.470000 0.068932
31 15.75 28 -0.027143 0.056853
32 16.25 22 -0.040909 0.083502
33 16.75 23 -0.086957 0.060338
34 17.25 22 -0.326364 0.061247
35 17.75 14 -0.202143 0.132506
36 18.25 12 0.188333 0.125601
37 18.75 3 0.323333 0.276693
38 19.25 0 0.000000 0.000000
39 19.75 0 0.000000 0.000000

0 0.25 848 27.075200 0.002731
1 0.75 395 27.595747 0.005841
2 1.25 259 28.985251 0.009615
3 1.75 190 30.948632 0.014274
4 2.25 99 32.031717 0.026373
5 2.75 158 33.978861 0.017371
6 3.25 129 37.231938 0.033135
7 3.75 136 42.354779 0.026751
8 4.25 91 36.666484 0.035330
9 4.75 118 31.511864 0.026068
10 5.25 111 26.066126 0.024849
11 5.75 99 20.933737 0.025239
12 6.25 89 15.087865 0.029531
13 6.75 85 9.783647 0.026879
14 7.25 74 -0.165405 0.020613
15 7.75 77 -0.130909 0.021062
16 8.25 61 -0.178197 0.018827
17 8.75 51 0.113922 0.026881
18 9.25 57 0.044035 0.025271
19 9.75 54 -0.298704 0.029103
20 10.25 56 0.279286 0.027269
21 10.75 29 0.292759 0.050672
22 11.25 32 0.295000 0.046724
23 11.75 42 0.626190 0.037260
24 12.25 38 -0.055000 0.035417
25 12.75 41 -0.096585 0.032952
26 13.25 38 -0.016842 0.034299
27 13.75 32 0.017500 0.032435
28 14.25 27 0.079259 0.045691
29 14.75 21 -0.018571 0.069440
30 15.25 23 -0.083043 0.069036
31 15.75 28 -0.148571 0.043080
32 16.25 23 -0.020870 0.051884
33 16.75 22 -0.704545 0.078061
34 17.25 20 0.237000 0.079464
35 17.75 12 -0.735000 0.084782
36 18.25 7 0.102857 0.303658
37 18.75 0 0.000000 0.000000
38 19.25 0 0.000000 0.000000
39 19.75 0 0.000000 0.000000

0 0.25 857 27.103501 0.002707
1 0.75 386 27.653161 0.005966
2 1.25 255 29.264980 0.009040
3 1.75 187 30.828075 0.013281
4 2.25 108 32.218981 0.025094
5 2.75 161 33.489689 0.017556
6 3.25 124 38.055242 0.040648
7 3.75 137 42.145182 0.024622
8 4.25 92 36.715978 0.036833
9 4.75 113 31.343894 0.025985
10 5.25 113 25.799381 0.023047
11 5.75 97 20.398144 0.025731
12 6.25 89 15.050562 0.028297
13 6.75 81 9.877901 0.029027
14 7.25 76 -0.275921 0.014427
15 7.75 76 0.158684 0.019682
16 8.25 55 -0.156000 0.024961
17 8.75 51 0.223725 0.029088
18 9.25 63 -0.028413 0.022025
19 9.75 54 -0.081111 0.029804
20 10.25 44 -0.073409 0.034854
21 10.75 28 -0.527500 0.051631
22 11.25 31 0.144194 0.055448
23 11.75 45 0.170667 0.030414
24 12.25 35 -0.255429 0.041966
25 12.75 41 0.261707 0.033460
26 13.25 37 0.009730 0.040656
27 13.75 29 0.211034 0.055871
28 14.25 21 0.076190 0.055886
29 14.75 23 0.240000 0.059555
30 15.25 24 0.300000 0.071336
31 15.75 26 -0.756154 0.064526
32 16.25 21 0.602857 0.075175
33 16.75 23 -0.081739 0.062650
34 17.25 17 0.355294 0.098008
35 17.75 9 -0.164444 0.118851
36 18.25 2 -0.400000 0.113137
37 18.75 0 0.000000 0.000000
38 19.25 0 0.000000 0.000000
39 19.75 0 0.000000 0.000000

0 0.25 885 27.144011 0.002712
1 0.75 381 27.430052 0.006431
2 1.25 256 29.281992 0.009677
3 1.75 190 30.375474 0.013800
4 2.25 110 32.638818 0.023858
5 2.75 167 34.271437 0.015703
6 3.25 126 38.128095 0.034717
7 3.75 134 42.439925 0.031097
8 4.25 101 36.470000 0.035665
9 4.75 116 31.090690 0.025986
10 5.25 110 25.757182 0.025822
11 5.75 98 20.704898 0.024340
12 6.25 88 14.922955 0.028787
13 6.75 81 9.534074 0.027515
14 7.25 79 -0.165570 0.018870
15 7.75 75 -0.027067 0.019483
16 8.25 52 -0.044808 0.029250
17 8.75 60 -0.005167 0.024129
18 9.25 61 0.023115 0.023092
19 9.75 54 0.024074 0.030751
20 10.25 36 -0.130000 0.046046
21 10.75 28 0.180000 0.037681
22 11.25 34 -0.484118 0.051773
23 11.75 45 -0.208000 0.033857
24 12.25 36 0.029444 0.043667
25 12.75 39 -0.158205 0.036322
26 13.25 36 0.016667 0.036032
27 13.75 26 -0.517692 0.040167
28 14.25 20 -0.213000 0.075121
29 14.75 24 -0.162083 0.072180
30 15.25 24 0.335000 0.043667
31 15.75 26 -0.073846 0.053429
32 16.25 21 -0.624762 0.071764
33 16.75 17 -0.550588 0.077330
34 17.25 10 0.824000 0.118566
35 17.75 3 -0.600000 0.616144
36 18.25 0 0.000000 0.000000
37 18.75 0 0.000000 0.000000
38 19.25 0 0.000000 0.000000
39 19.75 0 0.000000 0.000000

0 0.25 901 27.206992 0.002804
1 0.75 383 27.675796 0.006206
2 1.25 252 28.843095 0.010366
3 1.75 186 30.546882 0.012804
4 2.25 116 32.224741 0.022349
5 2.75 171 33.664620 0.017530
6 3.25 128 38.480781 0.036618
7 3.75 137 42.350219 0.026819
8 4.25 103 36.302427 0.029136
9 4.75 113 31.841062 0.021133
10 5.25 112 26.307232 0.024388
11 5.75 99 20.681212 0.025736
12 6.25 88 14.707273 0.027713
13 6.75 82 9.949878 0.028568
14 7.25 79 0.060633 0.019153
15 7.75 70 -0.022429 0.020848
16 8.25 55 -0.308364 0.027212
17 8.75 60 -0.242333 0.022367
18 9.25 59 -0.042881 0.024348
19 9.75 51 0.000000 0.030915
20 10.25 31 -0.256452 0.060806
21 10.75 33 0.438182 0.036392
22 11.25 37 0.320541 0.046183
23 11.75 45 -0.267111 0.037105
24 12.25 35 0.001143 0.044136
25 12.75 39 0.106154 0.036561
26 13.25 33 0.071212 0.034038
27 13.75 18 0.002222 0.096283
28 14.25 22 -0.270909 0.057269
29 14.75 26 -0.283846 0.051449
30 15.25 24 -0.142917 0.057730
31 15.75 23 0.093043 0.064736
32 16.25 20 0.305000 0.098618
33 16.75 14 0.150714 0.117655
34 17.25 6 0.510000 0.111634
35 17.75 0 0.000000 0.000000
36 18.25 0 0.000000 0.000000
37 18.75 0 0.000000 0.000000
38 19.25 0 0.000000 0.000000
39 19.75 0 0.000000 0.000000

0 0.25 914 27.116510 0.002555
1 0.75 379 27.592876 0.006249
2 1.25 253 29.259130 0.009503
3 1.75 185 30.319784 0.013483
4 2.25 125 32.602720 0.020480
5 2.75 173 34.046127 0.016240
6 3.25 127 37.988031 0.036263
7 3.75 134 42.578507 0.025602
8 4.25 106 36.728113 0.029272
9 4.75 122 30.785082 0.024412
10 5.25 108 26.027500 0.026730
11 5.75 97 20.130206 0.027588
12 6.25 87 15.142989 0.028841
13 6.75 78 9.855897 0.029305
14 7.25 81 0.408642 0.019530
15 7.75 63 -0.175873 0.025756
16 8.25 54 -0.036852 0.025781
17 8.75 63 0.256667 0.022100
18 9.25 60 0.031000 0.024106
19 9.75 48 -0.054583 0.034978
20 10.25 30 0.405667 0.053632
21 10.75 31 0.161935 0.048427
22 11.25 37 0.099459 0.039178
23 11.75 44 -0.184773 0.035782
24 12.25 36 0.383889 0.041695
25 12.75 36 -0.040000 0.045612
26 13.25 25 0.112400 0.064147
27 13.75 18 0.029444 0.084815
28 14.25 21 0.123333 0.068202
29 14.75 26 0.158462 0.055639
30 15.25 24 -0.259583 0.060127
31 15.75 20 0.406000 0.073294
32 16.25 11 -0.444545 0.105139
33 16.75 8 0.473750 0.203156
34 17.25 1 1.300000 0.000000
35 17.75 0 0.000000 0.000000
36 18.25 0 0.000000 0.000000
37 18.75 0 0.000000 0.000000
38 19.25 0 0.000000 0.000000
39 19.75 0 0.000000 0.000000

0 0.25 930 27.161667 0.002610
1 0.75 372 27.417258 0.006253
2 1.25 256 29.302383 0.009283
3 1.75 186 30.664086 0.013842
4 2.25 133 32.368195 0.020081
5 2.75 169 33.795740 0.015881
6 3.25 139 37.978561 0.031601
7 3.75 130 42.571538 0.026847
8 4.25 112 36.427411 0.028780
9 4.75 127 31.124882 0.023448
10 5.25 107 25.678692 0.027660
11 5.75 93 20.774086 0.026941
12 6.25 91 15.263736 0.025795
13 6.75 78 9.767564 0.030539
14 7.25 80 0.217500 0.016909
15 7.75 59 0.187627 0.025672
16 8.25 62 0.220645 0.026799
17 8.75 65 0.058615 0.023042
18 9.25 57 0.113509 0.026319
19 9.75 44 -0.036591 0.036184
20 10.25 28 -0.015357 0.058495
21 10.75 36 -0.059722 0.046407
22 11.25 38 -0.140000 0.039417
23 11.75 45 -0.096667 0.034280
24 12.25 36 0.071667 0.046252
25 12.75 34 -0.586471 0.032856
26 13.25 20 0.230500 0.057039
27 13.75 22 0.623182 0.050747
28 14.25 22 0.220455 0.056669
29 14.75 27 -0.396296 0.043351
30 15.25 23 -0.486957 0.072740
31 15.75 18 -0.003333 0.062402
32 16.25 8 -0.496250 0.220365
33 16.75 5 0.110000 0.264700
34 17.25 0 0.000000 0.000000
35 17.75 0 0.000000 0.000000
36 18.25 0 0.000000 0.000000
37 18.75 0 0.000000 0.000000
38 19.25 0 0.000000 0.000000
39 19.75 0 0.000000 0.000000

0 0.25 949 27.121349 0.002422
1 0.75 376 27.541888 0.006450
2 1.25 256 29.105117 0.009842
3 1.75 185 30.679459 0.014520
4 2.25 137 32.911898 0.020404
5 2.75 166 33.804096 0.017469
6 3.25 143 37.907063 0.029537
7 3.75 130 42.296000 0.026819
8 4.25 116 37.087328 0.028991
9 4.75 130 31.573692 0.023015
10 5.25 103 26.068155 0.022792
11 5.75 96 20.407500 0.029359
12 6.25 91 15.031538 0.023899
13 6.75 81 9.415802 0.029475
14 7.25 80 0.056125 0.018805
15 7.75 58 0.058793 0.025979
16 8.25 67 0.041194 0.022664
17 8.75 66 -0.254394 0.024687
18 9.25 58 -0.170690 0.024377
19 9.75 31 0.021613 0.044534
20 10.25 31 -0.267742 0.036948
21 10.75 36 -0.563056 0.042805
22 11.25 38 0.121579 0.039003
23 11.75 42 -0.240000 0.036274
24 12.25 34 -0.011471 0.037783
25 12.75 29 -0.224483 0.052786
26 13.25 17 -0.565294 0.080162
27 13.75 21 -0.309524 0.079839
28 14.25 23 -0.005652 0.052216
29 14.75 25 0.161600 0.050729
30 15.25 22 -0.199545 0.067641
31 15.75 16 0.210000 0.082743
32 16.25 6 0.606667 0.296941
33 16.75 2 0.980000 0.586899
34 17.25 0 0.000000 0.000000
35 17.75 0 0.000000 0.000000
36 18.25 0 0.000000 0.000000
37 18.75 0 0.000000 0.000000
38 19.25 0 0.000000 0.000000
39 19.75 0 0.000000 0.000000

0 0.25 956 26.959613 0.002429
1 0.75 379 27.614802 0.006233
2 1.25 254 29.268110 0.009346
3 1.75 183 30.614536 0.012278
4 2.25 139 32.381871 0.018764
5 2.75 169 33.941479 0.016708
6 3.25 146 37.761575 0.031265
7 3.75 129 42.309380 0.030067
8 4.25 114 36.365088 0.029853
9 4.75 128 32.137734 0.022288
10 5.25 99 26.187071 0.028176
11 5.75 99 20.600303 0.025568
12 6.25 89 14.821910 0.024347
13 6.75 84 9.940952 0.029067
14 7.25 77 -0.114935 0.019135
15 7.75 55 -0.021091 0.027893
16 8.25 66 -0.109545 0.022968
17 8.75 65 0.111692 0.022550
18 9.25 54 -0.128889 0.030758
19 9.75 31 0.031290 0.055930
20 10.25 31 -0.007419 0.048414
21 10.75 37 0.462162 0.046963
22 11.25 37 -0.142162 0.032012
23 11.75 43 0.264651 0.039476
24 12.25 33 0.452424 0.048435
25 12.75 20 0.044000 0.079562
26 13.25 17 0.172353 0.068023
27 13.75 20 -0.047500 0.077416
28 14.25 24 0.192917 0.068592
29 14.75 25 0.468400 0.054967
30 15.25 14 0.068571 0.105026
31 15.75 8 0.527500 0.277635
32 16.25 1 -1.380000 0.000000
33 16.75 0 0.000000 0.000000
34 17.25 0 0.000000 0.000000
35 17.75 0 0.000000 0.000000
36 18.25 0 0.000000 0.000000
37 18.75 0 0.000000 0.000000
38 19.25 0 0.000000 0.000000
39 19.75 0 0.000000 0.000000

0 0.25 963 27.181246 0.002493
1 0.75 369 28.026287 0.006369
2 1.25 253 29.227866 0.009747
3 1.75 178 30.514101 0.013693
4 2.25 150 32.042133 0.018946
5 2.75 162 33.966420 0.015916
6 3.25 144 37.496042 0.029312
7 3.75 125 42.523360 0.028632
8 4.25 119 36.507143 0.025489
9 4.75 126 31.755714 0.022592
10 5.25 101 25.886931 0.028074
11 5.75 95 20.386105 0.027387
12 6.25 77 14.959481 0.029794
13 6.75 82 9.947439 0.029823
14 7.25 79 -0.013924 0.016817
15 7.75 51 -0.021765 0.032413
16 8.25 68 -0.243382 0.023740
17 8.75 64 0.149531 0.026017
18 9.25 42 0.325000 0.035514
19 9.75 30 0.328333 0.055924
20 10.25 31 0.314194 0.057991
21 10.75 37 -0.113514 0.051045
22 11.25 38 -0.064474 0.035529
23 11.75 40 -0.042500 0.037418
24 12.25 30 -0.083333 0.040532
25 12.75 20 -0.367500 0.072229
26 13.25 15 -0.536000 0.122926
27 13.75 18 -0.058333 0.081589
28 14.25 25 -0.019600 0.055227
29 14.75 23 -0.195217 0.052569
30 15.25 13 0.468462 0.133231
31 15.75 6 -0.476667 0.210060
32 16.25 0 0.000000 0.000000
33 16.75 0 0.000000 0.000000
34 17.25 0 0.000000 0.000000
35 17.75 0 0.000000 0.000000
36 18.25 0 0.000000 0.000000
37 18.75 0 0.000000 0.000000
38 19.25 0 0.000000 0.000000
39 19.75 0 0.000000 0.000000

0 0.25 959 27.050688 0.002512
1 0.75 367 27.832698 0.006439
2 1.25 250 29.338240 0.009472
3 1.75 181 30.664696 0.013967
4 2.25 152 32.668421 0.018533
5 2.75 162 33.772284 0.017647
6 3.25 144 37.848333 0.030032
7 3.75 125 42.372480 0.032011
8 4.25 124 36.126290 0.026311
9 4.75 123 31.449350 0.023066
10 5.25 91 25.888901 0.031132
11 5.75 99 20.279798 0.029456
12 6.25 75 14.905600 0.033948
13 6.75 83 9.593855 0.030888
14 7.25 69 -0.250580 0.024729
15 7.75 50 -0.070800 0.026953
16 8.25 70 0.097714 0.016688
17 8.75 63 0.168413 0.022207
18 9.25 40 0.039000 0.039599
19 9.75 30 0.350333 0.052909
20 10.25 33 -0.237576 0.049447
21 10.75 35 0.085429 0.034084
22 11.25 39 -0.034359 0.034589
23 11.75 36 -0.274722 0.042283
24 12.25 18 -0.940000 0.076535
25 12.75 16 0.546250 0.109523
26 13.25 16 0.091875 0.103830
27 13.75 19 0.230000 0.086915
28 14.25 25 0.277200 0.063915
29 14.75 14 -0.000714 0.100057
30 15.25 6 -0.293333 0.192099
31 15.75 0 0.000000 0.000000
32 16.25 0 0.000000 0.000000
33 16.75 0 0.000000 0.000000
34 17.25 0 0.000000 0.000000
35 17.75 0 0.000000 0.000000
36 18.25 0 0.000000 0.000000
37 18.75 0 0.000000 0.000000
38 19.25 0 0.000000 0.000000
39 19.75 0 0.000000 0.000000

0 0.25 982 27.055530 0.002345
1 0.75 368 27.614429 0.006133
2 1.25 246 29.253049 0.010508
3 1.75 183 30.517650 0.013739
4 2.25 157 32.381529 0.016598
5 2.75 160 33.754750 0.017622
6 3.25 148 37.791149 0.028691
7 3.75 124 42.458871 0.026646
8 4.25 127 36.419528 0.023025
9 4.75 120 31.551333 0.025384
10 5.25 92 25.590000 0.031213
11 5.75 101 20.613465 0.025430
12 6.25 80 14.986875 0.027022
13 6.75 87 9.684713 0.027306
14 7.25 70 0.140571 0.020724
15 7.75 51 -0.275294 0.029257
16 8.25 69 0.195652 0.020983
17 8.75 62 -0.334032 0.024076
18 9.25 40 -0.336250 0.031419
19 9.75 31 -0.223226 0.045410
20 10.25 30 0.133000 0.049234
21 10.75 36 -0.471111 0.032266
22 11.25 39 0.147436 0.039992
23 11.75 36 0.086944 0.031333
24 12.25 14 -0.307857 0.100111
25 12.75 16 -0.604375 0.065086
26 13.25 15 -0.428667 0.097839
27 13.75 20 -0.321000 0.084843
28 14.25 22 0.278636 0.079474
29 14.75 13 -0.255385 0.098395
30 15.25 3 -0.446667 0.654543
31 15.75 0 0.000000 0.000000
32 16.25 0 0.000000 0.000000
33 16.75 0 0.000000 0.000000
34 17.25 0 0.000000 0.000000
35 17.75 0 0.000000 0.000000
36 18.25 0 0.000000 0.000000
37 18.75 0 0.000000 0.000000
38 19.25 0 0.000000 0.000000
39 19.75 0 0.000000 0.000000

0 0.25 995 27.132141 0.002361
1 0.75 377 27.577135 0.006694
2 1.25 254 29.011732 0.009931
3 1.75 181 30.548066 0.013450
4 2.25 161 32.373106 0.016647
5 2.75 165 33.534182 0.017184
6 3.25 151 38.195762 0.031071
7 3.75 128 42.832578 0.027340
8 4.25 129 37.003256 0.024347
9 4.75 123 31.452846 0.025644
10 5.25 96 25.795417 0.024181
11 5.75 104 20.530000 0.023516
12 6.25 72 14.816806 0.028722
13 6.75 85 9.554471 0.026204
14 7.25 67 -0.072090 0.024266
15 7.75 53 0.088302 0.027215
16 8.25 71 -0.057887 0.020757
17 8.75 62 0.117419 0.023313
18 9.25 37 -0.427838 0.040114
19 9.75 33 0.311818 0.039030
20 10.25 31 -0.027742 0.048375
21 10.75 35 0.189143 0.044458
22 11.25 40 -0.332000 0.043732
23 11.75 37 0.146486 0.034184
24 12.25 27 -0.185926 0.052729
25 12.75 15 -0.601333 0.095892
26 13.25 15 -0.261333 0.117207
27 13.75 21 -0.049048 0.075913
28 14.25 20 0.200500 0.052968
29 14.75 13 0.263077 0.117853
30 15.25 2 -0.750000 0.657609
31 15.75 0 0.000000 0.000000
32 16.25 0 0.000000 0.000000
33 16.75 0 0.000000 0.000000
34 17.25 0 0.000000 0.000000
35 17.75 0 0.000000 0.000000
36 18.25 0 0.000000 0.000000
37 18.75 0 0.000000 0.000000
38 19.25 0 0.000000 0.000000
39 19.75 0 0.000000 0.000000

0 0.25 988 27.136103 0.002332
1 0.75 375 27.585440 0.006567
2 1.25 251 29.042590 0.009433
3 1.75 186 30.819194 0.013310
4 2.25 158 31.970127 0.015307
5 2.75 168 33.826964 0.015248
6 3.25 147 38.360544 0.027950
7 3.75 130 42.274077 0.025024
8 4.25 127 36.502205 0.023198
9 4.75 125 31.835760 0.024833
10 5.25 97 25.736289 0.030833
11 5.75 102 20.525196 0.024604
12 6.25 75 14.979333 0.031247
13 6.75 84 9.659762 0.027104
14 7.25 76 0.109211 0.017842
15 7.75 53 0.206792 0.023817
16 8.25 68 -0.192794 0.019928
17 8.75 66 0.065455 0.023258
18 9.25 45 -0.202222 0.034005
19 9.75 35 0.187714 0.041297
20 10.25 29 -0.399655 0.036100
21 10.75 33 -0.219697 0.035816
22 11.25 41 -0.279268 0.032903
23 11.75 36 0.229722 0.037967
24 12.25 13 -0.001538 0.097453
25 12.75 14 -0.407143 0.138519
26 13.25 14 0.164286 0.147488
27 13.75 21 -0.307619 0.072468
28 14.25 20 -0.129000 0.105530
29 14.75 13 0.152308 0.151755
30 15.25 0 0.000000 0.000000
31 15.75 0 0.000000 0.000000
32 16.25 0 0.000000 0.000000
33 16.75 0 0.000000 0.000000
34 17.25 0 0.000000 0.000000
35 17.75 0 0.000000 0.000000
36 18.25 0 0.000000 0.000000
37 18.75 0 0.000000 0.000000
38 19.25 0 0.000000 0.000000
39 19.75 0 0.000000 0.000000

0 0.25 983 27.114212 0.002299
1 0.75 368 27.528261 0.006292
2 1.25 245 28.957551 0.010770
3 1.75 188 30.523085 0.013325
4 2.25 159 32.061761 0.016786
5 2.75 165 33.470303 0.016595
6 3.25 143 38.027343 0.028327
7 3.75 133 42.545940 0.025783
8 4.25 127 36.707480 0.024784
9 4.75 127 31.204646 0.024103
10 5.25 95 25.480421 0.029469
11 5.75 102 20.579706 0.023492
12 6.25 72 15.187917 0.031594
13 6.75 85 9.963412 0.027172
14 7.25 64 -0.204062 0.021707
15 7.75 57 0.142456 0.026316
16 8.25 67 0.111493 0.021448
17 8.75 65 -0.018154 0.023978
18 9.25 45 0.334889 0.042551
19 9.75 35 -0.022571 0.038457
20 10.25 29 -0.290000 0.055468
21 10.75 33 -0.076364 0.041078
22 11.25 39 0.216923 0.032700
23 11.75 33 0.119394 0.045155
24 12.25 14 -0.668571 0.082371
25 12.75 13 -0.664615 0.083628
26 13.25 14 0.309286 0.095505
27 13.75 19 0.268421 0.089472
28 14.25 20 0.104500 0.070274
29 14.75 13 -0.221538 0.136240
30 15.25 0 0.000000 0.000000
31 15.75 0 0.000000 0.000000
32 16.25 0 0.000000 0.000000
33 16.75 0 0.000000 0.000000
34 17.25 0 0.000000 0.000000
35 17.75 0 0.000000 0.000000
36 18.25 0 0.000000 0.000000
37 18.75 0 0.000000 0.000000
38 19.25 0 0.000000 0.000000
39 19.75 0 0.000000 0.000000

0 0.25 984 27.145569 0.002332
1 0.75 369 27.670163 0.006508
2 1.25 244 29.478648 0.009965
3 1.75 187 30.413797 0.013001
4 2.25 156 32.321410 0.016784
5 2.75 167 33.471737 0.015765
6 3.25 140 37.926714 0.031765
7 3.75 130 42.460308 0.027242
8 4.25 126 36.998810 0.024766
9 4.75 123 31.496016 0.022057
10 5.25 92 25.750109 0.027981
11 5.75 103 20.111359 0.025822
12 6.25 74 15.079459 0.031475
13 6.75 88 9.470227 0.024072
14 7.25 73 -0.166712 0.021152
15 7.75 59 -0.191695 0.022371
16 8.25 64 0.646094 0.023712
17 8.75 67 0.252239 0.023874
18 9.25 45 0.126222 0.038420
19 9.75 37 -0.142973 0.041299
20 10.25 29 0.447931 0.044168
21 10.75 32 -0.093750 0.042527
22 11.25 42 -0.123810 0.034576
23 11.75 34 0.029706 0.044184
24 12.25 27 0.409259 0.040293
25 12.75 12 -0.084167 0.132669
26 13.25 13 -0.376923 0.083149
27 13.75 18 -0.008889 0.065785
28 14.25 19 0.207368 0.109760
29 14.75 13 -0.478462 0.099360
30 15.25 2 0.770000 0.516188
31 15.75 0 0.000000 0.000000
32 16.25 0 0.000000 0.000000
33 16.75 0 0.000000 0.000000
34 17.25 0 0.000000 0.000000
35 17.75 0 0.000000 0.000000
36 18.25 0 0.000000 0.000000
37 18.75 0 0.000000 0.000000
38 19.25 0 0.000000 0.000000
39 19.75 0 0.000000 0.000000

0 0.25 977 27.098813 0.002426
1 0.75 372 27.631183 0.006633
2 1.25 243 29.069259 0.010215
3 1.75 186 30.697473 0.013652
4 2.25 155 31.978774 0.016510
5 2.75 167 33.709222 0.015539
6 3.25 140 38.055714 0.033698
7 3.75 136 42.938015 0.027184
8 4.25 125 36.585920 0.025989
9 4.75 122 31.675574 0.027016
10 5.25 89 26.080112 0.030169
11 5.75 102 20.041569 0.025171
12 6.25 68 15.302794 0.037574
13 6.75 87 9.667011 0.028713
14 7.25 60 0.233167 0.025627
15 7.75 59 0.255932 0.021288
16 8.25 61 -0.046557 0.022257
17 8.75 67 0.196418 0.022498
18 9.25 38 0.587368 0.041036
19 9.75 37 0.468919 0.038988
20 10.25 32 0.049375 0.045563
21 10.75 29 -0.117586 0.046861
22 11.25 40 0.167500 0.041538
23 11.75 35 0.372286 0.036668
24 12.25 16 0.076250 0.093956
25 12.75 13 0.087692 0.102559
26 13.25 13 -0.373846 0.107819
27 13.75 17 0.374706 0.065688
28 14.25 16 0.150625 0.092554
29 14.75 11 -0.280909 0.162250
30 15.25 4 -0.815000 0.389532
31 15.75 0 0.000000 0.000000
32 16.25 0 0.000000 0.000000
33 16.75 0 0.000000 0.000000
34 17.25 0 0.000000 0.000000
35 17.75 0 0.000000 0.000000
36 18.25 0 0.000000 0.000000
37 18.75 0 0.000000 0.000000
38 19.25 0 0.000000 0.000000
39 19.75 0 0.000000 0.000000

0 0.25 987 27.183810 0.002226
1 0.75 380 27.676053 0.006218
2 1.25 241 28.807635 0.010195
3 1.75 187 30.443690 0.013099
4 2.25 155 32.057548 0.015503
5 2.75 166 33.547892 0.016404
6 3.25 140 38.107786 0.032358
7 3.75 138 42.397609 0.022786
8 4.25 119 36.869244 0.026250
9 4.75 128 31.285937 0.022461
10 5.25 90 26.100889 0.033921
11 5.75 104 20.001346 0.024836
12 6.25 71 15.180845 0.041337
13 6.75 79 9.922278 0.029147
14 7.25 62 -0.044032 0.025810
15 7.75 61 0.035902 0.022901
16 8.25 58 0.216207 0.026372
17 8.75 65 0.122769 0.019865
18 9.25 43 -0.106512 0.026388
19 9.75 36 0.317500 0.040642
20 10.25 33 -0.176970 0.042126
21 10.75 30 0.170000 0.035803
22 11.25 40 -0.192500 0.040589
23 11.75 35 -0.072286 0.038685
24 12.25 19 -0.691053 0.081955
25 12.75 12 -1.100833 0.063163
26 13.25 13 0.278462 0.117617
27 13.75 17 0.056471 0.130160
28 14.25 16 0.256250 0.094110
29 14.75 11 -0.618182 0.137113
30 15.25 6 -0.190000 0.116914
31 15.75 0 0.000000 0.000000
32 16.25 0 0.000000 0.000000
33 16.75 0 0.000000 0.000000
34 17.25 0 0.000000 0.000000
35 17.75 0 0.000000 0.000000
36 18.25 0 0.000000 0.000000
37 18.75 0 0.000000 0.000000
38 19.25 0 0.000000 0.000000
39 19.75 0 0.000000 0.000000

0 0.25 975 27.147692 0.002400
1 0.75 374 27.635053 0.006569
2 1.25 241 29.102988 0.010993
3 1.75 186 30.481667 0.013476
4 2.25 151 32.460265 0.017096
5 2.75 166 33.455602 0.015790
6 3.25 137 37.933285 0.032472
7 3.75 145 42.563448 0.022837
8 4.25 115 36.663565 0.026250
9 4.75 131 31.691450 0.021769
10 5.25 93 25.595376 0.031712
11 5.75 102 20.175000 0.022114
12 6.25 73 15.432740 0.032366
13 6.75 76 10.005789 0.023816
14 7.25 67 -0.271493 0.021444
15 7.75 60 0.158833 0.024818
16 8.25 61 0.056721 0.025493
17 8.75 68 -0.057353 0.020825
18 9.25 45 0.070889 0.029685
19 9.75 36 -0.184444 0.042622
20 10.25 36 -0.205000 0.034154
21 10.75 32 0.149687 0.046244
22 11.25 35 -0.206000 0.044734
23 11.75 36 0.356389 0.045581
24 12.25 21 -0.288095 0.080854
25 12.75 13 0.094615 0.136529
26 13.25 12 -0.277500 0.099007
27 13.75 16 -0.389375 0.071228
28 14.25 13 -0.303077 0.101447
29 14.75 19 -0.208421 0.058188
30 15.25 13 0.881538 0.100088
31 15.75 6 -1.296667 0.263453
32 16.25 0 0.000000 0.000000
33 16.75 0 0.000000 0.000000
34 17.25 0 0.000000 0.000000
35 17.75 0 0.000000 0.000000
36 18.25 0 0.000000 0.000000
37 18.75 0 0.000000 0.000000
38 19.25 0 0.000000 0.000000
39 19.75 0 0.000000 0.000000

0 0.25 966 27.217484 0.002357
1 0.75 381 27.735381 0.006560
2 1.25 247 29.228421 0.010613
3 1.75 185 30.473297 0.014981
4 2.25 148 32.109932 0.017008
5 2.75 166 33.578855 0.016239
6 3.25 132 37.841439 0.035239
7 3.75 149 42.371275 0.023906
8 4.25 111 36.975405 0.028747
9 4.75 137 31.926204 0.022222
10 5.25 95 26.228105 0.029547
11 5.75 95 20.163158 0.026584
12 6.25 81 15.611975 0.028038
13 6.75 75 9.716533 0.035418
14 7.25 75 0.017733 0.020990
15 7.75 60 -0.333833 0.024879
16 8.25 59 -0.282542 0.023513
17 8.75 68 0.032059 0.021735
18 9.25 57 0.141579 0.024870
19 9.75 39 0.058462 0.035954
20 10.25 34 0.200294 0.050799
21 10.75 35 -0.222571 0.047528
22 11.25 36 0.215278 0.040792
23 11.75 34 -0.052941 0.041547
24 12.25 32 0.335625 0.048565
25 12.75 20 -0.216500 0.076683
26 13.25 14 0.006429 0.081787
27 13.75 17 -0.233529 0.093032
28 14.25 12 -0.345000 0.099948
29 14.75 16 -0.440000 0.079661
30 15.25 12 0.366667 0.128797
31 15.75 8 -0.117500 0.139937
32 16.25 1 2.830000 0.000000
33 16.75 0 0.000000 0.000000
34 17.25 0 0.000000 0.000000
35 17.75 0 0.000000 0.000000
36 18.25 0 0.000000 0.000000
37 18.75 0 0.000000 0.000000
38 19.25 0 0.000000 0.000000
39 19.75 0 0.000000 0.000000

0 0.25 954 27.158826 0.002472
1 0.75 382 27.772356 0.006213
2 1.25 247 29.304737 0.010009
3 1.75 185 30.968054 0.013606
4 2.25 147 32.486259 0.016858
5 2.75 165 33.848909 0.018095
6 3.25 128 37.411641 0.033925
7 3.75 150 42.366733 0.022623
8 4.25 113 36.652832 0.026240
9 4.75 133 31.291579 0.023574
10 5.25 94 26.417766 0.029198
11 5.75 94 20.760319 0.027544
12 6.25 93 15.185376 0.024628
13 6.75 68 10.043235 0.031869
14 7.25 75 -0.165733 0.020443
15 7.75 62 0.093871 0.024577
16 8.25 57 0.042632 0.027786
17 8.75 67 -0.274030 0.023503
18 9.25 60 0.256667 0.021413
19 9.75 45 0.103111 0.035125
20 10.25 36 0.314167 0.043547
21 10.75 37 0.118649 0.050195
22 11.25 37 0.036486 0.029800
23 11.75 34 -0.336765 0.043334
24 12.25 34 0.036765 0.040180
25 12.75 23 -0.380435 0.049365
26 13.25 13 -0.300000 0.107676
27 13.75 17 -0.238824 0.073987
28 14.25 12 -0.043333 0.175848
29 14.75 15 0.062667 0.073633
30 15.25 12 -0.183333 0.132464
31 15.75 11 -0.006364 0.128220
32 16.25 3 0.933333 0.590078
33 16.75 1 -1.020000 0.000000
34 17.25 0 0.000000 0.000000
35 17.75 0 0.000000 0.000000
36 18.25 0 0.000000 0.000000
37 18.75 0 0.000000 0.000000
38 19.25 0 0.000000 0.000000
39 19.75 0 0.000000 0.000000

0 0.25 935 27.175519 0.002577
1 0.75 384 27.573542 0.006483
2 1.25 247 29.465951 0.010435
3 1.75 183 30.747760 0.016028
4 2.25 140 32.375857 0.019515
5 2.75 163 33.860184 0.017495
6 3.25 127 37.556457 0.032412
7 3.75 146 42.729452 0.025938
8 4.25 112 36.466250 0.030191
9 4.75 132 31.059015 0.020179
10 5.25 100 26.062500 0.024929
11 5.75 87 19.861264 0.028237
12 6.25 94 15.112128 0.026190
13 6.75 66 9.879697 0.033560
14 7.25 76 -0.087763 0.017611
15 7.75 59 -0.058136 0.025570
16 8.25 55 0.300909 0.026775
17 8.75 66 -0.071061 0.022807
18 9.25 65 -0.088923 0.018851
19 9.75 48 -0.423958 0.027716
20 10.25 36 0.350000 0.036436
21 10.75 37 0.084865 0.042659
22 11.25 36 -0.287222 0.044149
23 11.75 33 0.736364 0.047758
24 12.25 35 0.368000 0.047918
25 12.75 34 0.164412 0.049634
26 13.25 18 0.413333 0.082962
27 13.75 14 0.176429 0.092036
28 14.25 12 0.013333 0.132027
29 14.75 14 -0.037857 0.110049
30 15.25 14 0.237143 0.098256
31 15.75 17 0.056471 0.077495
32 16.25 9 -0.292222 0.281096
33 16.75 5 -0.434000 0.442993
34 17.25 0 0.000000 0.000000
35 17.75 0 0.000000 0.000000
36 18.25 0 0.000000 0.000000
37 18.75 0 0.000000 0.000000
38 19.25 0 0.000000 0.000000
39 19.75 0 0.000000 0.000000

0 0.25 950 27.019389 0.002456
1 0.75 393 27.869237 0.006081
2 1.25 252 29.231032 0.010008
3 1.75 183 30.802787 0.014166
4 2.25 131 32.146031 0.019363
5 2.75 170 33.611059 0.015059
6 3.25 124 37.480161 0.036345
7 3.75 143 42.012448 0.026460
8 4.25 115 36.628000 0.023981
9 4.75 124 31.275968 0.024604
10 5.25 103 26.658350 0.024670
11 5.75 83 20.766627 0.031605
12 6.25 93 14.905054 0.023866
13 6.75 73 9.960822 0.031611
14 7.25 75 0.124133 0.020047
15 7.75 60 -0.059500 0.026192
16 8.25 52 -0.153269 0.031624
17 8.75 62 0.033226 0.025760
18 9.25 64 0.036406 0.022664
19 9.75 53 -0.181132 0.030106
20 10.25 36 -0.045000 0.047531
21 10.75 38 0.161053 0.033482
22 11.25 38 -0.471053 0.047472
23 11.75 35 0.029143 0.035069
24 12.25 31 0.190968 0.049519
25 12.75 38 -0.118684 0.040012
26 13.25 23 0.305652 0.067281
27 13.75 15 0.042667 0.062399
28 14.25 13 0.030769 0.132879
29 14.75 13 -0.197692 0.114039
30 15.25 14 0.002857 0.075341
31 15.75 15 0.317333 0.119719
32 16.25 10 0.233000 0.142502
33 16.75 9 -0.092222 0.127715
34 17.25 1 -4.390000 0.000000
35 17.75 0 0.000000 0.000000
36 18.25 0 0.000000 0.000000
37 18.75 0 0.000000 0.000000
38 19.25 0 0.000000 0.000000
39 19.75 0 0.000000 0.000000

0 0.25 936 27.197329 0.002529
1 0.75 395 27.741241 0.006312
2 1.25 252 29.119484 0.009691
3 1.75 186 31.050538 0.013703
4 2.25 133 32.305263 0.021142
5 2.75 171 33.509357 0.017092
6 3.25 120 37.323000 0.038947
7 3.75 149 42.190470 0.025518
8 4.25 115 36.762261 0.026211
9 4.75 123 31.442520 0.021418
10 5.25 114 26.175175 0.025658
11 5.75 88 20.771705 0.029047
12 6.25 90 14.840000 0.024245
13 6.75 79 10.172911 0.032393
14 7.25 71 -0.095775 0.020753
15 7.75 71 -0.046901 0.018206
16 8.25 47 0.080213 0.035459
17 8.75 58 -0.164310 0.026733
18 9.25 64 -0.075156 0.023295
19 9.75 57 -0.328947 0.028770
20 10.25 40 -0.131250 0.033213
21 10.75 36 -0.150556 0.034586
22 11.25 37 -0.148378 0.037773
23 11.75 41 -0.351951 0.037924
24 12.25 29 -0.101724 0.051908
25 12.75 38 -0.268421 0.040777
26 13.25 30 -0.147333 0.051180
27 13.75 19 0.044737 0.057234
28 14.25 13 -0.545385 0.059227
29 14.75 13 0.144615 0.121229
30 15.25 13 0.090000 0.092123
31 15.75 14 0.346429 0.134965
32 16.25 16 0.355000 0.079798
33 16.75 14 -0.707857 0.106006
34 17.25 7 0.132857 0.166939
35 17.75 0 0.000000 0.000000
36 18.25 0 0.000000 0.000000
37 18.75 0 0.000000 0.000000
38 19.25 0 0.000000 0.000000
39 19.75 0 0.000000 0.000000

0 0.25 910 27.120791 0.002600
1 0.75 390 27.836410 0.006295
2 1.25 251 29.150558 0.010998
3 1.75 179 30.884078 0.013967
4 2.25 131 32.372214 0.021528
5 2.75 170 33.839294 0.015885
6 3.25 117 37.763504 0.038096
7 3.75 142 42.389507 0.027606
8 4.25 117 36.949829 0.026264
9 4.75 114 31.789211 0.025154
10 5.25 119 26.463109 0.025209
11 5.75 85 20.722118 0.033203
12 6.25 85 14.990353 0.026556
13 6.75 80 10.248625 0.027822
14 7.25 71 -0.361408 0.021602
15 7.75 72 0.056111 0.021889
16 8.25 45 0.102889 0.029115
17 8.75 53 -0.132264 0.033007
18 9.25 60 0.029000 0.022843
19 9.75 61 0.171967 0.028212
20 10.25 46 0.274348 0.030496
21 10.75 35 0.420000 0.045127
22 11.25 35 0.031429 0.048120
23 11.75 44 -0.120227 0.030948
24 12.25 30 0.088000 0.048234
25 12.75 38 -0.143947 0.032728
26 13.25 35 -0.343714 0.039343
27 13.75 24 0.780000 0.057827
28 14.25 12 -0.262500 0.129343
29 14.75 14 0.217143 0.083108
30 15.25 12 0.743333 0.149764
31 15.75 15 1.148000 0.114540
32 16.25 12 0.000833 0.109444
33 16.75 17 0.151765 0.085056
34 17.25 10 0.458000 0.156864
35 17.75 3 -0.923333 0.870468
36 18.25 0 0.000000 0.000000
37 18.75 0 0.000000 0.000000
38 19.25 0 0.000000 0.000000
39 19.75 0 0.000000 0.000000

0 0.25 906 27.050828 0.002667
1 0.75 393 27.573410 0.005850
2 1.25 255 29.023294 0.009030
3 1.75 174 30.765460 0.014428
4 2.25 128 32.835703 0.020308
5 2.75 167 33.711677 0.014835
6 3.25 121 37.805124 0.039583
7 3.75 140 42.454143 0.027328
8 4.25 119 36.887479 0.025882
9 4.75 114 31.995965 0.027757
10 5.25 123 26.279106 0.024854
11 5.75 88 20.475227 0.027184
12 6.25 83 15.122169 0.026094
13 6.75 85 9.942235 0.023259
14 7.25 68 -0.046912 0.026280
15 7.75 71 -0.099296 0.019164
16 8.25 50 -0.182000 0.029514
17 8.75 49 -0.057143 0.029766
18 9.25 57 0.307368 0.027272
19 9.75 62 -0.054677 0.026891
20 10.25 57 -0.190702 0.027460
21 10.75 35 0.236571 0.033432
22 11.25 35 0.042857 0.047290
23 11.75 41 0.057073 0.032423
24 12.25 32 0.291250 0.043949
25 12.75 37 0.267838 0.041527
26 13.25 35 -0.232857 0.047492
27 13.75 29 -0.212069 0.054193
28 14.25 17 0.439412 0.101080
29 14.75 13 -0.320769 0.109439
30 15.25 12 0.046667 0.132431
31 15.75 13 0.075385 0.139275
32 16.25 11 -0.096364 0.103947
33 16.75 13 -0.186923 0.125542
34 17.25 14 0.476429 0.086523
35 17.75 7 -0.774286 0.157795
36 18.25 0 0.000000 0.000000
37 18.75 0 0.000000 0.000000
38 19.25 0 0.000000 0.000000
39 19.75 0 0.000000 0.000000

0 0.25 896 27.127879 0.002630
1 0.75 401 27.728653 0.005771
2 1.25 262 29.100534 0.009874
3 1.75 175 31.223600 0.014413
4 2.25 128 32.288594 0.021288
5 2.75 162 33.760185 0.016096
6 3.25 126 37.078810 0.037110
7 3.75 135 42.123185 0.024633
8 4.25 121 37.350826 0.030307
9 4.75 115 31.648696 0.029154
10 5.25 124 25.702339 0.023336
11 5.75 93 20.594086 0.028844
12 6.25 83 14.888795 0.031535
13 6.75 87 9.500345 0.022077
14 7.25 69 0.112899 0.021399
15 7.75 68 0.123088 0.023140
16 8.25 57 0.053333 0.026286
17 8.75 44 0.005000 0.031643
18 9.25 53 0.341321 0.025235
19 9.75 60 -0.116000 0.023033
20 10.25 61 0.198852 0.023110
21 10.75 39 0.100513 0.032257
22 11.25 37 0.154595 0.037569
23 11.75 42 -0.144524 0.033527
24 12.25 34 -0.280000 0.052701
25 12.75 38 -0.031316 0.037976
26 13.25 32 -0.100937 0.036248
27 13.75 33 0.106667 0.039860
28 14.25 22 0.150455 0.047034
29 14.75 14 -0.043571 0.130737
30 15.25 12 -0.675000 0.138728
31 15.75 14 0.290714 0.109897
32 16.25 10 0.270000 0.126100
33 16.75 14 -0.191429 0.143064
34 17.25 17 -0.941765 0.078935
35 17.75 12 -0.705000 0.152228
36 18.25 6 -1.395000 0.377540
37 18.75 0 0.000000 0.000000
38 19.25 0 0.000000 0.000000
39 19.75 0 0.000000 0.000000

0 0.25 882 27.080340 0.002690
1 0.75 391 27.695396 0.006294
2 1.25 266 29.195714 0.009069
3 1.75 160 30.959437 0.016574
4 2.25 128 32.011719 0.020468
5 2.75 148 33.807162 0.018524
6 3.25 127 36.759370 0.036042
7 3.75 127 42.312047 0.026627
8 4.25 123 37.052927 0.026992
9 4.75 114 31.134123 0.021737
10 5.25 118 25.946695 0.024343
11 5.75 92 20.499565 0.027335
12 6.25 85 14.585294 0.029064
13 6.75 85 9.873529 0.028383
14 7.25 72 -0.039028 0.018217
15 7.75 68 0.060000 0.020650
16 8.25 64 0.210625 0.021118
17 8.75 45 -0.300222 0.034029
18 9.25 46 0.125652 0.034838
19 9.75 57 -0.298421 0.025544
20 10.25 61 0.326066 0.023205
21 10.75 44 -0.218409 0.032966
22 11.25 35 0.286000 0.057008
23 11.75 42 0.307143 0.034150
24 12.25 35 0.001429 0.040811
25 12.75 41 0.328537 0.028681
26 13.25 32 0.266250 0.047290
27 13.75 35 -0.416000 0.049876
28 14.25 32 -0.311875 0.052141
29 14.75 14 0.136429 0.126239
30 15.25 13 0.266923 0.099896
31 15.75 13 0.896154 0.124908
32 16.25 9 -0.526667 0.146538
33 16.75 14 0.522143 0.098999
34 17.25 13 0.116154 0.141671
35 17.75 14 -0.047143 0.094205
36 18.25 13 0.168462 0.111982
37 18.75 2 0.945000 0.852064
38 19.25 0 0.000000 0.000000
39 19.75 0 0.000000 0.000000

0 0.25 877 26.918712 0.003091
1 0.75 398 27.517990 0.006681
2 1.25 273 29.180586 0.009111
3 1.75 152 30.678158 0.019954
4 2.25 133 32.011353 0.024598
5 2.75 141 33.860496 0.019690
6 3.25 137 36.672336 0.035524
7 3.75 116 42.150517 0.032065
8 4.25 121 36.934050 0.025639
9 4.75 109 31.290275 0.030403
10 5.25 115 26.264087 0.023552
11 5.75 105 20.722667 0.026958
12 6.25 83 15.331928 0.028096
13 6.75 84 9.815476 0.026425
14 7.25 74 -0.044459 0.019082
15 7.75 68 -0.391324 0.020506
16 8.25 67 -0.177164 0.021169
17 8.75 46 0.060217 0.036695
18 9.25 45 0.053333 0.039079
19 9.75 50 0.100200 0.028962
20 10.25 60 0.135500 0.025276
21 10.75 54 0.080556 0.023757
22 11.25 36 -0.281667 0.036687
23 11.75 40 -0.269250 0.042307
24 12.25 33 0.476364 0.046090
25 12.75 40 0.063250 0.034229
26 13.25 35 0.101429 0.038727
27 13.75 33 0.312121 0.046793
28 14.25 35 0.186286 0.034879
29 14.75 21 0.185238 0.088667
30 15.25 14 -0.284286 0.101243
31 15.75 13 -0.151538 0.090739
32 16.25 10 0.130000 0.120080
33 16.75 13 -1.076154 0.100546
34 17.25 11 -0.275455 0.104379
35 17.75 11 -0.367273 0.165149
36 18.25 16 0.085625 0.114750
37 18.75 7 0.398571 0.126495
38 19.25 0 0.000000 0.000000
39 19.75 0 0.000000 0.000000

0 0.25 852 27.032242 0.002867
1 0.75 396 27.245606 0.007072
2 1.25 268 29.071754 0.010012
3 1.75 150 30.712467 0.019448
4 2.25 130 31.972462 0.022372
5 2.75 134 34.219478 0.021463
6 3.25 145 35.753586 0.035039
7 3.75 114 41.664561 0.029730
8 4.25 123 36.934146 0.029762
9 4.75 102 31.015294 0.025803
10 5.25 113 25.909646 0.024544
11 5.75 107 20.664953 0.023280
12 6.25 90 15.239111 0.022539
13 6.75 78 9.539872 0.030640
14 7.25 80 -0.110125 0.016564
15 7.75 63 -0.354762 0.023595
16 8.25 65 0.140154 0.023801
17 8.75 54 0.109630 0.029087
18 9.25 41 -0.078293 0.041968
19 9.75 45 -0.188667 0.031392
20 10.25 56 0.290357 0.031351
21 10.75 61 -0.057705 0.025653
22 11.25 37 0.004054 0.037996
23 11.75 40 0.121750 0.033340
24 12.25 33 0.026970 0.044606
25 12.75 40 0.227000 0.033960
26 13.25 38 -0.003684 0.040667
27 13.75 35 -0.305143 0.043877
28 14.25 33 -0.161212 0.051396
29 14.75 29 -0.307931 0.047980
30 15.25 15 -0.297333 0.103807
31 15.75 14 0.126429 0.101743
32 16.25 11 0.300000 0.099200
33 16.75 15 0.166000 0.070556
34 17.25 12 0.359167 0.119821
35 17.75 10 0.267000 0.091811
36 18.25 13 -0.175385 0.097425
37 18.75 14 0.559286 0.089133
38 19.25 4 -0.197500 0.220458
39 19.75 0 0.000000 0.000000

0 0.25 855 26.988374 0.002759
1 0.75 400 27.623775 0.005896
2 1.25 257 29.390117 0.009185
3 1.75 158 30.896962 0.016256
4 2.25 135 32.352741 0.020270
5 2.75 129 33.935039 0.020718
6 3.25 142 36.747887 0.029944
7 3.75 107 42.525981 0.034576
8 4.25 130 37.109077 0.023116
9 4.75 95 31.130842 0.024498
10 5.25 113 25.826991 0.024892
11 5.75 110 20.367364 0.026783
12 6.25 87 15.119540 0.027565
13 6.75 79 9.662278 0.030379
14 7.25 89 0.137753 0.016121
15 7.75 58 -0.078621 0.026789
16 8.25 64 0.323281 0.021461
17 8.75 60 -0.308333 0.026469
18 9.25 41 -0.206829 0.038206
19 9.75 43 -0.093721 0.037269
20 10.25 46 -0.146522 0.036341
21 10.75 60 0.117833 0.023425
22 11.25 47 0.246809 0.034015
23 11.75 39 -0.296154 0.037428
24 12.25 35 0.293429 0.039902
25 12.75 39 -0.378462 0.034146
26 13.25 40 0.059500 0.034756
27 13.75 35 -0.010000 0.040890
28 14.25 39 0.040000 0.049328
29 14.75 33 0.139091 0.037389
30 15.25 20 -0.046000 0.079581
31 15.75 15 0.081333 0.078953
32 16.25 13 -0.150000 0.079683
33 16.75 13 -0.106154 0.104686
34 17.25 12 0.240833 0.134355
35 17.75 10 0.737000 0.086644
36 18.25 12 0.094167 0.087445
37 18.75 15 0.168000 0.088266
38 19.25 11 0.011818 0.086735
39 19.75 1 1.270000 0.000000

0 0.25 830 26.990855 0.002918
1 0.75 395 27.581848 0.006191
2 1.25 251 29.410876 0.009916
3 1.75 159 30.760881 0.014176
4 2.25 135 32.606000 0.020065
5 2.75 126 34.130397 0.021350
6 3.25 146 37.522192 0.026592
7 3.75 102 41.956961 0.034738
8 4.25 126 36.389603 0.027131
9 4.75 95 31.203368 0.036430
10 5.25 111 26.246667 0.024247
11 5.75 112 20.790536 0.023445
12 6.25 83 15.111084 0.030851
13 6.75 81 9.947654 0.029103
14 7.25 90 0.036333 0.018605
15 7.75 63 -0.225079 0.025242
16 8.25 62 -0.602258 0.023382
17 8.75 61 0.152131 0.027234
18 9.25 44 0.317500 0.035751
19 9.75 43 -0.310698 0.029393
20 10.25 42 -0.202857 0.027407
21 10.75 50 -0.115200 0.031082
22 11.25 60 0.164167 0.023507
23 11.75 38 0.069474 0.038137
24 12.25 34 0.055588 0.042367
25 12.75 36 0.187222 0.046161
26 13.25 38 -0.142368 0.034005
27 13.75 36 0.283611 0.041256
28 14.25 39 -0.182821 0.038795
29 14.75 34 -0.517059 0.049230
30 15.25 32 -0.011875 0.050937
31 15.75 17 0.247059 0.088627
32 16.25 16 0.322500 0.107178
33 16.75 14 -0.517857 0.100387
34 17.25 11 0.108182 0.182959
35 17.75 12 -0.206667 0.115379
36 18.25 11 -0.475455 0.160797
37 18.75 11 0.059091 0.151702
38 19.25 14 0.018571 0.145422
39 19.75 9 0.492222 0.194915

0 0.25 824 27.184964 0.002759
1 0.75 394 27.747640 0.006013
2 1.25 249 29.052450 0.009801
3 1.75 168 30.789881 0.016484
4 2.25 131 32.550611 0.021418
5 2.75 126 33.386984 0.022047
6 3.25 147 37.989932 0.029080
7 3.75 100 42.097800 0.037858
8 4.25 119 36.566050 0.028533
9 4.75 101 31.335050 0.031799
10 5.25 105 26.130000 0.026872
11 5.75 113 20.559823 0.022511
12 6.25 86 15.230349 0.030254
13 6.75 84 9.724286 0.026734
14 7.25 84 0.157262 0.016673
15 7.75 72 -0.071111 0.025297
16 8.25 59 -0.213729 0.028519
17 8.75 60 0.101000 0.025225
18 9.25 51 0.089020 0.028049
19 9.75 40 -0.103250 0.031840
20 10.25 42 -0.202619 0.037279
21 10.75 44 -0.086591 0.032538
22 11.25 56 -0.079464 0.023427
23 11.75 45 0.349111 0.028295
24 12.25 36 0.412222 0.050966
25 12.75 38 0.182105 0.040987
26 13.25 37 -0.266486 0.047641
27 13.75 37 0.064865 0.033483
28 14.25 38 -0.143421 0.046671
29 14.75 35 -0.817429 0.042143
30 15.25 33 -0.727273 0.041503
31 15.75 27 0.573333 0.059185
32 16.25 16 0.396250 0.105134
33 16.75 15 -0.082667 0.099093
34 17.25 13 -0.653846 0.144179
35 17.75 10 -0.518000 0.115368
36 18.25 12 -0.109167 0.146321
37 18.75 11 -0.575455 0.161065
38 19.25 10 0.229000 0.136485
39 19.75 13 -0.028462 0.158035

0 0.25 813 27.136335 0.002900
1 0.75 389 27.832211 0.006316
2 1.25 250 29.143960 0.009637
3 1.75 171 30.731287 0.013889
4 2.25 129 32.256589 0.019585
5 2.75 121 33.887769 0.025217
6 3.25 140 37.877071 0.032344
7 3.75 107 42.687009 0.035187
8 4.25 109 36.986789 0.030737
9 4.75 108 31.862963 0.028775
10 5.25 98 25.853878 0.030530
11 5.75 112 20.451518 0.020411
12 6.25 95 15.035895 0.024840
13 6.75 85 9.752588 0.024939
14 7.25 83 0.039036 0.018335
15 7.75 76 -0.151842 0.020615
16 8.25 60 -0.126667 0.022689
17 8.75 56 -0.074286 0.027791
18 9.25 58 -0.002586 0.025238
19 9.75 39 -0.127179 0.036502
20 10.25 41 0.197073 0.033990
21 10.75 43 -0.382326 0.028601
22 11.25 43 0.245116 0.037142
23 11.75 54 -0.171481 0.028943
24 12.25 36 -0.243889 0.038526
25 12.75 36 -0.094167 0.041888
26 13.25 38 -0.390789 0.033680
27 13.75 37 0.031351 0.038243
28 14.25 39 0.213590 0.030653
29 14.75 35 0.092571 0.040646
30 15.25 37 0.138919 0.050232
31 15.75 33 -0.260000 0.052828
32 16.25 19 0.624211 0.095959
33 16.75 18 0.138333 0.114383
34 17.25 12 0.277500 0.127803
35 17.75 10 -0.179000 0.086776
36 18.25 14 0.591429 0.121778
37 18.75 13 -0.876923 0.132510
38 19.25 9 -0.585556 0.113552
39 19.75 12 0.307500 0.106609

0 0.25 803 27.271781 0.002929
1 0.75 388 27.362552 0.006111
2 1.25 248 28.916815 0.009997
3 1.75 176 30.670795 0.013871
4 2.25 131 32.040611 0.019280
5 2.75 117 33.861368 0.024541
6 3.25 128 37.418125 0.035155
7 3.75 118 42.927712 0.032371
8 4.25 97 36.621443 0.037385
9 4.75 110 31.519727 0.026392
10 5.25 87 26.024138 0.035460
11 5.75 110 20.167091 0.025746
12 6.25 103 15.362136 0.022881
13 6.75 76 9.563158 0.030159
14 7.25 89 -0.249326 0.015685
15 7.75 83 -0.101928 0.017700
16 8.25 59 0.377458 0.028584
17 8.75 51 0.056078 0.027234
18 9.25 61 -0.062787 0.021453
19 9.75 42 0.022619 0.034121
20 10.25 41 0.091463 0.035700
21 10.75 41 -0.045366 0.035554
22 11.25 39 0.510513 0.040943
23 11.75 47 0.046809 0.032052
24 12.25 44 -0.027955 0.032302
25 12.75 35 -0.069143 0.043939
26 13.25 37 0.197568 0.045300
27 13.75 34 0.047647 0.034959
28 14.25 36 0.067222 0.045402
29 14.75 35 0.263714 0.054987
30 15.25 35 -0.051429 0.040949
31 15.75 38 0.195263 0.042850
32 16.25 30 0.019000 0.055854
33 16.75 17 0.088824 0.114578
34 17.25 15 0.519333 0.111827
35 17.75 13 -0.733846 0.112965
36 18.25 12 0.227500 0.119187
37 18.75 11 -0.804545 0.138225
38 19.25 11 0.268182 0.134993
39 19.75 11 0.535455 0.074417

0 0.25 784 26.965102 0.003085
1 0.75 389 27.598226 0.006173
2 1.25 241 29.188008 0.009759
3 1.75 188 30.851277 0.013614
4 2.25 123 31.785122 0.022980
5 2.75 114 33.907982 0.025119
6 3.25 128 38.183906 0.034192
7 3.75 116 42.203966 0.028936
8 4.25 98 36.270510 0.035523
9 4.75 113 31.454425 0.025673
10 5.25 82 25.975244 0.034033
11 5.75 101 20.504257 0.023300
12 6.25 114 14.952368 0.023316
13 6.75 75 9.583467 0.033327
14 7.25 85 0.065412 0.016112
15 7.75 80 0.085750 0.016470
16 8.25 69 -0.246232 0.019426
17 8.75 52 0.491731 0.025711
18 9.25 57 0.063158 0.019766
19 9.75 49 -0.051837 0.028688
20 10.25 35 -0.036571 0.039299
21 10.75 46 -0.088261 0.035424
22 11.25 40 0.358500 0.034931
23 11.75 41 -0.339756 0.036412
24 12.25 46 0.316739 0.027729
25 12.75 39 0.198462 0.037723
26 13.25 36 0.136944 0.037743
27 13.75 35 0.436571 0.043478
28 14.25 35 -0.191714 0.047072
29 14.75 35 0.219143 0.042117
30 15.25 38 -0.023684 0.039923
31 15.75 38 -0.242368 0.040537
32 16.25 37 0.073784 0.033170
33 16.75 28 -0.383571 0.064809
34 17.25 16 -0.335000 0.064277
35 17.75 11 -0.413636 0.118987
36 18.25 13 -0.200000 0.127341
37 18.75 13 -0.418462 0.148679
38 19.25 11 0.590909 0.067649
39 19.75 11 -0.135455 0.149076

0 0.25 759 27.120593 0.003277
1 0.75 385 27.569273 0.006513
2 1.25 234 29.310171 0.010199
3 1.75 200 30.809000 0.012766
4 2.25 119 32.378571 0.021621
5 2.75 110 33.933818 0.026216
6 3.25 127 37.423543 0.035805
7 3.75 119 41.764118 0.026790
8 4.25 99 36.828889 0.034895
9 4.75 108 31.173889 0.030516
10 5.25 82 25.941707 0.030600
11 5.75 93 20.273226 0.027464
12 6.25 112 14.856964 0.022278
13 6.75 83 9.937590 0.028069
14 7.25 77 0.095455 0.020125
15 7.75 82 -0.097683 0.016561
16 8.25 75 0.058267 0.019255
17 8.75 52 0.662308 0.029159
18 9.25 58 0.320517 0.023191
19 9.75 53 0.088302 0.022499
20 10.25 36 0.053611 0.046488
21 10.75 39 0.367949 0.041671
22 11.25 43 -0.130698 0.029656
23 11.75 40 -0.115500 0.036923
24 12.25 42 0.345952 0.029336
25 12.75 40 -0.203000 0.039712
26 13.25 38 -0.421842 0.041784
27 13.75 34 -0.212353 0.039575
28 14.25 37 -0.289459 0.044195
29 14.75 35 -0.486857 0.043385
30 15.25 35 -0.063143 0.034806
31 15.75 38 -0.244211 0.039616
32 16.25 36 0.135556 0.043625
33 16.75 37 0.277027 0.040745
34 17.25 23 0.065217 0.065950
35 17.75 13 0.086923 0.116818
36 18.25 16 -0.376875 0.096860
37 18.75 15 -0.402000 0.090146
38 19.25 12 -0.470000 0.115910
39 19.75 11 0.476364 0.084274

0 0.25 752 27.009455 0.003067
1 0.75 394 27.670761 0.006396
2 1.25 221 29.135204 0.010687
3 1.75 211 30.903365 0.011511
4 2.25 110 32.246182 0.022154
5 2.75 104 33.985962 0.028960
6 3.25 119 37.730252 0.036767
7 3.75 116 42.715431 0.027663
8 4.25 93 36.260968 0.031504
9 4.75 100 31.106000 0.030168
10 5.25 92 26.232826 0.028214
11 5.75 84 20.246786 0.031891
12 6.25 103 15.170388 0.021579
13 6.75 97 10.107835 0.026921
14 7.25 77 0.046883 0.018670
15 7.75 81 0.290741 0.020192
16 8.25 76 -0.115921 0.019448
17 8.75 52 0.137500 0.033286
18 9.25 56 -0.206250 0.028184
19 9.75 56 -0.060357 0.029162
20 10.25 36 0.209444 0.035004
21 10.75 41 -0.090976 0.035607
22 11.25 40 0.150250 0.030459
23 11.75 39 0.051795 0.038762
24 12.25 39 -0.561026 0.031168
25 12.75 40 -0.226500 0.032806
26 13.25 38 -0.147105 0.036229
27 13.75 32 -0.065625 0.040168
28 14.25 35 -0.120571 0.043805
29 14.75 36 0.200000 0.039191
30 15.25 35 0.024857 0.038774
31 15.75 37 0.225676 0.042990
32 16.25 35 -0.095143 0.046681
33 16.75 35 -0.314286 0.035829
34 17.25 35 -0.180000 0.037205
35 17.75 12 0.340000 0.102085
36 18.25 17 -0.005882 0.093768
37 18.75 16 -0.489375 0.097908
38 19.25 14 -0.075714 0.128347
39 19.75 13 -0.058462 0.114704

0 0.25 738 27.120447 0.003034
1 0.75 391 27.557903 0.005704
2 1.25 219 28.891826 0.012230
3 1.75 211 30.827725 0.013232
4 2.25 111 32.827027 0.025940
5 2.75 104 33.507788 0.025259
6 3.25 110 37.975727 0.046008
7 3.75 117 41.893761 0.028591
8 4.25 94 36.683617 0.036555
9 4.75 97 31.277423 0.030858
10 5.25 96 25.948750 0.027388
11 5.75 75 20.591867 0.036939
12 6.25 97 15.435464 0.023606
13 6.75 105 10.110667 0.020967
14 7.25 75 0.008400 0.019730
15 7.75 79 0.007848 0.020043
16 8.25 78 -0.182692 0.018721
17 8.75 57 -0.114386 0.026164
18 9.25 57 -0.094211 0.027913
19 9.75 56 -0.265893 0.026805
20 10.25 44 -0.250909 0.032998
21 10.75 38 0.117895 0.035368
22 11.25 38 -0.162368 0.033610
23 11.75 38 0.196842 0.032914
24 12.25 37 0.255135 0.043950
25 12.75 42 0.285000 0.036258
26 13.25 36 0.007500 0.040215
27 13.75 35 0.312286 0.043749
28 14.25 37 0.165135 0.043316
29 14.75 35 -0.113714 0.045229
30 15.25 34 -0.361765 0.044291
31 15.75 37 0.172973 0.038687
32 16.25 34 0.432059 0.055396
33 16.75 37 -0.168378 0.040793
34 17.25 38 0.137368 0.049910
35 17.75 23 -0.481304 0.052094
36 18.25 20 0.180500 0.069717
37 18.75 16 -0.160000 0.096777
38 19.25 14 0.821429 0.087383
39 19.75 13 0.074615 0.099002

0 0.25 736 27.069728 0.003118
1 0.75 402 27.601816 0.005827
2 1.25 213 29.397089 0.011476
3 1.75 219 30.792877 0.011949
4 2.25 102 32.382451 0.022477
5 2.75 106 33.761132 0.025596
6 3.25 111 37.910180 0.038551
7 3.75 118 42.453305 0.029404
8 4.25 95 37.185579 0.034593
9 4.75 96 31.118958 0.029833
10 5.25 89 25.941573 0.033344
11 5.75 79 20.417342 0.030927
12 6.25 86 14.959535 0.031214
13 6.75 109 9.895505 0.018916
14 7.25 76 -0.074211 0.019961
15 7.75 71 0.122958 0.020928
16 8.25 79 0.073797 0.018095
17 8.75 65 -0.213077 0.021364
18 9.25 55 -0.208909 0.029400
19 9.75 57 -0.367018 0.025105
20 10.25 53 -0.071321 0.028775
21 10.75 34 -0.115588 0.050022
22 11.25 36 0.048889 0.043436
23 11.75 38 0.022105 0.036401
24 12.25 36 0.248889 0.047462
25 12.75 39 -0.281026 0.037250
26 13.25 40 -0.340750 0.040007
27 13.75 30 0.065000 0.056992
28 14.25 37 -0.002973 0.049264
29 14.75 35 0.174000 0.041048
30 15.25 32 0.130625 0.044938
31 15.75 36 -0.293056 0.041570
32 16.25 32 -0.506250 0.055700
33 16.75 35 0.107714 0.040789
34 17.25 36 -0.301944 0.043657
35 17.75 34 -0.690294 0.047972
36 18.25 28 -0.016786 0.044419
37 18.75 19 0.090526 0.074247
38 19.25 13 -0.186154 0.121359
39 19.75 15 0.077333 0.078500

0 0.25 711 26.979395 0.003188
1 0.75 399 27.809073 0.006499
2 1.25 204 29.353088 0.012688
3 1.75 212 30.521745 0.012080
4 2.25 106 32.410566 0.026080
5 2.75 105 33.942000 0.027071
6 3.25 105 38.106190 0.046735
7 3.75 114 42.149386 0.029808
8 4.25 97 37.335773 0.036002
9 4.75 94 31.614149 0.031799
10 5.25 92 26.004130 0.031552
11 5.75 78 20.761538 0.034672
12 6.25 80 14.937500 0.029381
13 6.75 102 9.173922 0.021385
14 7.25 89 0.074045 0.015006
15 7.75 71 0.308451 0.021872
16 8.25 74 0.024865 0.021073
17 8.75 66 0.193636 0.017887
18 9.25 58 0.181379 0.024641
19 9.75 55 -0.308364 0.030248
20 10.25 52 0.060577 0.026708
21 10.75 45 0.054000 0.034743
22 11.25 32 0.188750 0.040390
23 11.75 33 -0.284848 0.046148
24 12.25 35 0.526857 0.050687
25 12.75 41 -0.001220 0.037821
26 13.25 39 0.020769 0.033399
27 13.75 31 -0.199355 0.045563
28 14.25 35 0.363143 0.039603
29 14.75 35 -0.286000 0.045426
30 15.25 29 0.179655 0.058076
31 15.75 34 -0.486471 0.045777
32 16.25 32 0.001563 0.043960
33 16.75 32 0.147187 0.046584
34 17.25 37 0.022973 0.040084
35 17.75 32 0.211875 0.045099
36 18.25 41 -0.036341 0.030492
37 18.75 22 -0.052273 0.057999
38 19.25 15 -0.148667 0.116829
39 19.75 15 0.261333 0.092169

0 0.25 702 27.112179 0.003362
1 0.75 392 27.905281 0.006237
2 1.25 203 29.165172 0.012867
3 1.75 209 30.725885 0.012768
4 2.25 110 32.080909 0.021977
5 2.75 97 34.087526 0.026173
6 3.25 107 38.018692 0.041566
7 3.75 112 41.854821 0.029046
8 4.25 102 37.340588 0.031447
9 4.75 89 31.667865 0.038252
10 5.25 91 26.546593 0.029889
11 5.75 81 20.364321 0.028050
12 6.25 80 14.946125 0.025204
13 6.75 89 9.302921 0.028920
14 7.25 94 -0.119149 0.014622
15 7.75 72 -0.159861 0.020080
16 8.25 73 0.203425 0.017528
17 8.75 68 0.161176 0.023195
18 9.25 59 0.047458 0.023836
19 9.75 53 0.018491 0.031818
20 10.25 51 0.140784 0.028696
21 10.75 54 -0.089630 0.029369
22 11.25 31 -0.019677 0.042421
23 11.75 30 -0.136667 0.045847
24 12.25 35 -0.722571 0.036126
25 12.75 37 -0.074865 0.043257
26 13.25 36 -0.605000 0.038792
27 13.75 37 0.205405 0.045702
28 14.25 31 -0.234839 0.043698
29 14.75 31 -0.039677 0.060036
30 15.25 33 0.077273 0.039374
31 15.75 33 -0.357879 0.035716
32 16.25 33 -0.663333 0.043853
33 16.75 35 -0.161714 0.037298
34 17.25 35 0.137143 0.046658
35 17.75 30 -0.173667 0.039390
36 18.25 39 0.259231 0.039867
37 18.75 37 -0.316486 0.040805
38 19.25 17 -0.264706 0.081232
39 19.75 17 0.665294 0.090321

0 0.25 708 27.067189 0.003294
1 0.75 386 27.768601 0.006098
2 1.25 199 29.157538 0.012857
3 1.75 209 30.835789 0.012719
4 2.25 125 31.606560 0.024921
5 2.75 89 33.437079 0.030725
6 3.25 106 37.643208 0.044426
7 3.75 104 42.546827 0.039027
8 4.25 107 37.483832 0.030595
9 4.75 84 31.457738 0.039064
10 5.25 85 25.728588 0.036110
11 5.75 84 20.589643 0.030811
12 6.25 75 15.407600 0.029827
13 6.75 78 9.402308 0.030252
14 7.25 105 -0.056286 0.014011
15 7.75 73 0.120000 0.019984
16 8.25 71 0.158592 0.016979
17 8.75 68 0.232206 0.024131
18 9.25 65 0.087077 0.021844
19 9.75 52 0.409615 0.028278
20 10.25 49 0.030408 0.031715
21 10.75 55 0.131455 0.031431
22 11.25 42 -0.154524 0.035463
23 11.75 26 0.278077 0.077901
24 12.25 33 0.290909 0.049718
25 12.75 35 -0.346571 0.048827
26 13.25 34 -0.409412 0.048503
27 13.75 38 0.320000 0.045293
28 14.25 37 -0.095946 0.038269
29 14.75 28 0.270357 0.066788
30 15.25 31 0.047742 0.047686
31 15.75 32 0.394063 0.045373
32 16.25 31 0.206774 0.048927
33 16.75 33 -0.208485 0.043716
34 17.25 33 0.323333 0.041740
35 17.75 29 0.516552 0.055023
36 18.25 38 0.387105 0.044085
37 18.75 39 0.208205 0.037506
38 19.25 26 0.074231 0.063508
39 19.75 21 -0.650952 0.076704

