# stratiform Vertical Profile Reflectivity (VPR) with Standard Deviation
# Format: bin_index bin_center_height_km point_count avg_reflectivity_dBZ std_deviation_dBZ
# Height bins: 0-20 km in 0.5 km increments
# Bins 0-39: stratiform
# Standard deviation is sample standard deviation (dividing by n-1)
#
0 0.25 0 0.000000 0.000000
1 0.75 711 28.181477 0.002822
2 1.25 36 30.262500 0.055299
3 1.75 228 30.684956 0.010318
4 2.25 212 32.195943 0.011049
5 2.75 7 34.748571 0.264003
6 3.25 141 38.525390 0.028483
7 3.75 96 43.471146 0.031451
8 4.25 78 35.409744 0.037812
9 4.75 147 31.662993 0.018401
10 5.25 7 28.135714 0.268545
11 5.75 0 0.000000 0.000000
12 6.25 18 13.721111 0.079134
13 6.75 54 9.071111 0.031486
14 7.25 110 -0.107182 0.006053
15 7.75 55 -0.050364 0.012011
16 8.25 18 -0.078889 0.044750
17 8.75 39 -0.212821 0.016278
18 9.25 82 -0.082073 0.010684
19 9.75 76 0.099342 0.009619
20 10.25 24 -0.018333 0.026635
21 10.75 6 0.533333 0.130169
22 11.25 18 -0.035556 0.052141
23 11.75 31 0.046129 0.019803
24 12.25 63 -0.023016 0.010311
25 12.75 67 -0.004030 0.010753
26 13.25 51 0.055686 0.015324
27 13.75 25 -0.134400 0.028880
28 14.25 18 -0.185556 0.042204
29 14.75 35 0.160286 0.017987
30 15.25 57 0.144386 0.013908
31 15.75 52 -0.030192 0.013631
32 16.25 50 -0.190600 0.017178
33 16.75 39 0.014615 0.019579
34 17.25 13 -0.189231 0.063338
35 17.75 26 0.137308 0.028770
36 18.25 40 0.104250 0.015610
37 18.75 44 -0.261364 0.015761
38 19.25 46 -0.034130 0.019777
39 19.75 38 -0.039211 0.018320

0 0.25 0 0.000000 0.000000
1 0.75 717 28.068563 0.002868
2 1.25 54 29.200185 0.036477
3 1.75 225 30.788844 0.007892
4 2.25 198 32.312374 0.011217
5 2.75 12 34.525833 0.180886
6 3.25 159 38.505031 0.025066
7 3.75 79 43.772532 0.041562
8 4.25 96 36.117813 0.032039
9 4.75 128 31.634922 0.023106
10 5.25 0 0.000000 0.000000
11 5.75 0 0.000000 0.000000
12 6.25 28 14.365714 0.052504
13 6.75 69 9.148116 0.026306
14 7.25 107 0.004486 0.006898
15 7.75 38 0.050000 0.020920
16 8.25 21 0.057619 0.031539
17 8.75 50 -0.002400 0.016667
18 9.25 85 0.061412 0.009127
19 9.75 70 -0.057286 0.009946
20 10.25 8 0.296250 0.100743
21 10.75 12 0.210000 0.060171
22 11.25 24 -0.215833 0.031528
23 11.75 39 -0.128974 0.018124
24 12.25 68 0.073824 0.011126
25 12.75 65 -0.044462 0.010757
26 13.25 47 -0.069787 0.017221
27 13.75 19 -0.074737 0.034824
28 14.25 24 0.085833 0.033066
29 14.75 43 0.113721 0.017284
30 15.25 57 -0.057895 0.013471
31 15.75 54 0.150370 0.013586
32 16.25 44 0.052045 0.016320
33 16.75 25 -0.005600 0.029239
34 17.25 21 0.080000 0.028280
35 17.75 31 0.030000 0.024931
36 18.25 48 0.020417 0.015002
37 18.75 44 0.036364 0.016627
38 19.25 44 0.112045 0.017293
39 19.75 34 0.234412 0.023458

0 0.25 0 0.000000 0.000000
1 0.75 720 28.038292 0.002897
2 1.25 67 29.936716 0.036839
3 1.75 219 30.558128 0.010084
4 2.25 195 32.289949 0.012810
5 2.75 23 33.662609 0.113865
6 3.25 167 38.035329 0.024679
7 3.75 69 43.063623 0.050117
8 4.25 117 36.326838 0.023138
9 4.75 106 32.371415 0.025347
10 5.25 0 0.000000 0.000000
11 5.75 3 18.456667 0.486305
12 6.25 35 14.092286 0.053496
13 6.75 85 9.184235 0.021584
14 7.25 99 0.079798 0.008335
15 7.75 30 0.149333 0.023997
16 8.25 28 -0.026786 0.028973
17 8.75 66 0.102121 0.012033
18 9.25 82 0.055854 0.009455
19 9.75 58 0.083103 0.013781
20 10.25 5 -0.212000 0.130387
21 10.75 16 0.203125 0.057808
22 11.25 27 -0.147407 0.028120
23 11.75 52 0.040769 0.012687
24 12.25 64 0.039063 0.011459
25 12.75 64 0.019687 0.011555
26 13.25 33 -0.193939 0.016063
27 13.75 21 -0.265238 0.035939
28 14.25 32 0.116250 0.021896
29 14.75 52 0.175769 0.014605
30 15.25 53 0.019623 0.011777
31 15.75 53 0.018868 0.014256
32 16.25 36 -0.055556 0.019859
33 16.75 21 0.070476 0.047525
34 17.25 22 -0.002273 0.029910
35 17.75 40 -0.026750 0.018966
36 18.25 46 -0.051522 0.015956
37 18.75 43 0.174651 0.020928
38 19.25 41 -0.112439 0.018119
39 19.75 25 0.055200 0.031894

0 0.25 0 0.000000 0.000000
1 0.75 700 27.829329 0.002816
2 1.25 75 29.821200 0.029081
3 1.75 214 30.525794 0.010010
4 2.25 175 32.013143 0.011568
5 2.75 28 33.523571 0.083931
6 3.25 177 37.846045 0.023213
7 3.75 53 42.943585 0.072763
8 4.25 124 36.770403 0.022335
9 4.75 83 32.786145 0.033459
10 5.25 0 0.000000 0.000000
11 5.75 8 18.571250 0.173558
12 6.25 40 14.603000 0.054249
13 6.75 95 9.196947 0.017086
14 7.25 89 0.049213 0.007906
15 7.75 17 0.126471 0.042588
16 8.25 32 0.063125 0.021132
17 8.75 73 0.101096 0.010738
18 9.25 80 -0.082000 0.009701
19 9.75 37 0.036216 0.025036
20 10.25 9 0.026667 0.063360
21 10.75 20 -0.014500 0.044410
22 11.25 30 -0.131667 0.025377
23 11.75 65 0.083231 0.013705
24 12.25 63 0.255397 0.011830
25 12.75 61 -0.090984 0.012115
26 13.25 19 0.185263 0.056720
27 13.75 22 -0.094545 0.039868
28 14.25 37 -0.105676 0.020475
29 14.75 57 -0.058596 0.011672
30 15.25 56 -0.043750 0.013839
31 15.75 49 -0.044490 0.011768
32 16.25 27 -0.202222 0.032772
33 16.75 23 0.155652 0.031824
34 17.25 31 0.076129 0.024520
35 17.75 45 0.108444 0.015785
36 18.25 45 -0.041556 0.018176
37 18.75 38 -0.141579 0.016102
38 19.25 36 -0.042222 0.024081
39 19.75 16 -0.115000 0.051452

0 0.25 0 0.000000 0.000000
1 0.75 709 28.130367 0.002920
2 1.25 97 29.267835 0.020914
3 1.75 211 30.551611 0.010740
4 2.25 159 32.069371 0.014675
5 2.75 37 34.469459 0.049811
6 3.25 180 37.694889 0.021340
7 3.75 53 42.220755 0.069427
8 4.25 133 36.703985 0.022793
9 4.75 63 32.509841 0.034754
10 5.25 0 0.000000 0.000000
11 5.75 11 19.068182 0.156657
12 6.25 49 14.574490 0.040211
13 6.75 101 9.476634 0.017450
14 7.25 72 -0.063472 0.011556
15 7.75 20 0.374500 0.022099
16 8.25 39 0.012821 0.019061
17 8.75 80 0.022000 0.010138
18 9.25 75 0.059067 0.010612
19 9.75 21 -0.228571 0.031537
20 10.25 12 -0.261667 0.059918
21 10.75 23 0.040000 0.041701
22 11.25 36 0.018056 0.021403
23 11.75 69 0.022754 0.011190
24 12.25 63 -0.085397 0.011863
25 12.75 48 -0.003125 0.015168
26 13.25 17 0.207059 0.044512
27 13.75 28 -0.110714 0.020757
28 14.25 47 0.086596 0.017199
29 14.75 57 0.137018 0.014689
30 15.25 58 -0.071724 0.013553
31 15.75 42 0.097619 0.018147
32 16.25 18 -0.185000 0.034234
33 16.75 27 -0.085556 0.027767
34 17.25 38 -0.060526 0.020115
35 17.75 46 -0.115435 0.017938
36 18.25 43 -0.101163 0.015658
37 18.75 39 0.073333 0.016004
38 19.25 28 -0.278214 0.031092
39 19.75 11 -0.109091 0.051162

0 0.25 0 0.000000 0.000000
1 0.75 726 27.794063 0.002596
2 1.25 132 29.823864 0.015091
3 1.75 214 30.834019 0.011290
4 2.25 141 32.012837 0.015931
5 2.75 54 34.850370 0.039095
6 3.25 183 36.960656 0.022263
7 3.75 55 41.347818 0.072451
8 4.25 149 36.911812 0.019569
9 4.75 47 33.101489 0.059559
10 5.25 0 0.000000 0.000000
11 5.75 19 19.967895 0.092122
12 6.25 61 14.491967 0.035229
13 6.75 105 9.665143 0.017388
14 7.25 60 -0.005667 0.011335
15 7.75 24 0.124583 0.033377
16 8.25 49 0.140816 0.014666
17 8.75 89 -0.017191 0.007539
18 9.25 64 -0.102344 0.013190
19 9.75 12 0.140000 0.072644
20 10.25 15 0.022000 0.062113
21 10.75 31 0.190645 0.019937
22 11.25 47 -0.052128 0.016577
23 11.75 70 -0.010143 0.010853
24 12.25 63 0.112698 0.012614
25 12.75 32 0.140625 0.023701
26 13.25 22 0.250455 0.038943
27 13.75 37 0.022162 0.018382
28 14.25 56 -0.090357 0.013075
29 14.75 58 0.001207 0.012833
30 15.25 51 -0.002745 0.016805
31 15.75 32 -0.020625 0.022288
32 16.25 22 0.070455 0.035846
33 16.75 32 0.080312 0.019863
34 17.25 45 -0.030000 0.014382
35 17.75 45 -0.050000 0.015942
36 18.25 41 0.016098 0.016699
37 18.75 36 -0.153611 0.021587
38 19.25 19 0.090526 0.030276
39 19.75 15 0.200667 0.051949

0 0.25 0 0.000000 0.000000
1 0.75 710 27.830042 0.002931
2 1.25 151 29.649338 0.014312
3 1.75 215 30.763721 0.010260
4 2.25 117 31.953675 0.017859
5 2.75 68 33.921471 0.035423
6 3.25 173 36.450578 0.019873
7 3.75 62 41.830806 0.061562
8 4.25 153 36.583922 0.017965
9 4.75 26 33.320769 0.096733
10 5.25 0 0.000000 0.000000
11 5.75 27 20.318519 0.084049
12 6.25 78 14.540769 0.025962
13 6.75 102 9.702549 0.017331
14 7.25 47 0.013404 0.017906
15 7.75 31 -0.100000 0.025133
16 8.25 62 0.025161 0.012131
17 8.75 88 -0.116136 0.009823
18 9.25 54 -0.103148 0.014733
19 9.75 7 0.364286 0.130652
20 10.25 19 -0.227895 0.035244
21 10.75 34 -0.247647 0.020704
22 11.25 58 0.146379 0.012195
23 11.75 69 0.062029 0.011880
24 12.25 59 -0.005254 0.012931
25 12.75 24 -0.029167 0.036273
26 13.25 26 -0.026923 0.030861
27 13.75 45 0.043778 0.013302
28 14.25 56 -0.041071 0.013521
29 14.75 58 -0.124483 0.013148
30 15.25 48 -0.122708 0.016783
31 15.75 18 0.307778 0.027785
32 16.25 26 -0.166154 0.022017
33 16.75 45 -0.075778 0.015237
34 17.25 46 -0.227609 0.015047
35 17.75 40 -0.130750 0.013724
36 18.25 39 -0.085385 0.020436
37 18.75 26 0.220769 0.026037
38 19.25 12 -0.360000 0.054293
39 19.75 16 -0.026875 0.039051

0 0.25 0 0.000000 0.000000
1 0.75 716 27.661187 0.002813
2 1.25 167 29.820000 0.012372
3 1.75 215 30.739674 0.010178
4 2.25 95 32.238842 0.024005
5 2.75 83 34.251566 0.028213
6 3.25 157 36.009682 0.020930
7 3.75 75 41.391467 0.046032
8 4.25 150 37.258133 0.019964
9 4.75 12 34.438333 0.181556
10 5.25 2 22.690000 0.742462
11 5.75 32 20.183125 0.076445
12 6.25 88 14.552159 0.022696
13 6.75 95 9.735158 0.018153
14 7.25 32 0.243437 0.024144
15 7.75 35 -0.088857 0.021642
16 8.25 73 -0.058630 0.010393
17 8.75 82 -0.009634 0.008744
18 9.25 36 -0.049167 0.023609
19 9.75 11 0.090000 0.069017
20 10.25 23 0.006522 0.032099
21 10.75 43 0.031628 0.017181
22 11.25 63 -0.011429 0.011062
23 11.75 69 -0.055652 0.011519
24 12.25 49 0.074082 0.013669
25 12.75 21 -0.050000 0.044763
26 13.25 33 -0.105152 0.025036
27 13.75 53 -0.100566 0.015110
28 14.25 58 -0.107931 0.011369
29 14.75 56 0.160536 0.013948
30 15.25 40 -0.018500 0.015887
31 15.75 19 -0.116316 0.033667
32 16.25 30 -0.068333 0.021625
33 16.75 52 0.060769 0.015225
34 17.25 44 0.038864 0.017798
35 17.75 43 0.020930 0.015593
36 18.25 38 -0.095526 0.019900
37 18.75 18 -0.195556 0.031958
38 19.25 15 -0.224000 0.050016
39 19.75 19 -0.175789 0.060540

0 0.25 0 0.000000 0.000000
1 0.75 717 27.721311 0.002848
2 1.25 192 29.402865 0.011694
3 1.75 217 30.846452 0.010275
4 2.25 71 31.851972 0.032380
5 2.75 111 33.950180 0.022583
6 3.25 139 35.542086 0.024163
7 3.75 87 41.588161 0.038582
8 4.25 139 37.463165 0.021264
9 4.75 1 30.530000 0.000000
10 5.25 8 24.326250 0.230041
11 5.75 39 19.696923 0.055967
12 6.25 104 14.916538 0.018259
13 6.75 88 9.829886 0.019937
14 7.25 27 -0.039630 0.020643
15 7.75 43 -0.020930 0.016094
16 8.25 83 -0.070964 0.008443
17 8.75 76 -0.026184 0.010199
18 9.25 22 -0.002727 0.041630
19 9.75 16 0.120000 0.046627
20 10.25 27 -0.090370 0.032695
21 10.75 56 0.162679 0.013402
22 11.25 62 0.031452 0.011737
23 11.75 70 -0.057571 0.011441
24 12.25 34 0.099118 0.018484
25 12.75 27 0.126667 0.025623
26 13.25 38 -0.135526 0.019614
27 13.75 55 0.046545 0.014477
28 14.25 57 -0.047193 0.013964
29 14.75 53 -0.120755 0.013271
30 15.25 28 0.015357 0.025980
31 15.75 25 0.008000 0.034382
32 16.25 41 0.102927 0.016972
33 16.75 51 0.170980 0.014910
34 17.25 42 0.054524 0.018403
35 17.75 43 0.078837 0.020086
36 18.25 31 -0.253226 0.023805
37 18.75 13 -0.235385 0.058795
38 19.25 18 -0.298333 0.039990
39 19.75 25 -0.185600 0.029634

0 0.25 0 0.000000 0.000000
1 0.75 711 27.548790 0.002745
2 1.25 203 29.596897 0.009686
3 1.75 214 30.917897 0.010338
4 2.25 55 31.932545 0.040234
5 2.75 124 33.936210 0.020235
6 3.25 125 36.200240 0.027316
7 3.75 104 41.058846 0.030823
8 4.25 115 37.828609 0.025825
9 4.75 0 0.000000 0.000000
10 5.25 14 24.123571 0.115056
11 5.75 47 20.158936 0.040882
12 6.25 109 14.779725 0.018659
13 6.75 75 9.900133 0.023252
14 7.25 26 0.117308 0.024874
15 7.75 48 0.049583 0.013579
16 8.25 85 -0.006235 0.008899
17 8.75 69 0.094058 0.009777
18 9.25 17 -0.160588 0.043024
19 9.75 20 0.051000 0.036578
20 10.25 31 -0.230645 0.028974
21 10.75 62 0.003548 0.011873
22 11.25 63 -0.075079 0.011235
23 11.75 64 -0.082188 0.011645
24 12.25 27 -0.181481 0.023023
25 12.75 29 -0.095172 0.023184
26 13.25 50 0.155400 0.014544
27 13.75 59 0.065085 0.012326
28 14.25 55 -0.072727 0.015695
29 14.75 49 -0.032449 0.014424
30 15.25 21 -0.338571 0.036393
31 15.75 26 -0.302308 0.032915
32 16.25 44 -0.054318 0.016219
33 16.75 49 -0.203469 0.014160
34 17.25 42 -0.026905 0.018100
35 17.75 36 0.182778 0.019653
36 18.25 18 0.112778 0.050080
37 18.75 19 -0.091053 0.046043
38 19.25 18 0.073333 0.050485
39 19.75 30 -0.094667 0.026702

0 0.25 0 0.000000 0.000000
1 0.75 704 27.728395 0.002777
2 1.25 220 29.487000 0.009332
3 1.75 217 30.764147 0.010388
4 2.25 40 32.449750 0.051746
5 2.75 148 34.114459 0.017569
6 3.25 109 36.387615 0.034057
7 3.75 120 42.117417 0.023502
8 4.25 96 37.858021 0.028696
9 4.75 0 0.000000 0.000000
10 5.25 19 25.311053 0.083281
11 5.75 58 20.041552 0.040585
12 6.25 113 15.270885 0.017012
13 6.75 58 10.308621 0.029391
14 7.25 29 -0.047586 0.030705
15 7.75 66 -0.060455 0.012277
16 8.25 83 0.073373 0.009881
17 8.75 52 0.081346 0.012551
18 9.25 13 0.004615 0.047433
19 9.75 26 -0.146538 0.035350
20 10.25 40 0.055750 0.021052
21 10.75 71 -0.047324 0.010913
22 11.25 64 0.137344 0.012168
23 11.75 56 -0.064464 0.015305
24 12.25 21 0.063333 0.035984
25 12.75 37 0.129730 0.018581
26 13.25 57 0.008421 0.013518
27 13.75 59 -0.044407 0.011365
28 14.25 51 -0.002157 0.013973
29 14.75 37 0.122973 0.016039
30 15.25 24 0.001250 0.024349
31 15.75 41 -0.314146 0.018128
32 16.25 45 -0.064667 0.017131
33 16.75 53 -0.067547 0.012603
34 17.25 40 0.156250 0.020322
35 17.75 29 -0.162414 0.022783
36 18.25 11 0.157273 0.077649
37 18.75 22 0.176364 0.028884
38 19.25 24 -0.095833 0.033884
39 19.75 40 -0.125750 0.019630

0 0.25 0 0.000000 0.000000
1 0.75 713 27.668640 0.002804
2 1.25 236 29.545636 0.009387
3 1.75 220 30.933955 0.010546
4 2.25 31 31.626774 0.070280
5 2.75 161 33.913789 0.017081
6 3.25 93 36.972043 0.041254
7 3.75 134 41.845224 0.022502
8 4.25 75 38.187467 0.036887
9 4.75 0 0.000000 0.000000
10 5.25 25 25.581200 0.083429
11 5.75 70 19.906143 0.028172
12 6.25 109 14.939174 0.016258
13 6.75 45 10.346222 0.039940
14 7.25 35 -0.030286 0.026707
15 7.75 76 -0.008816 0.009827
16 8.25 79 0.141519 0.008004
17 8.75 40 0.153500 0.016944
18 9.25 15 -0.288000 0.032548
19 9.75 26 -0.084231 0.032001
20 10.25 50 0.123600 0.012619
21 10.75 70 0.167000 0.008936
22 11.25 63 -0.000317 0.013067
23 11.75 38 -0.164211 0.017901
24 12.25 26 -0.109231 0.025168
25 12.75 48 -0.000208 0.016200
26 13.25 58 0.020862 0.013285
27 13.75 63 0.030635 0.010607
28 14.25 45 -0.094444 0.016893
29 14.75 25 -0.050800 0.023416
30 15.25 31 -0.070645 0.022556
31 15.75 46 -0.120652 0.014885
32 16.25 44 -0.166591 0.019321
33 16.75 52 0.128654 0.013778
34 17.25 38 0.023684 0.020063
35 17.75 18 -0.020556 0.033236
36 18.25 15 0.348667 0.049452
37 18.75 24 0.007500 0.033795
38 19.25 29 -0.162069 0.019366
39 19.75 43 0.002558 0.016430

0 0.25 0 0.000000 0.000000
1 0.75 709 27.443371 0.002823
2 1.25 246 29.291260 0.009016
3 1.75 226 31.150398 0.010500
4 2.25 24 32.402917 0.125845
5 2.75 176 33.772727 0.013754
6 3.25 80 36.772750 0.053602
7 3.75 148 41.928176 0.021421
8 4.25 57 38.781579 0.047184
9 4.75 1 30.780000 0.000000
10 5.25 36 25.246667 0.051038
11 5.75 89 20.012247 0.023181
12 6.25 103 15.240291 0.019578
13 6.75 39 10.302308 0.038373
14 7.25 41 0.102195 0.023298
15 7.75 84 0.095714 0.009185
16 8.25 72 -0.004306 0.009204
17 8.75 26 0.056154 0.031167
18 9.25 20 -0.027500 0.047387
19 9.75 34 0.019412 0.023167
20 10.25 62 0.039194 0.011922
21 10.75 70 0.037143 0.010234
22 11.25 61 0.093770 0.010983
23 11.75 28 -0.105714 0.024628
24 12.25 33 0.126970 0.022258
25 12.75 56 0.021429 0.013149
26 13.25 61 0.027705 0.010793
27 13.75 58 -0.130172 0.011761
28 14.25 40 0.007000 0.015167
29 14.75 27 0.072222 0.029395
30 15.25 40 -0.061750 0.021141
31 15.75 45 0.034000 0.017487
32 16.25 46 0.054565 0.014665
33 16.75 49 0.191837 0.017419
34 17.25 28 -0.105357 0.024433
35 17.75 14 -0.042143 0.064471
36 18.25 18 -0.041111 0.039983
37 18.75 32 0.101562 0.026109
38 19.25 36 -0.021944 0.020001
39 19.75 41 0.084390 0.013967

0 0.25 0 0.000000 0.000000
1 0.75 703 27.491707 0.002930
2 1.25 244 29.438115 0.008725
3 1.75 222 30.914279 0.009517
4 2.25 27 32.337407 0.096228
5 2.75 180 33.544778 0.013518
6 3.25 75 37.109867 0.051434
7 3.75 149 41.966510 0.021289
8 4.25 35 37.520000 0.072446
9 4.75 7 30.357143 0.162769
10 5.25 35 25.762857 0.054985
11 5.75 99 20.257879 0.018866
12 6.25 97 15.249588 0.020819
13 6.75 28 9.795000 0.078324
14 7.25 48 0.072500 0.015617
15 7.75 88 -0.069886 0.008854
16 8.25 65 -0.118154 0.011078
17 8.75 22 -0.075455 0.026762
18 9.25 22 -0.149091 0.030200
19 9.75 40 0.146000 0.019151
20 10.25 65 0.019538 0.011848
21 10.75 71 0.050563 0.011427
22 11.25 51 0.008431 0.015376
23 11.75 24 0.264583 0.026779
24 12.25 37 0.030270 0.020226
25 12.75 60 -0.048333 0.012499
26 13.25 60 0.053333 0.011331
27 13.75 54 0.004815 0.015025
28 14.25 27 0.224815 0.030209
29 14.75 33 0.248788 0.024252
30 15.25 46 -0.028696 0.015226
31 15.75 45 -0.010000 0.017382
32 16.25 44 -0.135682 0.016561
33 16.75 44 0.078182 0.015339
34 17.25 16 0.114375 0.048688
35 17.75 17 -0.002353 0.047786
36 18.25 19 0.044737 0.049181
37 18.75 38 0.015263 0.022559
38 19.25 35 -0.080000 0.020329
39 19.75 40 -0.121500 0.018938

0 0.25 8 25.947500 0.265165
1 0.75 701 27.452896 0.002889
2 1.25 261 29.285402 0.008052
3 1.75 219 30.916301 0.010469
4 2.25 36 32.539722 0.075519
5 2.75 188 33.497553 0.013131
6 3.25 80 38.738750 0.053942
7 3.75 152 42.527039 0.020896
8 4.25 19 38.789474 0.142656
9 4.75 10 30.447000 0.168570
10 5.25 45 25.526889 0.048849
11 5.75 106 20.471509 0.019762
12 6.25 85 15.527882 0.023056
13 6.75 28 9.341071 0.072852
14 7.25 64 0.013125 0.012836
15 7.75 87 0.198161 0.008535
16 8.25 56 -0.024107 0.012191
17 8.75 17 -0.004118 0.036169
18 9.25 27 0.177037 0.021671
19 9.75 50 -0.051600 0.014752
20 10.25 68 0.156029 0.012147
21 10.75 73 0.004384 0.008966
22 11.25 37 -0.078108 0.017619
23 11.75 30 0.043333 0.021336
24 12.25 50 0.035800 0.015345
25 12.75 63 0.069365 0.013860
26 13.25 58 0.150172 0.013890
27 13.75 45 -0.008444 0.013852
28 14.25 22 0.049545 0.042002
29 14.75 40 -0.155750 0.020916
30 15.25 45 0.041333 0.013020
31 15.75 49 0.008571 0.012895
32 16.25 46 0.075000 0.017398
33 16.75 33 0.147576 0.019073
34 17.25 15 -0.221333 0.036929
35 17.75 21 -0.106190 0.027259
36 18.25 27 0.082593 0.026310
37 18.75 43 0.014186 0.017498
38 19.25 34 -0.070882 0.023942
39 19.75 38 0.179474 0.020763

0 0.25 21 26.718095 0.102583
1 0.75 691 27.375658 0.002919
2 1.25 259 29.141544 0.008275
3 1.75 209 30.757512 0.010698
4 2.25 48 32.670000 0.052752
5 2.75 188 33.518245 0.011818
6 3.25 77 38.934416 0.071073
7 3.75 149 42.335570 0.019988
8 4.25 6 40.150000 0.292924
9 4.75 16 30.230625 0.161475
10 5.25 56 25.737857 0.045927
11 5.75 111 20.563514 0.018164
12 6.25 68 15.756324 0.026377
13 6.75 35 9.573143 0.055145
14 7.25 75 -0.143867 0.008964
15 7.75 83 0.157711 0.009616
16 8.25 40 -0.098750 0.020666
17 8.75 21 -0.214286 0.036406
18 9.25 32 0.079688 0.029864
19 9.75 64 -0.062969 0.011506
20 10.25 71 -0.044085 0.010606
21 10.75 64 -0.122500 0.010968
22 11.25 32 0.023125 0.021130
23 11.75 35 0.002571 0.017230
24 12.25 60 -0.003667 0.013024
25 12.75 62 -0.008226 0.010589
26 13.25 55 -0.032182 0.013910
27 13.75 35 -0.040286 0.025553
28 14.25 28 -0.274643 0.023876
29 14.75 49 -0.250408 0.015774
30 15.25 47 0.026809 0.013490
31 15.75 48 0.042917 0.018102
32 16.25 38 -0.178684 0.017993
33 16.75 23 0.327391 0.029987
34 17.25 17 -0.155882 0.030286
35 17.75 24 -0.210417 0.035805
36 18.25 34 0.153824 0.023781
37 18.75 43 0.069302 0.021611
38 19.25 34 0.105882 0.023401
39 19.75 36 0.058056 0.020424

0 0.25 36 27.295278 0.046350
1 0.75 692 27.341373 0.002821
2 1.25 264 29.188750 0.008442
3 1.75 206 30.590680 0.010117
4 2.25 61 32.154918 0.043031
5 2.75 186 33.847366 0.013543
6 3.25 96 39.254896 0.047501
7 3.75 137 42.765985 0.023775
8 4.25 0 0.000000 0.000000
9 4.75 24 31.724167 0.094926
10 5.25 74 25.597162 0.030056
11 5.75 112 20.604286 0.021732
12 6.25 56 15.601786 0.034228
13 6.75 41 9.010732 0.040082
14 7.25 85 0.056706 0.009067
15 7.75 76 0.015000 0.009652
16 8.25 28 0.056786 0.023428
17 8.75 26 -0.187308 0.032770
18 9.25 40 -0.262000 0.016111
19 9.75 70 0.185857 0.009396
20 10.25 74 -0.066757 0.009931
21 10.75 52 -0.084615 0.015728
22 11.25 28 0.023929 0.029299
23 11.75 48 -0.066042 0.018700
24 12.25 63 -0.025714 0.011580
25 12.75 61 0.029344 0.012625
26 13.25 50 -0.011800 0.015477
27 13.75 26 0.075385 0.024945
28 14.25 38 -0.030526 0.015930
29 14.75 50 0.205200 0.010590
30 15.25 49 -0.097551 0.015450
31 15.75 45 0.090667 0.018002
32 16.25 32 0.055313 0.022820
33 16.75 18 0.220000 0.037617
34 17.25 22 -0.179545 0.030821
35 17.75 35 -0.119429 0.017897
36 18.25 37 -0.115676 0.024585
37 18.75 41 0.031463 0.019920
38 19.25 31 -0.020000 0.025112
39 19.75 31 -0.139032 0.027040

0 0.25 51 27.136863 0.036805
1 0.75 675 27.489230 0.003056
2 1.25 265 29.368868 0.007657
3 1.75 194 30.664021 0.010482
4 2.25 76 32.536974 0.033903
5 2.75 174 33.443506 0.013357
6 3.25 109 39.336881 0.036051
7 3.75 116 43.357241 0.028867
8 4.25 3 32.796667 0.607859
9 4.75 32 30.790938 0.074280
10 5.25 87 25.327011 0.025083
11 5.75 109 20.428349 0.021208
12 6.25 45 16.111111 0.050787
13 6.75 48 9.368958 0.031709
14 7.25 87 -0.055977 0.009163
15 7.75 71 -0.031268 0.011617
16 8.25 21 0.310000 0.032371
17 8.75 27 -0.208148 0.026212
18 9.25 51 0.081373 0.012736
19 9.75 74 -0.062027 0.010263
20 10.25 66 -0.035152 0.009791
21 10.75 44 -0.163636 0.017014
22 11.25 31 0.051613 0.022473
23 11.75 56 0.025000 0.012630
24 12.25 63 0.128571 0.010966
25 12.75 58 0.109310 0.013064
26 13.25 40 -0.003000 0.013461
27 13.75 32 0.022500 0.024549
28 14.25 43 0.127674 0.019743
29 14.75 54 0.081481 0.016255
30 15.25 45 0.031556 0.015251
31 15.75 44 -0.198409 0.018147
32 16.25 24 -0.139167 0.029205
33 16.75 18 0.017778 0.035711
34 17.25 25 0.036800 0.033286
35 17.75 39 0.137692 0.020389
36 18.25 36 0.014444 0.026037
37 18.75 39 -0.124872 0.018266
38 19.25 26 -0.279615 0.032033
39 19.75 25 0.012800 0.026013

0 0.25 73 27.005205 0.027240
1 0.75 658 27.235334 0.002996
2 1.25 269 29.276171 0.008211
3 1.75 181 30.431657 0.011911
4 2.25 101 32.463465 0.020961
5 2.75 155 33.560387 0.014829
6 3.25 124 38.670645 0.035425
7 3.75 90 43.153111 0.037409
8 4.25 6 33.995000 0.328439
9 4.75 37 30.989189 0.065173
10 5.25 97 25.690722 0.025003
11 5.75 103 20.686214 0.020492
12 6.25 35 15.463429 0.065276
13 6.75 63 9.165714 0.029383
14 7.25 86 0.037674 0.009143
15 7.75 58 -0.145172 0.011003
16 8.25 21 -0.044286 0.026301
17 8.75 37 0.066486 0.020471
18 9.25 58 -0.016552 0.012908
19 9.75 76 -0.077237 0.009698
20 10.25 66 0.101061 0.009972
21 10.75 31 0.200968 0.016269
22 11.25 40 -0.186500 0.016883
23 11.75 68 0.203382 0.010880
24 12.25 60 -0.011167 0.013190
25 12.75 59 0.180000 0.012223
26 13.25 29 -0.050000 0.022039
27 13.75 40 0.101750 0.016457
28 14.25 46 -0.052826 0.017816
29 14.75 54 0.011852 0.013170
30 15.25 46 -0.010652 0.017579
31 15.75 32 -0.162500 0.027921
32 16.25 17 0.011176 0.037805
33 16.75 24 0.170833 0.028848
34 17.25 35 -0.186286 0.019684
35 17.75 41 0.023902 0.016724
36 18.25 33 0.292727 0.022812
37 18.75 38 0.087895 0.017802
38 19.25 24 0.069167 0.031292
39 19.75 18 -0.077778 0.045999

0 0.25 101 26.974455 0.018583
1 0.75 645 27.261070 0.003075
2 1.25 274 29.307518 0.008269
3 1.75 171 30.642105 0.012983
4 2.25 117 32.566581 0.018757
5 2.75 145 33.607793 0.016361
6 3.25 138 38.582754 0.029365
7 3.75 70 43.775143 0.041676
8 4.25 10 34.098000 0.288015
9 4.75 41 31.421707 0.053970
10 5.25 105 25.757619 0.021703
11 5.75 96 20.588125 0.020372
12 6.25 35 14.446857 0.046106
13 6.75 76 9.297237 0.022082
14 7.25 79 -0.048101 0.009767
15 7.75 43 -0.093953 0.016807
16 8.25 24 0.163750 0.033708
17 8.75 41 0.074634 0.018323
18 9.25 72 0.027361 0.008541
19 9.75 74 -0.022162 0.011676
20 10.25 56 0.009107 0.012801
21 10.75 30 0.124667 0.022313
22 11.25 56 0.279643 0.012828
23 11.75 66 0.012424 0.010552
24 12.25 59 0.086271 0.011734
25 12.75 45 0.090889 0.015969
26 13.25 27 0.133333 0.022932
27 13.75 47 0.067660 0.015236
28 14.25 51 -0.236667 0.013450
29 14.75 52 -0.012308 0.014573
30 15.25 45 0.026444 0.016028
31 15.75 21 -0.266190 0.044204
32 16.25 21 0.242857 0.038781
33 16.75 33 -0.067576 0.023833
34 17.25 39 0.024359 0.020287
35 17.75 40 -0.053000 0.020115
36 18.25 31 -0.092903 0.024738
37 18.75 32 0.010938 0.024649
38 19.25 25 0.202400 0.028067
39 19.75 8 -0.040000 0.076026

0 0.25 126 26.948889 0.015147
1 0.75 609 27.323727 0.003150
2 1.25 284 29.189965 0.007809
3 1.75 155 30.233419 0.013309
4 2.25 135 32.446519 0.019012
5 2.75 136 33.340147 0.017789
6 3.25 143 38.298462 0.030653
7 3.75 51 44.240588 0.073162
8 4.25 17 35.718824 0.172576
9 4.75 50 30.913200 0.050318
10 5.25 114 25.994123 0.023575
11 5.75 81 21.042716 0.024996
12 6.25 42 14.917381 0.047241
13 6.75 83 9.405783 0.022746
14 7.25 78 -0.025385 0.009792
15 7.75 32 0.106250 0.016876
16 8.25 27 -0.063333 0.026078
17 8.75 54 0.053333 0.014714
18 9.25 74 -0.033108 0.009916
19 9.75 72 -0.044444 0.009837
20 10.25 38 0.026316 0.020832
21 10.75 36 0.070000 0.018873
22 11.25 65 -0.037538 0.011328
23 11.75 64 0.013281 0.011602
24 12.25 55 -0.122909 0.013896
25 12.75 38 0.083421 0.024779
26 13.25 39 0.028718 0.020159
27 13.75 52 -0.104038 0.014844
28 14.25 51 -0.236078 0.015365
29 14.75 53 0.008868 0.011768
30 15.25 30 -0.097333 0.025065
31 15.75 20 -0.214000 0.041367
32 16.25 24 -0.012083 0.028897
33 16.75 40 0.020750 0.019291
34 17.25 37 -0.067027 0.021529
35 17.75 39 -0.092821 0.020737
36 18.25 30 -0.020000 0.022400
37 18.75 31 -0.128387 0.017095
38 19.25 11 0.185455 0.061911
39 19.75 6 0.335000 0.165357

0 0.25 162 26.901975 0.012344
1 0.75 591 27.358393 0.003345
2 1.25 294 29.097585 0.007046
3 1.75 143 30.668951 0.015039
4 2.25 152 32.416118 0.015540
5 2.75 120 33.633083 0.020204
6 3.25 156 37.930449 0.027872
7 3.75 34 44.090588 0.106301
8 4.25 23 35.895217 0.110674
9 4.75 62 31.042419 0.044092
10 5.25 116 26.180517 0.021316
11 5.75 63 21.373492 0.034357
12 6.25 50 15.006000 0.045346
13 6.75 87 9.654483 0.022151
14 7.25 74 -0.113108 0.011503
15 7.75 25 0.150000 0.034947
16 8.25 32 -0.001250 0.028812
17 8.75 63 -0.073810 0.011337
18 9.25 77 0.029351 0.009406
19 9.75 65 0.021846 0.012889
20 10.25 34 0.126765 0.021693
21 10.75 46 -0.205870 0.017641
22 11.25 66 0.285152 0.012124
23 11.75 62 -0.034677 0.011467
24 12.25 50 0.013400 0.014409
25 12.75 31 -0.025161 0.019601
26 13.25 43 0.117442 0.018557
27 13.75 53 0.099057 0.012568
28 14.25 51 0.028627 0.015257
29 14.75 46 -0.111304 0.017517
30 15.25 23 -0.016087 0.035224
31 15.75 22 0.062727 0.032307
32 16.25 31 -0.036129 0.025966
33 16.75 41 -0.189024 0.019802
34 17.25 36 -0.049722 0.024583
35 17.75 36 0.034444 0.021688
36 18.25 29 0.090000 0.025465
37 18.75 22 0.031818 0.035296
38 19.25 7 -0.025714 0.134597
39 19.75 8 -0.371250 0.059868

0 0.25 208 27.010433 0.009443
1 0.75 563 27.363854 0.003591
2 1.25 306 29.465294 0.006981
3 1.75 124 30.470081 0.019661
4 2.25 168 32.201429 0.013848
5 2.75 118 33.583220 0.018912
6 3.25 159 37.308365 0.022464
7 3.75 19 45.094737 0.157963
8 4.25 31 35.924516 0.090979
9 4.75 76 31.138026 0.031009
10 5.25 118 25.996780 0.018832
11 5.75 54 21.038889 0.046015
12 6.25 63 15.057143 0.036536
13 6.75 87 9.560920 0.022653
14 7.25 65 0.192769 0.010692
15 7.75 24 -0.066667 0.034779
16 8.25 39 -0.075897 0.018392
17 8.75 76 0.008947 0.009833
18 9.25 75 0.031867 0.010527
19 9.75 62 0.040000 0.011826
20 10.25 31 0.013226 0.023943
21 10.75 65 -0.171077 0.011623
22 11.25 68 0.007353 0.010064
23 11.75 58 0.043103 0.012224
24 12.25 42 -0.290476 0.020224
25 12.75 39 -0.166923 0.015273
26 13.25 52 0.210962 0.014110
27 13.75 52 0.034038 0.013025
28 14.25 47 -0.044468 0.020209
29 14.75 40 -0.197500 0.020441
30 15.25 18 -0.073889 0.039365
31 15.75 29 0.097586 0.024953
32 16.25 37 -0.116216 0.021571
33 16.75 41 -0.146585 0.018835
34 17.25 34 -0.145294 0.017496
35 17.75 31 0.128710 0.028319
36 18.25 27 -0.010000 0.026811
37 18.75 10 -0.148000 0.087285
38 19.25 11 0.398182 0.081995
39 19.75 11 -0.145455 0.082370

0 0.25 260 27.179308 0.007244
1 0.75 521 27.292630 0.004000
2 1.25 315 29.207714 0.006679
3 1.75 111 30.356126 0.020744
4 2.25 185 32.421946 0.012835
5 2.75 108 33.237778 0.022229
6 3.25 155 36.902000 0.028897
7 3.75 9 42.645556 0.337381
8 4.25 34 35.843529 0.077601
9 4.75 92 31.142609 0.029005
10 5.25 115 26.231826 0.020690
11 5.75 44 20.435227 0.054146
12 6.25 73 14.723151 0.026846
13 6.75 89 9.658090 0.026208
14 7.25 47 0.065745 0.016756
15 7.75 26 0.074231 0.029033
16 8.25 50 0.032800 0.011704
17 8.75 83 0.033012 0.007957
18 9.25 69 -0.095217 0.010377
19 9.75 48 -0.117708 0.015360
20 10.25 44 0.145000 0.017797
21 10.75 68 0.169412 0.010518
22 11.25 64 0.037656 0.011158
23 11.75 56 -0.010179 0.013473
24 12.25 34 0.188824 0.016961
25 12.75 53 0.229057 0.013119
26 13.25 51 0.007059 0.015483
27 13.75 50 -0.034800 0.015701
28 14.25 46 0.224130 0.013432
29 14.75 26 -0.148846 0.027258
30 15.25 22 -0.230909 0.036599
31 15.75 36 0.283333 0.022717
32 16.25 38 -0.063158 0.018798
33 16.75 39 -0.014872 0.019649
34 17.25 33 -0.106970 0.021568
35 17.75 31 -0.191290 0.025493
36 18.25 16 -0.171875 0.056029
37 18.75 10 -0.315000 0.054631
38 19.25 11 -0.100000 0.074744
39 19.75 10 -0.294000 0.084772

0 0.25 319 26.965799 0.006129
1 0.75 484 27.435455 0.004176
2 1.25 318 29.026855 0.006161
3 1.75 100 30.575800 0.023163
4 2.25 194 32.492010 0.011406
5 2.75 108 33.751852 0.024591
6 3.25 143 36.652937 0.027018
7 3.75 9 41.182222 0.334587
8 4.25 45 36.374444 0.058115
9 4.75 99 31.110808 0.025227
10 5.25 109 26.410734 0.024771
11 5.75 43 20.408605 0.054512
12 6.25 81 14.674691 0.025615
13 6.75 86 9.666977 0.023213
14 7.25 39 -0.051538 0.017579
15 7.75 31 -0.134516 0.028829
16 8.25 66 -0.066667 0.010629
17 8.75 83 0.053494 0.010346
18 9.25 67 0.121343 0.010378
19 9.75 38 -0.404737 0.016337
20 10.25 57 -0.013158 0.014059
21 10.75 67 0.010746 0.011951
22 11.25 63 0.174127 0.009839
23 11.75 48 -0.131667 0.014593
24 12.25 37 0.027568 0.021783
25 12.75 57 0.108070 0.011281
26 13.25 53 -0.159811 0.013424
27 13.75 50 0.014600 0.016015
28 14.25 38 -0.078158 0.020189
29 14.75 20 -0.022000 0.034828
30 15.25 27 -0.226667 0.021704
31 15.75 39 0.095897 0.021721
32 16.25 37 0.087838 0.023363
33 16.75 38 -0.052105 0.017096
34 17.25 34 -0.012059 0.025305
35 17.75 28 -0.086786 0.028749
36 18.25 6 0.563333 0.107091
37 18.75 11 -0.220000 0.067907
38 19.25 13 0.020000 0.044107
39 19.75 12 0.040833 0.081683

0 0.25 387 26.998217 0.005269
1 0.75 443 27.288510 0.004576
2 1.25 308 29.176396 0.007915
3 1.75 92 30.565978 0.025384
4 2.25 204 32.110784 0.011923
5 2.75 109 34.100367 0.023205
6 3.25 121 36.328843 0.025526
7 3.75 16 39.645625 0.149969
8 4.25 49 36.325102 0.062080
9 4.75 111 31.326847 0.025190
10 5.25 92 26.515326 0.025471
11 5.75 49 19.818980 0.040924
12 6.25 89 15.200000 0.022498
13 6.75 83 9.830361 0.026515
14 7.25 26 0.037692 0.029016
15 7.75 35 0.009429 0.024620
16 8.25 78 -0.046538 0.009216
17 8.75 81 0.128642 0.008775
18 9.25 61 -0.077541 0.010064
19 9.75 39 -0.135128 0.021101
20 10.25 65 -0.092000 0.010528
21 10.75 67 -0.027015 0.011044
22 11.25 62 0.087903 0.010763
23 11.75 36 0.073056 0.020619
24 12.25 47 -0.059149 0.018073
25 12.75 55 -0.108182 0.014585
26 13.25 53 0.226981 0.012920
27 13.75 43 0.072791 0.017414
28 14.25 28 -0.071071 0.024741
29 14.75 25 0.018000 0.038367
30 15.25 35 -0.020857 0.017280
31 15.75 38 0.197105 0.013751
32 16.25 35 -0.137714 0.021921
33 16.75 39 0.156410 0.021907
34 17.25 32 0.012812 0.021080
35 17.75 11 -0.150909 0.089745
36 18.25 9 0.463333 0.069965
37 18.75 13 -0.005385 0.045547
38 19.25 13 0.036923 0.063204
39 19.75 15 0.232667 0.063098

0 0.25 450 26.945933 0.004289
1 0.75 396 27.644369 0.005258
2 1.25 305 29.168492 0.006707
3 1.75 81 30.721605 0.029877
4 2.25 211 32.261896 0.010400
5 2.75 118 33.687203 0.020518
6 3.25 99 35.376263 0.030126
7 3.75 20 41.375000 0.130649
8 4.25 58 35.938793 0.053156
9 4.75 120 31.603333 0.021984
10 5.25 83 26.801687 0.029371
11 5.75 59 19.941864 0.033631
12 6.25 87 15.141034 0.024406
13 6.75 75 9.483600 0.032777
14 7.25 24 0.294583 0.039511
15 7.75 45 -0.022889 0.016191
16 8.25 85 0.085765 0.009313
17 8.75 80 -0.130375 0.009487
18 9.25 50 0.051200 0.014518
19 9.75 52 0.065962 0.014554
20 10.25 69 -0.118406 0.011646
21 10.75 67 -0.123582 0.012450
22 11.25 58 0.090000 0.012992
23 11.75 33 0.110303 0.019175
24 12.25 56 0.017857 0.013656
25 12.75 57 0.035088 0.011967
26 13.25 50 0.127800 0.015635
27 13.75 39 0.078718 0.023011
28 14.25 22 -0.078182 0.023410
29 14.75 34 0.095882 0.023779
30 15.25 36 0.120833 0.020116
31 15.75 37 -0.090270 0.022678
32 16.25 36 0.085278 0.018086
33 16.75 35 -0.032571 0.020307
34 17.25 20 0.067000 0.040673
35 17.75 8 -0.470000 0.079732
36 18.25 11 0.092727 0.052563
37 18.75 15 -0.357333 0.057936
38 19.25 16 0.318125 0.022663
39 19.75 18 -0.087778 0.047764

0 0.25 500 27.150440 0.004025
1 0.75 357 27.484566 0.005604
2 1.25 302 29.222649 0.006852
3 1.75 73 30.726164 0.029929
4 2.25 203 32.787537 0.011593
5 2.75 131 33.673664 0.019288
6 3.25 78 34.998077 0.035186
7 3.75 27 42.818519 0.130654
8 4.25 73 36.331233 0.043126
9 4.75 117 31.347863 0.021343
10 5.25 65 26.832308 0.035455
11 5.75 68 20.175882 0.030487
12 6.25 93 15.010860 0.019997
13 6.75 57 10.089123 0.032861
14 7.25 27 0.037407 0.024622
15 7.75 63 0.190317 0.014022
16 8.25 84 -0.110714 0.009332
17 8.75 76 0.056974 0.010335
18 9.25 42 0.043095 0.017781
19 9.75 64 -0.108125 0.010372
20 10.25 68 -0.013529 0.012134
21 10.75 64 0.197500 0.011268
22 11.25 47 -0.141915 0.018114
23 11.75 46 0.102174 0.017231
24 12.25 56 -0.050000 0.012056
25 12.75 56 -0.063393 0.013249
26 13.25 48 -0.021042 0.014911
27 13.75 27 0.154074 0.027284
28 14.25 25 -0.022800 0.033492
29 14.75 41 -0.001220 0.019712
30 15.25 36 0.289167 0.019235
31 15.75 36 0.151389 0.023414
32 16.25 41 -0.065854 0.016216
33 16.75 34 -0.155294 0.021618
34 17.25 13 0.151538 0.060827
35 17.75 9 -0.338889 0.073162
36 18.25 12 -0.033333 0.061629
37 18.75 16 0.397500 0.037586
38 19.25 18 0.261667 0.034206
39 19.75 23 -0.120435 0.044661

0 0.25 562 26.900231 0.003349
1 0.75 327 27.709205 0.006305
2 1.25 288 29.071076 0.008016
3 1.75 80 30.648625 0.025895
4 2.25 199 31.972362 0.010344
5 2.75 144 33.769236 0.016741
6 3.25 60 35.010333 0.061307
7 3.75 33 42.456667 0.108582
8 4.25 88 35.916477 0.029998
9 4.75 121 31.319174 0.021462
10 5.25 53 26.021321 0.043683
11 5.75 80 20.296125 0.024701
12 6.25 89 15.317079 0.022912
13 6.75 46 9.926739 0.061459
14 7.25 31 0.064516 0.022450
15 7.75 76 -0.014079 0.009826
16 8.25 81 -0.024321 0.010217
17 8.75 67 0.128657 0.009800
18 9.25 49 -0.056327 0.014146
19 9.75 66 -0.082273 0.011935
20 10.25 68 -0.061029 0.010948
21 10.75 61 -0.103443 0.012546
22 11.25 44 0.036364 0.016625
23 11.75 55 -0.066000 0.012268
24 12.25 56 -0.064821 0.011788
25 12.75 52 -0.006154 0.015317
26 13.25 42 0.057143 0.019604
27 13.75 22 0.171818 0.045330
28 14.25 35 -0.137143 0.021367
29 14.75 42 -0.026190 0.014995
30 15.25 34 0.067059 0.024487
31 15.75 39 0.067436 0.020203
32 16.25 33 0.167879 0.022377
33 16.75 24 0.100000 0.035196
34 17.25 9 -0.628889 0.057602
35 17.75 10 -0.153000 0.041913
36 18.25 15 0.085333 0.039965
37 18.75 20 0.242500 0.042673
38 19.25 24 -0.021667 0.031599
39 19.75 30 0.006667 0.029563

0 0.25 609 26.984516 0.003317
1 0.75 301 28.043455 0.006550
2 1.25 273 29.528132 0.007417
3 1.75 91 31.247802 0.025147
4 2.25 193 32.162798 0.011694
5 2.75 149 33.624161 0.017808
6 3.25 48 36.325000 0.066080
7 3.75 39 41.329487 0.095369
8 4.25 101 36.347822 0.026416
9 4.75 112 31.547054 0.025757
10 5.25 48 25.762500 0.043112
11 5.75 86 20.444302 0.025114
12 6.25 87 15.070575 0.024703
13 6.75 36 9.728333 0.071268
14 7.25 46 0.038261 0.014888
15 7.75 84 -0.027143 0.008763
16 8.25 80 0.088625 0.010164
17 8.75 54 0.037037 0.013435
18 9.25 60 0.090667 0.013722
19 9.75 67 0.001791 0.009256
20 10.25 67 0.092985 0.011577
21 10.75 50 -0.060400 0.013313
22 11.25 52 -0.042692 0.012338
23 11.75 54 0.034444 0.013179
24 12.25 56 0.041429 0.015236
25 12.75 51 -0.015686 0.013050
26 13.25 31 0.014194 0.021569
27 13.75 25 -0.014000 0.028783
28 14.25 42 -0.095952 0.018706
29 14.75 40 -0.101000 0.017451
30 15.25 38 -0.270000 0.018175
31 15.75 34 -0.138529 0.020443
32 16.25 27 0.062963 0.026088
33 16.75 11 0.097273 0.077389
34 17.25 12 -0.056667 0.069838
35 17.75 12 -0.036667 0.066510
36 18.25 17 -0.073529 0.049957
37 18.75 24 -0.122917 0.023914
38 19.25 30 -0.308667 0.025248
39 19.75 36 -0.121667 0.020548

0 0.25 656 27.001845 0.003080
1 0.75 283 27.732862 0.006961
2 1.25 254 29.193465 0.008285
3 1.75 118 30.893051 0.019996
4 2.25 177 32.400960 0.013490
5 2.75 157 33.687962 0.016274
6 3.25 38 36.792368 0.105778
7 3.75 46 42.114783 0.066253
8 4.25 117 36.562991 0.026036
9 4.75 101 31.827129 0.025648
10 5.25 57 25.329123 0.038472
11 5.75 96 20.370000 0.024180
12 6.25 75 15.360667 0.024779
13 6.75 30 9.446333 0.089587
14 7.25 60 0.094667 0.012234
15 7.75 84 0.009286 0.008110
16 8.25 76 -0.059079 0.010986
17 8.75 52 -0.070385 0.012457
18 9.25 69 0.046957 0.010814
19 9.75 68 -0.113676 0.009792
20 10.25 65 0.060615 0.012069
21 10.75 43 -0.136512 0.019030
22 11.25 62 -0.026613 0.012366
23 11.75 52 -0.008846 0.014324
24 12.25 52 -0.280000 0.013388
25 12.75 44 -0.031364 0.016709
26 13.25 25 -0.110000 0.031577
27 13.75 31 -0.020645 0.023369
28 14.25 43 -0.092093 0.017749
29 14.75 42 -0.056190 0.017140
30 15.25 40 0.025750 0.016976
31 15.75 31 0.058065 0.025218
32 16.25 20 0.161000 0.041710
33 16.75 11 0.040000 0.076850
34 17.25 13 -0.037692 0.049480
35 17.75 14 -0.368571 0.044471
36 18.25 21 -0.275238 0.023323
37 18.75 32 0.086250 0.022301
38 19.25 37 -0.031622 0.022468
39 19.75 34 0.273235 0.023552

0 0.25 689 27.049869 0.002883
1 0.75 258 28.024147 0.008078
2 1.25 232 29.209526 0.009689
3 1.75 132 30.868333 0.018602
4 2.25 171 32.062865 0.014390
5 2.75 155 33.597677 0.016624
6 3.25 30 37.766000 0.157056
7 3.75 55 41.826545 0.057946
8 4.25 125 36.959280 0.024824
9 4.75 88 31.938750 0.027804
10 5.25 68 25.814265 0.040820
11 5.75 95 20.997263 0.022442
12 6.25 64 15.663125 0.032842
13 6.75 36 8.626667 0.077537
14 7.25 72 0.157361 0.009866
15 7.75 83 0.048434 0.008783
16 8.25 71 0.016761 0.010472
17 8.75 54 0.093519 0.012501
18 9.25 71 0.108169 0.010051
19 9.75 68 -0.099118 0.012522
20 10.25 63 -0.130794 0.013614
21 10.75 48 -0.080417 0.016557
22 11.25 61 0.124098 0.012310
23 11.75 51 0.040588 0.015651
24 12.25 52 -0.025000 0.015406
25 12.75 36 -0.011389 0.019271
26 13.25 32 -0.267500 0.025216
27 13.75 37 -0.039730 0.018600
28 14.25 43 -0.032093 0.016064
29 14.75 45 -0.170000 0.016572
30 15.25 35 0.238571 0.024876
31 15.75 27 0.051852 0.031020
32 16.25 11 0.281818 0.069381
33 16.75 11 0.203636 0.104981
34 17.25 17 -0.160000 0.036971
35 17.75 16 0.136875 0.040801
36 18.25 31 -0.080323 0.028764
37 18.75 40 0.002500 0.018285
38 19.25 35 -0.204286 0.021210
39 19.75 33 -0.121515 0.021059

0 0.25 707 26.975021 0.002782
1 0.75 262 28.127214 0.007463
2 1.25 228 29.016798 0.010114
3 1.75 154 30.768052 0.014606
4 2.25 157 31.986688 0.012900
5 2.75 153 33.310261 0.016621
6 3.25 27 37.557037 0.153745
7 3.75 64 41.550469 0.048274
8 4.25 135 36.955259 0.023012
9 4.75 74 32.186622 0.040345
10 5.25 76 25.750395 0.031267
11 5.75 98 20.568469 0.023661
12 6.25 51 15.691373 0.035242
13 6.75 47 8.705532 0.064426
14 7.25 77 0.058182 0.009051
15 7.75 82 0.020122 0.010123
16 8.25 66 0.043636 0.012501
17 8.75 64 0.007188 0.010922
18 9.25 73 0.162740 0.009982
19 9.75 64 0.090156 0.011619
20 10.25 54 -0.163333 0.015038
21 10.75 55 -0.050364 0.012856
22 11.25 61 0.047049 0.012975
23 11.75 52 -0.094808 0.012252
24 12.25 48 0.135625 0.015968
25 12.75 24 -0.202917 0.033235
26 13.25 36 -0.002778 0.026280
27 13.75 37 0.072703 0.022506
28 14.25 49 0.072449 0.013848
29 14.75 42 0.220000 0.019785
30 15.25 33 -0.056061 0.021455
31 15.75 15 0.144000 0.059531
32 16.25 12 -0.037500 0.062897
33 16.75 14 0.304286 0.053780
34 17.25 20 -0.273500 0.028916
35 17.75 21 -0.042381 0.034117
36 18.25 39 0.213590 0.019853
37 18.75 38 -0.127368 0.020158
38 19.25 36 -0.024167 0.023614
39 19.75 33 -0.105152 0.023965

0 0.25 705 26.841716 0.002710
1 0.75 270 27.979037 0.007473
2 1.25 214 28.859112 0.010336
3 1.75 172 31.023779 0.014447
4 2.25 155 32.039548 0.013353
5 2.75 132 33.668636 0.017054
6 3.25 30 38.591333 0.155606
7 3.75 75 41.661333 0.040378
8 4.25 136 36.795515 0.022535
9 4.75 64 31.450312 0.038348
10 5.25 88 25.762386 0.025199
11 5.75 91 20.637582 0.024515
12 6.25 43 15.676047 0.051572
13 6.75 61 8.330164 0.050365
14 7.25 80 0.019000 0.009440
15 7.75 81 -0.082346 0.010038
16 8.25 66 0.051667 0.010775
17 8.75 70 0.061143 0.010350
18 9.25 74 -0.005541 0.010447
19 9.75 60 0.027167 0.012671
20 10.25 59 0.089153 0.013495
21 10.75 57 -0.135088 0.012820
22 11.25 62 -0.163387 0.012620
23 11.75 50 0.122200 0.014377
24 12.25 41 0.128537 0.018505
25 12.75 27 0.168889 0.020501
26 13.25 40 -0.006000 0.022497
27 13.75 40 -0.083750 0.021815
28 14.25 45 0.072222 0.020022
29 14.75 38 -0.059474 0.017696
30 15.25 23 -0.047826 0.032683
31 15.75 8 0.501250 0.054299
32 16.25 15 -0.204667 0.063860
33 16.75 17 -0.194706 0.031905
34 17.25 24 0.138750 0.028340
35 17.75 34 -0.012647 0.022585
36 18.25 38 -0.092105 0.021212
37 18.75 37 -0.119459 0.021973
38 19.25 34 0.025000 0.025907
39 19.75 29 -0.048276 0.022764

0 0.25 709 27.028815 0.002814
1 0.75 277 28.020903 0.007203
2 1.25 213 29.240376 0.010228
3 1.75 183 30.793770 0.012056
4 2.25 153 32.335359 0.015294
5 2.75 116 33.426552 0.019092
6 3.25 35 37.799143 0.113123
7 3.75 93 41.328172 0.034008
8 4.25 132 37.201591 0.022333
9 4.75 61 31.120328 0.044691
10 5.25 98 25.966939 0.022283
11 5.75 85 20.776118 0.024717
12 6.25 36 14.895000 0.053519
13 6.75 74 8.885946 0.041778
14 7.25 80 0.033625 0.009185
15 7.75 79 0.006456 0.010270
16 8.25 57 -0.004737 0.015580
17 8.75 69 -0.008406 0.010276
18 9.25 73 0.051233 0.010991
19 9.75 61 -0.001967 0.013166
20 10.25 54 0.104259 0.011733
21 10.75 58 0.069828 0.011950
22 11.25 59 0.210000 0.010736
23 11.75 47 -0.293617 0.016406
24 12.25 31 -0.241290 0.020587
25 12.75 36 0.087778 0.018333
26 13.25 43 -0.113488 0.018127
27 13.75 44 0.092955 0.016299
28 14.25 42 -0.045000 0.016946
29 14.75 32 -0.044063 0.024222
30 15.25 15 0.410000 0.043242
31 15.75 11 -0.127273 0.042920
32 16.25 16 -0.173125 0.053210
33 16.75 20 -0.041000 0.032526
34 17.25 35 -0.047714 0.016554
35 17.75 33 0.094242 0.022587
36 18.25 38 -0.090000 0.019108
37 18.75 35 -0.380000 0.021629
38 19.25 34 -0.010882 0.021527
39 19.75 29 -0.225172 0.023988

0 0.25 721 27.135908 0.002744
1 0.75 293 27.968771 0.007184
2 1.25 215 28.872419 0.010326
3 1.75 204 30.773235 0.010398
4 2.25 153 32.218758 0.016595
5 2.75 107 33.982897 0.020519
6 3.25 38 38.434737 0.118363
7 3.75 109 41.922477 0.028046
8 4.25 125 37.406320 0.026673
9 4.75 62 31.567742 0.043415
10 5.25 101 25.960990 0.025456
11 5.75 74 20.643378 0.031145
12 6.25 47 14.407447 0.046712
13 6.75 84 8.886190 0.036643
14 7.25 81 -0.034938 0.008567
15 7.75 76 0.122895 0.010948
16 8.25 62 -0.046290 0.010618
17 8.75 71 0.241408 0.010023
18 9.25 69 -0.059855 0.009721
19 9.75 59 -0.011017 0.013706
20 10.25 58 0.072241 0.014975
21 10.75 57 0.032105 0.011728
22 11.25 59 0.200169 0.012705
23 11.75 42 0.008333 0.019704
24 12.25 34 -0.031176 0.016963
25 12.75 40 -0.212500 0.020911
26 13.25 47 -0.093404 0.017624
27 13.75 40 0.014000 0.018300
28 14.25 42 0.090000 0.020381
29 14.75 23 -0.376957 0.029507
30 15.25 13 -0.088462 0.055154
31 15.75 13 0.013077 0.043170
32 16.25 20 -0.199000 0.026770
33 16.75 37 -0.090000 0.019702
34 17.25 38 0.136316 0.017704
35 17.75 31 0.199677 0.024423
36 18.25 39 -0.064615 0.016362
37 18.75 34 -0.095588 0.022279
38 19.25 31 -0.051935 0.025220
39 19.75 28 -0.092143 0.026639

0 0.25 719 26.937622 0.002589
1 0.75 303 27.684950 0.006576
2 1.25 213 29.005962 0.009571
3 1.75 218 31.001101 0.009686
4 2.25 151 32.482649 0.014559
5 2.75 89 33.812135 0.026706
6 3.25 47 38.552766 0.100953
7 3.75 124 42.123548 0.024998
8 4.25 113 36.995310 0.026685
9 4.75 74 30.937703 0.033087
10 5.25 102 26.195882 0.024041
11 5.75 61 20.908361 0.037066
12 6.25 57 14.845789 0.031111
13 6.75 90 9.302111 0.030457
14 7.25 85 0.181529 0.009188
15 7.75 75 0.032000 0.010663
16 8.25 68 0.043824 0.012231
17 8.75 73 -0.150274 0.011127
18 9.25 74 0.108243 0.012271
19 9.75 59 -0.271525 0.010923
20 10.25 59 -0.032542 0.012446
21 10.75 61 0.160492 0.014868
22 11.25 56 0.170000 0.013551
23 11.75 31 0.013226 0.024483
24 12.25 40 -0.199250 0.014874
25 12.75 47 0.003191 0.015380
26 13.25 44 -0.081136 0.014998
27 13.75 38 0.001842 0.017418
28 14.25 37 0.084324 0.018463
29 14.75 15 -0.130000 0.038467
30 15.25 15 -0.044667 0.047388
31 15.75 15 -0.236667 0.064940
32 16.25 32 0.151250 0.019123
33 16.75 40 0.018000 0.018635
34 17.25 39 0.299744 0.024189
35 17.75 31 0.011290 0.027164
36 18.25 38 -0.108158 0.016691
37 18.75 35 0.149429 0.019175
38 19.25 30 -0.394667 0.024725
39 19.75 21 -0.113333 0.034538

0 0.25 718 27.009443 0.002762
1 0.75 316 27.908006 0.006477
2 1.25 210 29.055238 0.009647
3 1.75 229 30.455066 0.009201
4 2.25 148 32.330203 0.015268
5 2.75 75 33.615733 0.030203
6 3.25 53 38.955660 0.096688
7 3.75 138 42.380652 0.024299
8 4.25 91 37.301319 0.030204
9 4.75 88 31.274091 0.029790
10 5.25 100 26.431800 0.027950
11 5.75 53 20.772642 0.042618
12 6.25 72 14.928889 0.025805
13 6.75 89 9.107079 0.035312
14 7.25 85 -0.041882 0.008906
15 7.75 70 -0.020857 0.010199
16 8.25 69 0.032174 0.010810
17 8.75 75 0.036800 0.010154
18 9.25 73 0.024795 0.010934
19 9.75 58 0.122759 0.011307
20 10.25 60 0.007000 0.012989
21 10.75 54 -0.104815 0.012752
22 11.25 47 0.098936 0.016904
23 11.75 29 -0.240345 0.023858
24 12.25 49 0.064082 0.013109
25 12.75 46 -0.054783 0.017857
26 13.25 41 -0.148537 0.020410
27 13.75 35 0.087429 0.024126
28 14.25 24 -0.262917 0.028158
29 14.75 11 -0.286364 0.066217
30 15.25 17 0.321176 0.044315
31 15.75 23 0.046522 0.039486
32 16.25 40 -0.049000 0.020734
33 16.75 39 -0.004103 0.018516
34 17.25 39 -0.118205 0.020528
35 17.75 32 0.114063 0.023016
36 18.25 35 -0.034286 0.022225
37 18.75 33 -0.153939 0.024606
38 19.25 23 0.067391 0.027093
39 19.75 16 0.040000 0.047960

0 0.25 710 27.058662 0.002736
1 0.75 330 27.627727 0.005925
2 1.25 206 29.089029 0.010080
3 1.75 230 30.975957 0.009410
4 2.25 152 32.185526 0.015486
5 2.75 68 33.678382 0.035899
6 3.25 65 38.754154 0.069794
7 3.75 142 42.051268 0.023497
8 4.25 83 37.380964 0.033488
9 4.75 104 31.527692 0.023582
10 5.25 94 26.277553 0.026484
11 5.75 53 20.375660 0.040294
12 6.25 79 14.873797 0.027231
13 6.75 90 9.186889 0.032021
14 7.25 84 0.079405 0.007732
15 7.75 71 -0.193944 0.010433
16 8.25 70 0.013143 0.009947
17 8.75 78 -0.020641 0.008716
18 9.25 63 0.012063 0.010931
19 9.75 62 0.194355 0.012965
20 10.25 58 -0.176379 0.012416
21 10.75 57 -0.110526 0.015483
22 11.25 35 0.022857 0.019997
23 11.75 38 0.038684 0.019335
24 12.25 51 -0.038824 0.013923
25 12.75 45 -0.067778 0.018647
26 13.25 41 -0.090732 0.018266
27 13.75 30 0.049667 0.023333
28 14.25 14 0.287857 0.039371
29 14.75 15 -0.048667 0.024774
30 15.25 27 -0.062222 0.021229
31 15.75 29 -0.164138 0.027633
32 16.25 39 -0.176667 0.018014
33 16.75 40 -0.013500 0.019809
34 17.25 38 0.138158 0.019379
35 17.75 30 0.126333 0.021856
36 18.25 33 0.006364 0.021806
37 18.75 27 -0.031852 0.029961
38 19.25 15 0.279333 0.052521
39 19.75 21 0.138095 0.033722

0 0.25 707 27.019958 0.002831
1 0.75 340 27.782088 0.006252
2 1.25 196 28.722500 0.010992
3 1.75 226 30.672212 0.010016
4 2.25 154 32.077273 0.016118
5 2.75 60 32.929333 0.039510
6 3.25 75 39.153733 0.058740
7 3.75 141 42.274965 0.022769
8 4.25 79 37.121392 0.040206
9 4.75 112 31.182946 0.024063
10 5.25 88 25.790227 0.026036
11 5.75 51 20.176275 0.049128
12 6.25 86 14.901047 0.020982
13 6.75 95 8.941158 0.028747
14 7.25 76 0.134868 0.010602
15 7.75 72 0.178889 0.011228
16 8.25 71 0.062113 0.010271
17 8.75 79 0.033418 0.009845
18 9.25 59 -0.039831 0.011349
19 9.75 60 0.011667 0.013242
20 10.25 56 0.141607 0.013213
21 10.75 52 -0.048077 0.014299
22 11.25 35 0.262000 0.023065
23 11.75 43 0.065349 0.017257
24 12.25 49 0.040204 0.015968
25 12.75 43 -0.153721 0.019086
26 13.25 38 -0.020263 0.020839
27 13.75 25 -0.036400 0.032521
28 14.25 13 0.146923 0.060841
29 14.75 23 -0.041739 0.026159
30 15.25 34 0.310294 0.025974
31 15.75 34 -0.005294 0.022712
32 16.25 38 -0.138421 0.021851
33 16.75 39 0.056923 0.017601
34 17.25 37 -0.188108 0.022852
35 17.75 30 -0.137333 0.025149
36 18.25 30 0.147333 0.028239
37 18.75 20 -0.238000 0.036653
38 19.25 15 -0.206667 0.064255
39 19.75 24 -0.159583 0.031131

0 0.25 720 27.151847 0.002752
1 0.75 359 27.955515 0.005934
2 1.25 189 29.052116 0.010822
3 1.75 224 30.722321 0.009980
4 2.25 160 32.338500 0.014851
5 2.75 54 33.656852 0.046722
6 3.25 95 38.494000 0.047497
7 3.75 136 42.594853 0.024419
8 4.25 85 36.806471 0.035908
9 4.75 106 31.026038 0.024697
10 5.25 76 26.085921 0.033351
11 5.75 64 20.474375 0.030829
12 6.25 88 15.147955 0.023720
13 6.75 96 9.069479 0.030728
14 7.25 74 0.078784 0.009947
15 7.75 73 0.025342 0.009736
16 8.25 79 -0.093291 0.009350
17 8.75 75 0.085733 0.010156
18 9.25 55 0.124545 0.012342
19 9.75 63 0.031905 0.011766
20 10.25 55 -0.084364 0.013524
21 10.75 43 0.150930 0.016510
22 11.25 46 -0.176739 0.013763
23 11.75 43 -0.139070 0.014489
24 12.25 47 -0.115957 0.014319
25 12.75 42 0.128333 0.016070
26 13.25 34 0.268235 0.025526
27 13.75 15 0.332000 0.051432
28 14.25 21 -0.090952 0.035845
29 14.75 28 -0.026786 0.026883
30 15.25 38 -0.082632 0.017596
31 15.75 32 0.136875 0.019979
32 16.25 39 0.109487 0.018956
33 16.75 39 0.013077 0.016304
34 17.25 35 0.097143 0.020539
35 17.75 28 -0.008571 0.024005
36 18.25 25 0.152800 0.039037
37 18.75 13 -0.116923 0.067920
38 19.25 19 -0.226316 0.036939
39 19.75 29 -0.130000 0.025928

0 0.25 728 27.081854 0.002843
1 0.75 371 27.739973 0.005389
2 1.25 177 29.224011 0.012436
3 1.75 221 30.693303 0.010836
4 2.25 164 32.083354 0.013674
5 2.75 46 33.765000 0.048908
6 3.25 115 38.219826 0.038585
7 3.75 128 42.341328 0.025715
8 4.25 89 36.318202 0.032804
9 4.75 103 31.574175 0.025264
10 5.25 70 25.906714 0.035071
11 5.75 71 20.032254 0.032077
12 6.25 91 14.865385 0.025246
13 6.75 99 9.127879 0.028275
14 7.25 71 -0.036620 0.010417
15 7.75 75 0.044800 0.008617
16 8.25 77 0.016364 0.010551
17 8.75 69 -0.062754 0.011221
18 9.25 57 0.016667 0.013187
19 9.75 62 -0.019839 0.012424
20 10.25 51 -0.059020 0.015183
21 10.75 42 -0.038095 0.017148
22 11.25 50 -0.090800 0.016034
23 11.75 44 0.108182 0.014550
24 12.25 44 -0.192500 0.016562
25 12.75 36 -0.121667 0.017696
26 13.25 22 0.096364 0.041677
27 13.75 20 -0.287000 0.030408
28 14.25 32 -0.082187 0.023462
29 14.75 29 0.093103 0.021536
30 15.25 40 -0.010750 0.018597
31 15.75 34 0.017647 0.025940
32 16.25 38 0.051053 0.021482
33 16.75 38 -0.050263 0.018040
34 17.25 34 0.107353 0.021949
35 17.75 27 -0.172222 0.035954
36 18.25 19 -0.410000 0.045843
37 18.75 18 -0.101111 0.041687
38 19.25 24 -0.118333 0.035679
39 19.75 30 0.240667 0.021537

0 0.25 733 27.053984 0.002594
1 0.75 388 27.757088 0.005342
2 1.25 195 29.221282 0.011277
3 1.75 216 30.683148 0.010300
4 2.25 157 32.140000 0.016458
5 2.75 46 33.722174 0.052709
6 3.25 133 37.811729 0.032821
7 3.75 118 42.833220 0.026564
8 4.25 99 36.434242 0.028014
9 4.75 101 31.062772 0.026053
10 5.25 68 26.605294 0.032940
11 5.75 81 20.192963 0.025697
12 6.25 95 14.954947 0.019054
13 6.75 90 9.334444 0.029432
14 7.25 72 0.004028 0.008028
15 7.75 86 0.097209 0.007956
16 8.25 78 0.031538 0.008840
17 8.75 68 0.224853 0.010252
18 9.25 55 -0.084000 0.015700
19 9.75 60 -0.039500 0.011900
20 10.25 49 0.175306 0.016502
21 10.75 49 -0.029184 0.015678
22 11.25 49 0.121633 0.017329
23 11.75 41 0.049268 0.018597
24 12.25 40 0.002000 0.020075
25 12.75 31 -0.130000 0.027222
26 13.25 17 -0.004706 0.058419
27 13.75 28 0.062500 0.024916
28 14.25 31 0.094194 0.024945
29 14.75 35 0.084571 0.024794
30 15.25 39 0.079744 0.017578
31 15.75 33 -0.194242 0.027556
32 16.25 39 -0.001026 0.022668
33 16.75 36 -0.156111 0.021490
34 17.25 27 -0.029630 0.028441
35 17.75 19 -0.015789 0.034760
36 18.25 19 -0.130000 0.032852
37 18.75 23 0.010435 0.038019
38 19.25 26 -0.125000 0.029676
39 19.75 28 0.076429 0.029819

0 0.25 734 27.185123 0.002686
1 0.75 390 27.932128 0.005329
2 1.25 200 29.254000 0.010924
3 1.75 207 30.487391 0.010273
4 2.25 146 32.562740 0.015594
5 2.75 58 33.993276 0.054123
6 3.25 136 37.682574 0.033067
7 3.75 104 42.877596 0.029478
8 4.25 112 36.690000 0.023175
9 4.75 98 31.144388 0.027627
10 5.25 63 25.951111 0.035074
11 5.75 89 20.293820 0.023275
12 6.25 98 15.117959 0.019140
13 6.75 81 9.391111 0.035810
14 7.25 73 0.116301 0.009214
15 7.75 89 -0.087640 0.007723
16 8.25 73 0.061370 0.009189
17 8.75 62 0.065645 0.013708
18 9.25 57 0.010175 0.009331
19 9.75 60 0.061167 0.011487
20 10.25 49 0.005510 0.018686
21 10.75 55 0.079273 0.013403
22 11.25 46 0.035000 0.014140
23 11.75 39 0.168205 0.022840
24 12.25 39 -0.118718 0.021909
25 12.75 23 -0.122609 0.026760
26 13.25 24 0.040000 0.035731
27 13.75 30 0.322667 0.023795
28 14.25 37 0.036486 0.017062
29 14.75 37 -0.085405 0.022814
30 15.25 41 0.095366 0.019003
31 15.75 34 -0.050882 0.021623
32 16.25 38 -0.021053 0.019813
33 16.75 34 0.173529 0.021311
34 17.25 21 0.109524 0.033719
35 17.75 17 0.049412 0.046803
36 18.25 23 0.053478 0.036157
37 18.75 26 0.156538 0.023869
38 19.25 26 -0.095385 0.028041
39 19.75 28 -0.134286 0.024084

0 0.25 724 27.188315 0.002769
1 0.75 395 27.918456 0.005363
2 1.25 201 29.306716 0.010528
3 1.75 198 30.409040 0.010816
4 2.25 134 32.238731 0.017090
5 2.75 66 34.115000 0.039518
6 3.25 137 37.447883 0.026892
7 3.75 104 42.957019 0.035734
8 4.25 114 36.623333 0.027029
9 4.75 96 31.364792 0.028872
10 5.25 67 26.001045 0.042302
11 5.75 94 20.252340 0.021325
12 6.25 100 15.246500 0.020051
13 6.75 79 9.263924 0.034669
14 7.25 78 0.145000 0.008574
15 7.75 90 0.007778 0.009436
16 8.25 69 -0.142029 0.012695
17 8.75 61 -0.063115 0.011524
18 9.25 58 -0.053621 0.012234
19 9.75 61 0.076230 0.011896
20 10.25 45 0.155778 0.019061
21 10.75 53 -0.074528 0.013105
22 11.25 46 -0.060870 0.015662
23 11.75 38 0.133421 0.020232
24 12.25 36 -0.043889 0.016635
25 12.75 23 0.005217 0.038387
26 13.25 30 0.054000 0.027250
27 13.75 31 -0.205806 0.022384
28 14.25 42 -0.010714 0.018437
29 14.75 36 -0.059444 0.025108
30 15.25 42 -0.054286 0.016526
31 15.75 35 -0.173714 0.020054
32 16.25 32 -0.109063 0.024579
33 16.75 32 -0.261562 0.026709
34 17.25 17 0.072353 0.046954
35 17.75 23 0.154348 0.030458
36 18.25 26 0.008846 0.028592
37 18.75 25 -0.024800 0.029804
38 19.25 24 -0.252917 0.029070
39 19.75 26 -0.077308 0.032945

0 0.25 742 27.147668 0.002602
1 0.75 413 27.741525 0.004790
2 1.25 209 29.316507 0.009818
3 1.75 189 30.942487 0.010612
4 2.25 123 32.086423 0.018529
5 2.75 80 34.438375 0.028963
6 3.25 141 37.874823 0.028633
7 3.75 102 42.448725 0.030529
8 4.25 114 36.989825 0.023985
9 4.75 91 31.997033 0.032720
10 5.25 76 25.828816 0.031523
11 5.75 105 20.095048 0.020335
12 6.25 97 15.062887 0.019455
13 6.75 79 9.020253 0.034053
14 7.25 85 -0.068000 0.007399
15 7.75 85 -0.030235 0.007621
16 8.25 64 -0.025469 0.011407
17 8.75 63 -0.062540 0.009662
18 9.25 55 -0.021273 0.012839
19 9.75 60 -0.171833 0.010915
20 10.25 45 0.078222 0.018434
21 10.75 54 0.085556 0.014066
22 11.25 42 0.054286 0.018079
23 11.75 36 -0.058056 0.021824
24 12.25 30 0.083000 0.026309
25 12.75 28 0.006071 0.022286
26 13.25 29 -0.337586 0.028081
27 13.75 38 -0.059211 0.018076
28 14.25 42 0.440476 0.016302
29 14.75 37 -0.141892 0.021415
30 15.25 40 -0.067250 0.020178
31 15.75 34 0.001471 0.019758
32 16.25 31 0.178710 0.017925
33 16.75 23 0.121304 0.037729
34 17.25 18 0.062778 0.042136
35 17.75 26 0.080769 0.026211
36 18.25 25 0.044000 0.031453
37 18.75 25 -0.360000 0.026147
38 19.25 22 0.170909 0.035281
39 19.75 25 -0.216000 0.032451

0 0.25 749 27.142109 0.002553
1 0.75 423 27.749787 0.004667
2 1.25 217 29.365161 0.009319
3 1.75 183 30.430984 0.013492
4 2.25 118 31.803136 0.018060
5 2.75 94 33.760851 0.027018
6 3.25 138 37.265435 0.028577
7 3.75 101 42.168713 0.032774
8 4.25 113 36.711327 0.024777
9 4.75 87 31.934943 0.028951
10 5.25 80 25.901000 0.033407
11 5.75 110 20.537091 0.019698
12 6.25 91 15.219890 0.020850
13 6.75 82 9.303780 0.031826
14 7.25 87 0.005747 0.007960
15 7.75 81 -0.102840 0.010079
16 8.25 65 -0.013692 0.011882
17 8.75 63 -0.061270 0.010152
18 9.25 56 -0.094464 0.011884
19 9.75 58 0.081207 0.011791
20 10.25 47 0.062553 0.015731
21 10.75 50 -0.003600 0.012564
22 11.25 42 0.153571 0.014192
23 11.75 37 -0.044054 0.018005
24 12.25 26 0.088462 0.024974
25 12.75 27 -0.160741 0.030090
26 13.25 35 -0.104286 0.021279
27 13.75 38 -0.195000 0.018459
28 14.25 42 -0.034286 0.019853
29 14.75 38 0.032368 0.021439
30 15.25 38 -0.018684 0.023839
31 15.75 31 0.031613 0.024808
32 16.25 27 -0.061481 0.032456
33 16.75 16 -0.263125 0.035122
34 17.25 25 0.164000 0.023328
35 17.75 27 0.002593 0.030699
36 18.25 25 -0.200000 0.024898
37 18.75 23 0.010000 0.034265
38 19.25 22 0.105000 0.035062
39 19.75 23 -0.217391 0.034270

0 0.25 763 27.064797 0.002634
1 0.75 439 27.603759 0.004598
2 1.25 221 29.539955 0.009420
3 1.75 180 30.596722 0.012342
4 2.25 108 32.019630 0.022782
5 2.75 113 34.242478 0.020174
6 3.25 141 37.741915 0.031110
7 3.75 105 41.931524 0.029340
8 4.25 118 37.329068 0.027335
9 4.75 78 31.639872 0.037473
10 5.25 97 25.654433 0.023811
11 5.75 105 20.157333 0.021517
12 6.25 86 15.086395 0.024377
13 6.75 94 9.254149 0.026499
14 7.25 81 -0.177531 0.008142
15 7.75 77 -0.092727 0.009869
16 8.25 63 0.104444 0.014996
17 8.75 61 0.026230 0.012633
18 9.25 58 -0.170000 0.013801
19 9.75 54 -0.042222 0.015984
20 10.25 44 -0.015227 0.018646
21 10.75 50 -0.045600 0.015412
22 11.25 43 0.093488 0.015931
23 11.75 38 -0.157895 0.016578
24 12.25 27 0.484815 0.023542
25 12.75 31 0.399355 0.026722
26 13.25 39 -0.044615 0.017045
27 13.75 38 -0.084737 0.020015
28 14.25 42 0.026905 0.020534
29 14.75 35 0.036571 0.022763
30 15.25 35 0.010286 0.023436
31 15.75 29 0.075517 0.028537
32 16.25 22 -0.203636 0.024708
33 16.75 23 -0.064783 0.036721
34 17.25 24 -0.173333 0.025585
35 17.75 25 0.053600 0.032596
36 18.25 25 0.212000 0.031623
37 18.75 23 -0.041304 0.039392
38 19.25 21 -0.095238 0.028178
39 19.75 19 0.213158 0.037259

0 0.25 779 27.120090 0.002486
1 0.75 442 27.690995 0.004655
2 1.25 228 29.263465 0.009402
3 1.75 185 30.774000 0.012434
4 2.25 97 32.063711 0.026727
5 2.75 123 33.940650 0.018460
6 3.25 139 37.577770 0.027801
7 3.75 107 42.253084 0.032090
8 4.25 117 36.669915 0.026791
9 4.75 73 31.370137 0.037836
10 5.25 106 25.481509 0.022782
11 5.75 103 20.587573 0.021325
12 6.25 84 15.095595 0.025099
13 6.75 95 9.348947 0.027040
14 7.25 80 0.020125 0.009101
15 7.75 73 -0.103288 0.009979
16 8.25 65 -0.198462 0.014112
17 8.75 70 0.053143 0.009650
18 9.25 56 0.145714 0.013146
19 9.75 55 -0.072182 0.013881
20 10.25 41 -0.145366 0.018112
21 10.75 51 0.090196 0.013605
22 11.25 45 -0.164667 0.016976
23 11.75 31 0.131290 0.034323
24 12.25 28 -0.001429 0.030750
25 12.75 36 -0.000278 0.021260
26 13.25 39 0.092308 0.016378
27 13.75 40 0.232250 0.017819
28 14.25 41 0.058293 0.019632
29 14.75 33 0.040909 0.023175
30 15.25 33 -0.056061 0.027888
31 15.75 24 -0.032917 0.037748
32 16.25 20 0.090500 0.040338
33 16.75 26 0.350000 0.032169
34 17.25 24 0.358333 0.034216
35 17.75 25 -0.264800 0.036077
36 18.25 23 0.061304 0.038354
37 18.75 21 0.007619 0.039719
38 19.25 17 0.085294 0.046339
39 19.75 15 -0.186000 0.052839

0 0.25 780 27.067308 0.002550
1 0.75 438 27.579543 0.004913
2 1.25 235 29.238043 0.009050
3 1.75 186 30.993763 0.012124
4 2.25 90 32.318889 0.024461
5 2.75 128 33.419844 0.020849
6 3.25 136 37.618162 0.029272
7 3.75 108 42.026759 0.031702
8 4.25 121 37.058926 0.025745
9 4.75 68 31.331324 0.035249
10 5.25 117 25.868034 0.020528
11 5.75 97 20.721340 0.026330
12 6.25 89 15.024382 0.023097
13 6.75 96 9.343854 0.029618
14 7.25 79 -0.013038 0.008224
15 7.75 68 -0.072353 0.012051
16 8.25 69 -0.097101 0.010375
17 8.75 69 0.019565 0.009905
18 9.25 51 0.031765 0.015037
19 9.75 53 0.036792 0.014811
20 10.25 40 0.004000 0.015544
21 10.75 54 0.212593 0.015088
22 11.25 42 -0.108333 0.017824
23 11.75 28 0.013929 0.025786
24 12.25 30 -0.152000 0.028191
25 12.75 38 -0.126579 0.022931
26 13.25 41 0.047561 0.018649
27 13.75 40 0.014000 0.015365
28 14.25 38 -0.186053 0.019506
29 14.75 36 0.031944 0.020694
30 15.25 28 0.142143 0.032289
31 15.75 18 0.009444 0.061741
32 16.25 29 -0.077586 0.030342
33 16.75 25 -0.222000 0.028991
34 17.25 24 0.131250 0.033453
35 17.75 23 -0.032174 0.027117
36 18.25 23 0.047826 0.033143
37 18.75 20 0.043500 0.042251
38 19.25 15 -0.180000 0.039703
39 19.75 9 -0.018889 0.108147

0 0.25 784 27.062296 0.002504
1 0.75 428 27.515421 0.004589
2 1.25 245 29.386694 0.008789
3 1.75 182 30.702527 0.012950
4 2.25 85 31.922706 0.024511
5 2.75 133 33.925564 0.016600
6 3.25 128 36.869531 0.027807
7 3.75 112 42.213750 0.027112
8 4.25 113 37.449823 0.026800
9 4.75 83 30.998313 0.030109
10 5.25 115 26.107391 0.022006
11 5.75 98 20.417755 0.020806
12 6.25 94 14.900851 0.020649
13 6.75 88 9.378409 0.028901
14 7.25 73 0.164110 0.009126
15 7.75 67 -0.003582 0.011051
16 8.25 73 -0.047534 0.009902
17 8.75 66 -0.015909 0.011798
18 9.25 47 0.067234 0.015951
19 9.75 53 0.187547 0.015059
20 10.25 44 -0.198636 0.018171
21 10.75 54 -0.055926 0.013897
22 11.25 35 -0.034571 0.019980
23 11.75 28 0.050000 0.025354
24 12.25 34 -0.094706 0.016993
25 12.75 40 0.110750 0.017894
26 13.25 41 -0.043659 0.017991
27 13.75 38 0.021842 0.022291
28 14.25 37 0.131081 0.021636
29 14.75 33 0.032424 0.028072
30 15.25 18 0.286667 0.047430
31 15.75 23 -0.117826 0.036010
32 16.25 27 -0.099630 0.026580
33 16.75 25 -0.176400 0.030385
34 17.25 24 0.057083 0.030810
35 17.75 21 0.006667 0.035065
36 18.25 20 0.074500 0.031191
37 18.75 17 0.148235 0.048687
38 19.25 11 0.165455 0.052475
39 19.75 2 -0.325000 0.038891

0 0.25 796 27.231068 0.002510
1 0.75 415 27.614217 0.004960
2 1.25 259 29.081737 0.008253
3 1.75 182 31.122473 0.011952
4 2.25 89 32.228876 0.029980
5 2.75 141 33.721844 0.016927
6 3.25 126 37.193095 0.035746
7 3.75 124 41.714919 0.026138
8 4.25 105 37.074000 0.024460
9 4.75 99 31.207273 0.024224
10 5.25 115 25.871130 0.020980
11 5.75 93 20.546559 0.024205
12 6.25 96 14.990104 0.019429
13 6.75 90 9.290333 0.027514
14 7.25 68 -0.078971 0.010997
15 7.75 73 0.096575 0.010210
16 8.25 72 -0.157500 0.010283
17 8.75 60 0.068333 0.013850
18 9.25 47 0.196170 0.018215
19 9.75 53 0.044528 0.014287
20 10.25 51 -0.019020 0.015588
21 10.75 50 -0.079600 0.016860
22 11.25 30 0.005333 0.023998
23 11.75 32 -0.086875 0.025860
24 12.25 39 -0.058462 0.019485
25 12.75 39 0.128974 0.019919
26 13.25 38 0.009474 0.018239
27 13.75 38 -0.084474 0.016569
28 14.25 36 -0.037778 0.020414
29 14.75 30 -0.300000 0.027997
30 15.25 16 -0.118750 0.047243
31 15.75 26 -0.085000 0.032159
32 16.25 26 0.155385 0.022882
33 16.75 24 0.126250 0.034485
34 17.25 23 0.143913 0.038997
35 17.75 22 0.099091 0.034763
36 18.25 17 -0.116471 0.043861
37 18.75 13 0.157692 0.059980
38 19.25 4 -0.432500 0.181284
39 19.75 0 0.000000 0.000000

0 0.25 817 27.138543 0.002470
1 0.75 410 27.667341 0.004566
2 1.25 261 29.432069 0.009030
3 1.75 184 30.618533 0.012297
4 2.25 91 32.448022 0.023505
5 2.75 150 33.598133 0.015647
6 3.25 124 37.159919 0.034674
7 3.75 134 42.596716 0.028423
8 4.25 95 37.399368 0.035466
9 4.75 114 31.105000 0.022066
10 5.25 109 25.912110 0.021699
11 5.75 98 20.564694 0.023320
12 6.25 97 15.283918 0.020885
13 6.75 89 9.276629 0.028989
14 7.25 66 0.083939 0.011276
15 7.75 81 -0.019877 0.009767
16 8.25 75 0.057867 0.010005
17 8.75 53 -0.044528 0.013847
18 9.25 46 -0.031957 0.014194
19 9.75 60 -0.008500 0.012975
20 10.25 51 0.060000 0.014225
21 10.75 41 -0.139756 0.016837
22 11.25 29 -0.083793 0.026747
23 11.75 35 -0.162571 0.018764
24 12.25 38 0.278947 0.020195
25 12.75 39 0.063590 0.020355
26 13.25 37 0.194865 0.020823
27 13.75 38 -0.011842 0.019138
28 14.25 33 0.109091 0.027514
29 14.75 21 0.113333 0.034142
30 15.25 22 0.190455 0.038858
31 15.75 26 -0.238462 0.026920
32 16.25 26 -0.085385 0.033422
33 16.75 23 0.093043 0.040926
34 17.25 22 0.274091 0.032896
35 17.75 20 0.036500 0.038856
36 18.25 15 -0.058667 0.059268
37 18.75 7 -0.344286 0.082445
38 19.25 0 0.000000 0.000000
39 19.75 0 0.000000 0.000000

0 0.25 845 27.174284 0.002281
1 0.75 405 27.440815 0.004724
2 1.25 265 29.238830 0.008670
3 1.75 190 30.703263 0.010637
4 2.25 95 32.530421 0.023223
5 2.75 156 33.826474 0.013455
6 3.25 125 37.426240 0.036667
7 3.75 133 42.638195 0.024212
8 4.25 95 37.936105 0.032141
9 4.75 110 31.494818 0.026246
10 5.25 112 25.642232 0.021649
11 5.75 98 20.380918 0.021725
12 6.25 96 15.136771 0.022740
13 6.75 88 9.594091 0.027900
14 7.25 66 -0.005152 0.010662
15 7.75 83 -0.055422 0.008550
16 8.25 69 -0.016087 0.011219
17 8.75 53 0.020000 0.015932
18 9.25 49 0.015102 0.014340
19 9.75 59 0.015593 0.011125
20 10.25 53 -0.060755 0.012761
21 10.75 32 -0.017188 0.023250
22 11.25 30 0.237333 0.024625
23 11.75 40 -0.111250 0.017696
24 12.25 39 -0.081282 0.016876
25 12.75 41 0.010488 0.017528
26 13.25 37 0.075405 0.018133
27 13.75 37 0.175676 0.022901
28 14.25 28 -0.060357 0.027962
29 14.75 20 0.022500 0.046855
30 15.25 25 -0.297600 0.022879
31 15.75 24 0.031250 0.029901
32 16.25 24 0.134583 0.043739
33 16.75 22 0.125000 0.025209
34 17.25 21 0.321905 0.040728
35 17.75 16 -0.136250 0.028347
36 18.25 11 0.178182 0.054828
37 18.75 0 0.000000 0.000000
38 19.25 0 0.000000 0.000000
39 19.75 0 0.000000 0.000000

