# convective Vertical Profile Reflectivity (VPR) with Standard Deviation
# Format: bin_index bin_center_height_km point_count avg_reflectivity_dBZ std_deviation_dBZ
# Height bins: 0-20 km in 0.5 km increments
# Bins 0-39: convective
# Standard deviation is sample standard deviation (dividing by n-1)
#
0 0.25 243 27.222387 0.009278
1 0.75 154 27.477078 0.014796
2 1.25 79 29.771772 0.029626
3 1.75 77 31.491169 0.037063
4 2.25 6 32.648333 0.381927
5 2.75 52 34.699615 0.054643
6 3.25 43 39.766047 0.114501
7 3.75 44 40.272727 0.073566
8 4.25 25 35.580000 0.104750
9 4.75 30 29.175333 0.095963
10 5.25 36 24.694444 0.065332
11 5.75 32 20.089375 0.078373
12 6.25 28 14.312143 0.079867
13 6.75 38 9.158158 0.057267
14 7.25 23 0.064783 0.055351
15 7.75 22 0.350909 0.070756
16 8.25 32 -0.214688 0.053118
17 8.75 16 -0.466250 0.090390
18 9.25 21 0.485238 0.076592
19 9.75 20 0.221500 0.063352
20 10.25 13 -0.352308 0.113354
21 10.75 8 0.488750 0.231088
22 11.25 9 -0.543333 0.153656
23 11.75 12 -0.012500 0.084695
24 12.25 14 0.835000 0.091535
25 12.75 15 -0.006000 0.060263
26 13.25 16 0.215000 0.079043
27 13.75 11 -0.607273 0.129110
28 14.25 16 0.213125 0.084367
29 14.75 10 0.326000 0.209621
30 15.25 10 0.167000 0.120862
31 15.75 14 -0.041429 0.096131
32 16.25 11 -0.464545 0.099047
33 16.75 13 0.446923 0.134415
34 17.25 14 0.469286 0.110567
35 17.75 8 0.266250 0.188833
36 18.25 11 -0.290000 0.085628
37 18.75 4 0.217500 0.702900
38 19.25 0 0.000000 0.000000
39 19.75 0 0.000000 0.000000

0 0.25 251 27.209004 0.009079
1 0.75 145 27.787793 0.014912
2 1.25 79 29.506203 0.032895
3 1.75 77 30.846753 0.034371
4 2.25 8 34.737500 0.298346
5 2.75 56 34.206964 0.052464
6 3.25 39 40.162051 0.111811
7 3.75 43 41.729767 0.085405
8 4.25 22 35.244091 0.151720
9 4.75 34 29.245000 0.100187
10 5.25 39 24.255897 0.048956
11 5.75 31 19.909032 0.080190
12 6.25 30 14.682667 0.086107
13 6.75 40 9.177500 0.066747
14 7.25 22 -0.122727 0.079938
15 7.75 23 -0.070435 0.067168
16 8.25 32 -0.376875 0.041288
17 8.75 16 -0.541875 0.076979
18 9.25 22 -0.039091 0.074969
19 9.75 19 -0.535263 0.094579
20 10.25 11 0.000909 0.205495
21 10.75 7 0.135714 0.208201
22 11.25 10 -0.124000 0.156073
23 11.75 14 -0.410714 0.097628
24 12.25 15 -0.130000 0.113220
25 12.75 15 -0.009333 0.091175
26 13.25 15 0.344667 0.109260
27 13.75 11 -0.196364 0.101840
28 14.25 13 -0.444615 0.110283
29 14.75 10 -0.712000 0.126893
30 15.25 11 -0.682727 0.130011
31 15.75 15 0.445333 0.105024
32 16.25 12 -0.115833 0.140008
33 16.75 13 -0.373077 0.122864
34 17.25 13 -0.218462 0.127936
35 17.75 7 0.577143 0.159953
36 18.25 7 -0.284286 0.231049
37 18.75 0 0.000000 0.000000
38 19.25 0 0.000000 0.000000
39 19.75 0 0.000000 0.000000

0 0.25 255 27.131608 0.009676
1 0.75 136 27.313824 0.016999
2 1.25 85 29.688000 0.026045
3 1.75 73 31.204795 0.034678
4 2.25 15 32.722000 0.178622
5 2.75 57 34.894737 0.051563
6 3.25 42 40.258810 0.107020
7 3.75 42 40.805476 0.074943
8 4.25 25 35.514000 0.133343
9 4.75 37 29.975405 0.085206
10 5.25 43 23.976512 0.059940
11 5.75 29 19.070345 0.090778
12 6.25 33 14.140606 0.075526
13 6.75 32 9.982812 0.063347
14 7.25 24 0.163333 0.064188
15 7.75 25 0.268000 0.073838
16 8.25 24 0.386250 0.055242
17 8.75 16 0.178750 0.059370
18 9.25 22 0.278182 0.057169
19 9.75 17 0.378824 0.097623
20 10.25 9 0.557778 0.102110
21 10.75 9 -0.052222 0.159223
22 11.25 12 -0.467500 0.114312
23 11.75 14 0.367143 0.077412
24 12.25 16 -0.556875 0.065002
25 12.75 14 0.102143 0.126474
26 13.25 16 -0.275000 0.096962
27 13.75 16 0.132500 0.069303
28 14.25 10 0.247000 0.164822
29 14.75 13 -0.673077 0.071756
30 15.25 10 -0.856000 0.126666
31 15.75 15 0.003333 0.094292
32 16.25 12 -0.715833 0.117681
33 16.75 11 -0.304545 0.150896
34 17.25 11 0.436364 0.149365
35 17.75 5 0.458000 0.448650
36 18.25 0 0.000000 0.000000
37 18.75 0 0.000000 0.000000
38 19.25 0 0.000000 0.000000
39 19.75 0 0.000000 0.000000

0 0.25 256 27.273086 0.009248
1 0.75 131 27.730153 0.019455
2 1.25 89 29.468090 0.029895
3 1.75 68 31.171176 0.039757
4 2.25 21 32.695238 0.109957
5 2.75 55 34.706545 0.060509
6 3.25 44 39.544091 0.091533
7 3.75 39 40.169231 0.094347
8 4.25 28 34.403929 0.113438
9 4.75 38 29.281842 0.080623
10 5.25 42 25.305952 0.067337
11 5.75 29 19.458966 0.113020
12 6.25 38 14.570000 0.063554
13 6.75 30 9.779333 0.085354
14 7.25 23 -0.116957 0.063828
15 7.75 28 0.311786 0.042350
16 8.25 21 -0.108095 0.055995
17 8.75 18 0.140556 0.086043
18 9.25 19 -0.055263 0.063456
19 9.75 15 -0.668667 0.104169
20 10.25 7 -0.012857 0.206460
21 10.75 13 0.265385 0.141540
22 11.25 14 -0.196429 0.144780
23 11.75 14 -0.488571 0.121925
24 12.25 15 -0.150667 0.102054
25 12.75 15 -0.316000 0.099023
26 13.25 19 -0.268421 0.074119
27 13.75 12 -0.328333 0.106702
28 14.25 12 0.746667 0.135525
29 14.75 12 0.525833 0.140103
30 15.25 11 0.567273 0.130002
31 15.75 13 0.137692 0.150616
32 16.25 12 -0.190833 0.124247
33 16.75 11 -1.514545 0.178831
34 17.25 8 1.243750 0.154366
35 17.75 1 -0.720000 0.000000
36 18.25 0 0.000000 0.000000
37 18.75 0 0.000000 0.000000
38 19.25 0 0.000000 0.000000
39 19.75 0 0.000000 0.000000

0 0.25 272 27.057132 0.008621
1 0.75 121 27.702810 0.020911
2 1.25 96 28.978958 0.028900
3 1.75 58 31.219310 0.049631
4 2.25 28 32.836071 0.099205
5 2.75 57 34.520000 0.043682
6 3.25 43 40.335814 0.097226
7 3.75 34 42.016765 0.145190
8 4.25 29 35.016207 0.094657
9 4.75 39 29.557692 0.076084
10 5.25 38 24.902105 0.081294
11 5.75 32 19.243438 0.072906
12 6.25 38 14.865526 0.064904
13 6.75 25 9.092400 0.090645
14 7.25 28 -0.253214 0.045641
15 7.75 28 0.508929 0.036060
16 8.25 20 0.243000 0.052770
17 8.75 18 -0.105000 0.099881
18 9.25 19 0.744737 0.079460
19 9.75 11 0.370000 0.127130
20 10.25 10 -0.410000 0.127964
21 10.75 13 -0.019231 0.114520
22 11.25 14 -0.050000 0.139805
23 11.75 15 -0.204667 0.103272
24 12.25 14 -0.321429 0.126246
25 12.75 17 -0.508235 0.094039
26 13.25 18 -0.427222 0.099260
27 13.75 10 -0.306000 0.218644
28 14.25 11 -0.254545 0.148401
29 14.75 13 -0.062308 0.124173
30 15.25 12 0.827500 0.116427
31 15.75 13 0.420769 0.125795
32 16.25 11 0.068182 0.109800
33 16.75 10 -0.539000 0.193553
34 17.25 3 0.900000 0.769293
35 17.75 0 0.000000 0.000000
36 18.25 0 0.000000 0.000000
37 18.75 0 0.000000 0.000000
38 19.25 0 0.000000 0.000000
39 19.75 0 0.000000 0.000000

0 0.25 279 27.096846 0.008310
1 0.75 118 27.450847 0.020316
2 1.25 97 29.644639 0.023446
3 1.75 55 30.908000 0.043321
4 2.25 36 33.171944 0.078636
5 2.75 52 33.352692 0.054124
6 3.25 45 40.250444 0.100526
7 3.75 34 40.804118 0.122726
8 4.25 32 34.251875 0.090042
9 4.75 45 29.200667 0.047648
10 5.25 33 24.804545 0.069473
11 5.75 37 19.390000 0.059728
12 6.25 34 14.522059 0.068293
13 6.75 24 9.339167 0.078861
14 7.25 32 0.089062 0.044881
15 7.75 25 -0.183600 0.073056
16 8.25 19 -0.445789 0.090765
17 8.75 18 -0.134444 0.070361
18 9.25 17 0.145882 0.112310
19 9.75 11 0.321818 0.193827
20 10.25 11 0.125455 0.127249
21 10.75 14 -0.312143 0.121157
22 11.25 14 0.555714 0.118328
23 11.75 16 0.236250 0.131522
24 12.25 15 0.069333 0.092992
25 12.75 18 0.005556 0.081697
26 13.25 14 0.292857 0.081841
27 13.75 11 0.287273 0.187225
28 14.25 12 -0.010000 0.129032
29 14.75 13 -0.276154 0.118755
30 15.25 11 0.040000 0.070297
31 15.75 11 -0.092727 0.105932
32 16.25 10 -0.399000 0.085248
33 16.75 5 1.044000 0.150543
34 17.25 0 0.000000 0.000000
35 17.75 0 0.000000 0.000000
36 18.25 0 0.000000 0.000000
37 18.75 0 0.000000 0.000000
38 19.25 0 0.000000 0.000000
39 19.75 0 0.000000 0.000000

0 0.25 284 26.864613 0.008180
1 0.75 117 27.434872 0.021548
2 1.25 103 29.287379 0.025344
3 1.75 47 30.955957 0.057927
4 2.25 44 32.912045 0.053937
5 2.75 54 34.277778 0.049083
6 3.25 45 40.366000 0.095066
7 3.75 31 41.612258 0.097043
8 4.25 34 33.752059 0.083510
9 4.75 45 29.375333 0.063901
10 5.25 30 24.332333 0.092190
11 5.75 42 19.421667 0.058136
12 6.25 30 14.712667 0.086496
13 6.75 24 8.866667 0.070979
14 7.25 34 0.108824 0.038671
15 7.75 20 -0.426000 0.065634
16 8.25 21 0.277619 0.061732
17 8.75 18 0.580556 0.104720
18 9.25 15 0.109333 0.114107
19 9.75 11 -0.400000 0.135994
20 10.25 13 -0.613077 0.121673
21 10.75 15 0.252000 0.080307
22 11.25 15 0.484000 0.081846
23 11.75 17 0.183529 0.092779
24 12.25 16 -0.130000 0.084297
25 12.75 17 0.169412 0.062944
26 13.25 11 0.163636 0.187108
27 13.75 12 -0.271667 0.107404
28 14.25 14 -0.060000 0.103890
29 14.75 14 0.664286 0.103694
30 15.25 12 -0.076667 0.158162
31 15.75 11 0.199091 0.106492
32 16.25 9 -0.223333 0.098800
33 16.75 0 0.000000 0.000000
34 17.25 0 0.000000 0.000000
35 17.75 0 0.000000 0.000000
36 18.25 0 0.000000 0.000000
37 18.75 0 0.000000 0.000000
38 19.25 0 0.000000 0.000000
39 19.75 0 0.000000 0.000000

0 0.25 288 27.283299 0.008029
1 0.75 116 27.856034 0.020061
2 1.25 104 29.333365 0.024171
3 1.75 40 31.326000 0.056824
4 2.25 48 33.123333 0.069595
5 2.75 56 34.247679 0.049766
6 3.25 44 39.946591 0.097178
7 3.75 32 42.397500 0.116010
8 4.25 38 34.055789 0.075417
9 4.75 47 29.543617 0.071018
10 5.25 32 24.471250 0.079116
11 5.75 44 19.520000 0.057348
12 6.25 27 14.717778 0.084919
13 6.75 28 9.118571 0.074278
14 7.25 31 -0.377419 0.043713
15 7.75 18 -0.383333 0.069074
16 8.25 20 0.338000 0.062875
17 8.75 16 -0.378125 0.089236
18 9.25 13 -0.627692 0.104614
19 9.75 14 -0.290714 0.060497
20 10.25 14 -0.250000 0.090744
21 10.75 16 -0.522500 0.106560
22 11.25 14 0.333571 0.127219
23 11.75 21 0.159048 0.054883
24 12.25 17 0.615294 0.087712
25 12.75 14 -0.595000 0.127039
26 13.25 12 0.126667 0.082801
27 13.75 12 0.368333 0.082174
28 14.25 13 -0.909231 0.131383
29 14.75 12 0.848333 0.099577
30 15.25 11 0.265455 0.114397
31 15.75 8 -0.245000 0.168834
32 16.25 4 -0.022500 0.430210
33 16.75 0 0.000000 0.000000
34 17.25 0 0.000000 0.000000
35 17.75 0 0.000000 0.000000
36 18.25 0 0.000000 0.000000
37 18.75 0 0.000000 0.000000
38 19.25 0 0.000000 0.000000
39 19.75 0 0.000000 0.000000

0 0.25 289 27.095813 0.007978
1 0.75 113 27.541681 0.022062
2 1.25 107 29.346636 0.024292
3 1.75 35 30.569714 0.071084
4 2.25 53 32.600566 0.053381
5 2.75 56 34.523393 0.050834
6 3.25 44 38.880909 0.108504
7 3.75 33 41.501515 0.110849
8 4.25 41 35.335366 0.063763
9 4.75 45 30.162000 0.050073
10 5.25 35 23.940857 0.085546
11 5.75 43 19.460930 0.067413
12 6.25 25 14.109200 0.073549
13 6.75 33 9.680000 0.061231
14 7.25 29 0.467931 0.050079
15 7.75 18 -0.187222 0.064356
16 8.25 22 0.106818 0.060408
17 8.75 17 0.562353 0.087502
18 9.25 11 0.101818 0.137896
19 9.75 14 -0.355000 0.135347
20 10.25 14 -0.355000 0.098236
21 10.75 16 -0.290000 0.100077
22 11.25 15 -0.002667 0.087315
23 11.75 22 0.079545 0.056840
24 12.25 15 0.462000 0.096678
25 12.75 13 -0.141538 0.114178
26 13.25 12 -0.245000 0.085382
27 13.75 13 -0.350769 0.091532
28 14.25 13 -0.020769 0.113003
29 14.75 13 0.237692 0.109118
30 15.25 8 -0.445000 0.266016
31 15.75 7 0.418571 0.114013
32 16.25 0 0.000000 0.000000
33 16.75 0 0.000000 0.000000
34 17.25 0 0.000000 0.000000
35 17.75 0 0.000000 0.000000
36 18.25 0 0.000000 0.000000
37 18.75 0 0.000000 0.000000
38 19.25 0 0.000000 0.000000
39 19.75 0 0.000000 0.000000

0 0.25 298 27.192248 0.007721
1 0.75 116 27.426983 0.022447
2 1.25 104 29.534327 0.024937
3 1.75 34 30.081471 0.072270
4 2.25 54 32.740926 0.041365
5 2.75 53 34.298679 0.052092
6 3.25 46 39.661087 0.087699
7 3.75 32 40.564375 0.125154
8 4.25 44 34.583636 0.068230
9 4.75 37 29.923784 0.079843
10 5.25 40 24.251250 0.065882
11 5.75 39 19.720256 0.055864
12 6.25 27 14.384074 0.087545
13 6.75 34 9.727059 0.050696
14 7.25 26 0.350385 0.052545
15 7.75 17 0.551176 0.081102
16 8.25 19 -0.089474 0.079713
17 8.75 18 -0.965556 0.084343
18 9.25 11 -0.270000 0.153606
19 9.75 16 0.114375 0.065690
20 10.25 13 0.000000 0.111249
21 10.75 15 -0.041333 0.116722
22 11.25 17 -0.630000 0.078216
23 11.75 24 0.051250 0.070620
24 12.25 11 -0.033636 0.140215
25 12.75 13 -0.136923 0.145587
26 13.25 13 0.157692 0.143187
27 13.75 13 0.569231 0.111321
28 14.25 13 -0.540000 0.098387
29 14.75 11 0.200000 0.161359
30 15.25 8 -0.098750 0.131340
31 15.75 2 0.670000 0.530330
32 16.25 0 0.000000 0.000000
33 16.75 0 0.000000 0.000000
34 17.25 0 0.000000 0.000000
35 17.75 0 0.000000 0.000000
36 18.25 0 0.000000 0.000000
37 18.75 0 0.000000 0.000000
38 19.25 0 0.000000 0.000000
39 19.75 0 0.000000 0.000000

0 0.25 308 27.150974 0.008172
1 0.75 119 27.938992 0.020206
2 1.25 104 29.559038 0.022789
3 1.75 32 31.173437 0.072137
4 2.25 59 32.656441 0.050838
5 2.75 53 34.790755 0.047733
6 3.25 42 40.659048 0.080598
7 3.75 32 39.835625 0.104284
8 4.25 48 34.482083 0.068524
9 4.75 33 30.545758 0.082888
10 5.25 44 24.499545 0.058858
11 5.75 36 19.363611 0.075412
12 6.25 31 13.916774 0.077928
13 6.75 33 9.765758 0.047749
14 7.25 21 0.150476 0.068397
15 7.75 18 -0.701667 0.074903
16 8.25 18 -0.291667 0.076773
17 8.75 16 0.102500 0.103571
18 9.25 12 -0.249167 0.120312
19 9.75 16 -0.122500 0.090796
20 10.25 14 0.355714 0.117352
21 10.75 18 0.089444 0.100984
22 11.25 19 -0.097368 0.056684
23 11.75 23 0.573478 0.050926
24 12.25 10 -0.261000 0.104211
25 12.75 13 0.925385 0.095762
26 13.25 13 -0.097692 0.108288
27 13.75 12 -0.060833 0.097337
28 14.25 13 -0.172308 0.086353
29 14.75 8 -0.273750 0.153528
30 15.25 6 -0.568333 0.200148
31 15.75 0 0.000000 0.000000
32 16.25 0 0.000000 0.000000
33 16.75 0 0.000000 0.000000
34 17.25 0 0.000000 0.000000
35 17.75 0 0.000000 0.000000
36 18.25 0 0.000000 0.000000
37 18.75 0 0.000000 0.000000
38 19.25 0 0.000000 0.000000
39 19.75 0 0.000000 0.000000

0 0.25 310 27.294581 0.007898
1 0.75 117 27.818803 0.020781
2 1.25 104 29.582115 0.025268
3 1.75 31 31.260000 0.078298
4 2.25 60 32.980000 0.041473
5 2.75 52 34.882500 0.053045
6 3.25 43 39.335814 0.095272
7 3.75 37 40.108108 0.103050
8 4.25 49 34.647347 0.063708
9 4.75 35 30.053714 0.080890
10 5.25 48 24.718542 0.054064
11 5.75 32 19.894375 0.081475
12 6.25 30 14.297333 0.082204
13 6.75 29 9.400000 0.056609
14 7.25 22 0.614091 0.052796
15 7.75 18 -0.781111 0.101591
16 8.25 20 -0.413000 0.075224
17 8.75 14 0.029286 0.096342
18 9.25 12 -0.014167 0.152590
19 9.75 18 -0.290556 0.083296
20 10.25 14 0.471429 0.083650
21 10.75 17 0.236471 0.095859
22 11.25 20 0.455500 0.062392
23 11.75 17 -0.046471 0.078414
24 12.25 11 -0.231818 0.120744
25 12.75 13 0.021538 0.135213
26 13.25 12 -0.055000 0.109242
27 13.75 12 0.146667 0.143026
28 14.25 12 -0.378333 0.193237
29 14.75 8 -0.282500 0.131259
30 15.25 2 -0.875000 0.604576
31 15.75 0 0.000000 0.000000
32 16.25 0 0.000000 0.000000
33 16.75 0 0.000000 0.000000
34 17.25 0 0.000000 0.000000
35 17.75 0 0.000000 0.000000
36 18.25 0 0.000000 0.000000
37 18.75 0 0.000000 0.000000
38 19.25 0 0.000000 0.000000
39 19.75 0 0.000000 0.000000

0 0.25 314 26.954013 0.007990
1 0.75 119 27.443277 0.022132
2 1.25 103 29.312136 0.022043
3 1.75 33 31.465455 0.076797
4 2.25 61 32.940984 0.044955
5 2.75 51 35.297647 0.048723
6 3.25 41 39.956829 0.105816
7 3.75 37 40.768649 0.095875
8 4.25 52 34.468654 0.062285
9 4.75 34 30.829412 0.089814
10 5.25 48 24.615208 0.056084
11 5.75 31 19.805806 0.087637
12 6.25 33 14.774242 0.070606
13 6.75 28 10.500714 0.076911
14 7.25 21 0.751905 0.176377
15 7.75 18 0.133333 0.061223
16 8.25 23 -0.487826 0.062258
17 8.75 12 -0.568333 0.111987
18 9.25 13 -0.202308 0.132693
19 9.75 17 -0.307059 0.086559
20 10.25 14 0.182857 0.120619
21 10.75 21 -0.418571 0.075190
22 11.25 18 0.843889 0.090003
23 11.75 15 0.252000 0.090598
24 12.25 11 -0.545455 0.204258
25 12.75 15 -0.628000 0.092098
26 13.25 13 -0.214615 0.098954
27 13.75 11 0.023636 0.158049
28 14.25 10 0.995000 0.169358
29 14.75 6 0.395000 0.290535
30 15.25 0 0.000000 0.000000
31 15.75 0 0.000000 0.000000
32 16.25 0 0.000000 0.000000
33 16.75 0 0.000000 0.000000
34 17.25 0 0.000000 0.000000
35 17.75 0 0.000000 0.000000
36 18.25 0 0.000000 0.000000
37 18.75 0 0.000000 0.000000
38 19.25 0 0.000000 0.000000
39 19.75 0 0.000000 0.000000

0 0.25 315 26.572000 0.007432
1 0.75 119 27.308824 0.019887
2 1.25 103 29.231650 0.025184
3 1.75 33 31.194545 0.082303
4 2.25 63 33.275238 0.044026
5 2.75 48 34.908750 0.057390
6 3.25 43 39.870233 0.083865
7 3.75 40 40.794250 0.094339
8 4.25 51 35.638627 0.056690
9 4.75 40 30.007500 0.068869
10 5.25 44 25.593864 0.059816
11 5.75 31 20.209677 0.094561
12 6.25 34 15.683235 0.079422
13 6.75 26 12.189615 0.071118
14 7.25 22 4.431818 0.222501
15 7.75 17 0.475294 0.079944
16 8.25 23 -0.153478 0.070885
17 8.75 12 0.195000 0.110974
18 9.25 14 0.258571 0.082133
19 9.75 17 0.511765 0.109022
20 10.25 19 -0.223684 0.063549
21 10.75 22 0.044545 0.064882
22 11.25 18 -0.540000 0.075792
23 11.75 13 -0.274615 0.075670
24 12.25 12 0.094167 0.103721
25 12.75 15 0.166000 0.105678
26 13.25 13 0.846154 0.091739
27 13.75 10 -0.257000 0.124512
28 14.25 9 -0.332222 0.103146
29 14.75 4 -0.987500 0.176628
30 15.25 0 0.000000 0.000000
31 15.75 0 0.000000 0.000000
32 16.25 0 0.000000 0.000000
33 16.75 0 0.000000 0.000000
34 17.25 0 0.000000 0.000000
35 17.75 0 0.000000 0.000000
36 18.25 0 0.000000 0.000000
37 18.75 0 0.000000 0.000000
38 19.25 0 0.000000 0.000000
39 19.75 0 0.000000 0.000000

0 0.25 315 26.527302 0.007209
1 0.75 121 26.975124 0.022568
2 1.25 99 28.877879 0.024500
3 1.75 34 31.312647 0.067599
4 2.25 66 33.266061 0.044202
5 2.75 47 35.308511 0.053726
6 3.25 43 39.651395 0.082491
7 3.75 42 40.420476 0.113286
8 4.25 47 35.187872 0.057988
9 4.75 41 30.700488 0.059480
10 5.25 42 26.145952 0.054337
11 5.75 30 20.779667 0.059687
12 6.25 34 16.694412 0.069460
13 6.75 22 13.771818 0.106231
14 7.25 22 7.134545 0.183220
15 7.75 18 -0.369444 0.094752
16 8.25 19 -0.100000 0.078309
17 8.75 12 -0.480833 0.089297
18 9.25 15 -0.997333 0.123825
19 9.75 16 0.026250 0.113366
20 10.25 21 0.185714 0.066436
21 10.75 22 -0.234545 0.077284
22 11.25 16 -0.433750 0.127379
23 11.75 13 0.531538 0.122803
24 12.25 12 0.200833 0.117334
25 12.75 13 -0.260000 0.109747
26 13.25 12 0.666667 0.111639
27 13.75 11 -0.150909 0.097526
28 14.25 5 -0.306000 0.369866
29 14.75 2 -0.975000 0.293449
30 15.25 0 0.000000 0.000000
31 15.75 0 0.000000 0.000000
32 16.25 0 0.000000 0.000000
33 16.75 0 0.000000 0.000000
34 17.25 0 0.000000 0.000000
35 17.75 0 0.000000 0.000000
36 18.25 0 0.000000 0.000000
37 18.75 0 0.000000 0.000000
38 19.25 0 0.000000 0.000000
39 19.75 0 0.000000 0.000000

0 0.25 322 26.237050 0.007466
1 0.75 122 26.773115 0.020704
2 1.25 102 29.273039 0.023736
3 1.75 34 32.129118 0.076655
4 2.25 66 33.430909 0.041649
5 2.75 47 35.642553 0.065592
6 3.25 41 39.679756 0.114433
7 3.75 47 40.241702 0.093263
8 4.25 44 35.305455 0.072819
9 4.75 44 30.849545 0.069112
10 5.25 41 26.612195 0.063115
11 5.75 32 21.987188 0.073881
12 6.25 33 17.890000 0.073390
13 6.75 20 13.806000 0.106250
14 7.25 22 9.941818 0.087664
15 7.75 21 -0.266667 0.073226
16 8.25 16 -0.175000 0.075371
17 8.75 14 -0.410714 0.095121
18 9.25 15 0.920000 0.094067
19 9.75 17 -0.376471 0.083517
20 10.25 22 0.245455 0.056610
21 10.75 19 0.311053 0.069158
22 11.25 17 0.355294 0.115130
23 11.75 13 1.052308 0.117701
24 12.25 12 -0.035833 0.117750
25 12.75 13 -0.204615 0.133491
26 13.25 11 0.252727 0.147378
27 13.75 11 -0.590000 0.094122
28 14.25 5 0.910000 0.232998
29 14.75 0 0.000000 0.000000
30 15.25 0 0.000000 0.000000
31 15.75 0 0.000000 0.000000
32 16.25 0 0.000000 0.000000
33 16.75 0 0.000000 0.000000
34 17.25 0 0.000000 0.000000
35 17.75 0 0.000000 0.000000
36 18.25 0 0.000000 0.000000
37 18.75 0 0.000000 0.000000
38 19.25 0 0.000000 0.000000
39 19.75 0 0.000000 0.000000

0 0.25 326 25.958098 0.007306
1 0.75 125 26.266000 0.019449
2 1.25 100 28.966600 0.023388
3 1.75 36 31.836111 0.077991
4 2.25 65 33.566769 0.045924
5 2.75 49 36.182041 0.063643
6 3.25 42 39.568095 0.109214
7 3.75 48 40.824792 0.091743
8 4.25 45 35.357111 0.072583
9 4.75 45 30.676667 0.078390
10 5.25 41 27.306098 0.070406
11 5.75 36 22.053611 0.074227
12 6.25 31 18.875484 0.066567
13 6.75 20 15.768000 0.128983
14 7.25 23 10.643478 0.082823
15 7.75 23 3.707391 0.172904
16 8.25 17 -0.650588 0.117095
17 8.75 15 -0.733333 0.092187
18 9.25 14 0.060714 0.076771
19 9.75 19 -0.036842 0.070589
20 10.25 21 -0.301905 0.053825
21 10.75 20 0.096000 0.074271
22 11.25 15 0.300667 0.075320
23 11.75 13 -0.014615 0.154714
24 12.25 12 -0.855833 0.127298
25 12.75 13 -0.108462 0.087568
26 13.25 11 0.873636 0.098938
27 13.75 9 0.080000 0.200926
28 14.25 4 0.220000 0.194326
29 14.75 0 0.000000 0.000000
30 15.25 0 0.000000 0.000000
31 15.75 0 0.000000 0.000000
32 16.25 0 0.000000 0.000000
33 16.75 0 0.000000 0.000000
34 17.25 0 0.000000 0.000000
35 17.75 0 0.000000 0.000000
36 18.25 0 0.000000 0.000000
37 18.75 0 0.000000 0.000000
38 19.25 0 0.000000 0.000000
39 19.75 0 0.000000 0.000000

0 0.25 319 25.641129 0.006529
1 0.75 126 26.648413 0.019181
2 1.25 96 28.977708 0.025623
3 1.75 36 32.117222 0.060730
4 2.25 65 33.912000 0.042294
5 2.75 49 36.478571 0.045343
6 3.25 38 40.463947 0.090708
7 3.75 51 41.166863 0.069963
8 4.25 43 35.517674 0.088641
9 4.75 44 31.527727 0.060033
10 5.25 41 27.973415 0.066688
11 5.75 37 23.389459 0.062190
12 6.25 29 20.097241 0.085202
13 6.75 21 16.088571 0.093463
14 7.25 20 12.683000 0.095144
15 7.75 25 7.604800 0.150337
16 8.25 12 -0.061667 0.069901
17 8.75 15 -0.484000 0.088575
18 9.25 14 0.600714 0.079311
19 9.75 20 0.484000 0.075889
20 10.25 22 -0.518636 0.075175
21 10.75 18 0.492778 0.090812
22 11.25 16 -0.185625 0.111499
23 11.75 12 0.537500 0.151350
24 12.25 12 0.284167 0.093262
25 12.75 11 0.150909 0.181656
26 13.25 11 -0.020000 0.153454
27 13.75 7 -1.420000 0.173437
28 14.25 3 0.166667 0.233722
29 14.75 0 0.000000 0.000000
30 15.25 0 0.000000 0.000000
31 15.75 0 0.000000 0.000000
32 16.25 0 0.000000 0.000000
33 16.75 0 0.000000 0.000000
34 17.25 0 0.000000 0.000000
35 17.75 0 0.000000 0.000000
36 18.25 0 0.000000 0.000000
37 18.75 0 0.000000 0.000000
38 19.25 0 0.000000 0.000000
39 19.75 0 0.000000 0.000000

0 0.25 317 25.457319 0.006314
1 0.75 126 26.101032 0.019172
2 1.25 97 28.951031 0.026047
3 1.75 39 31.361282 0.082662
4 2.25 64 33.851719 0.049295
5 2.75 52 37.343077 0.061665
6 3.25 37 40.636757 0.098227
7 3.75 48 42.842292 0.073859
8 4.25 44 35.713182 0.069509
9 4.75 44 32.415682 0.066134
10 5.25 40 27.951750 0.072251
11 5.75 35 23.705429 0.072858
12 6.25 28 20.695714 0.076840
13 6.75 20 17.865500 0.098365
14 7.25 20 13.635500 0.120817
15 7.75 25 9.206800 0.070410
16 8.25 12 0.880000 0.224853
17 8.75 17 -0.537647 0.095714
18 9.25 13 -0.079231 0.141537
19 9.75 25 -0.140000 0.060893
20 10.25 20 0.039500 0.078770
21 10.75 17 -0.696471 0.088474
22 11.25 15 0.093333 0.097150
23 11.75 12 0.211667 0.095334
24 12.25 12 0.853333 0.108001
25 12.75 12 -0.395833 0.111591
26 13.25 11 -0.294545 0.118287
27 13.75 8 -0.141250 0.181736
28 14.25 2 1.130000 0.226274
29 14.75 0 0.000000 0.000000
30 15.25 0 0.000000 0.000000
31 15.75 0 0.000000 0.000000
32 16.25 0 0.000000 0.000000
33 16.75 0 0.000000 0.000000
34 17.25 0 0.000000 0.000000
35 17.75 0 0.000000 0.000000
36 18.25 0 0.000000 0.000000
37 18.75 0 0.000000 0.000000
38 19.25 0 0.000000 0.000000
39 19.75 0 0.000000 0.000000

0 0.25 321 25.500623 0.006948
1 0.75 123 25.738618 0.020618
2 1.25 93 28.540753 0.020697
3 1.75 38 31.654211 0.073387
4 2.25 65 33.754308 0.043963
5 2.75 50 37.495000 0.055249
6 3.25 36 39.625556 0.093477
7 3.75 51 42.737059 0.069570
8 4.25 44 35.623864 0.073633
9 4.75 45 31.753778 0.061647
10 5.25 43 28.538372 0.059119
11 5.75 33 24.170909 0.074939
12 6.25 25 21.937200 0.090836
13 6.75 20 18.926000 0.097511
14 7.25 19 14.909474 0.100887
15 7.75 28 10.724643 0.091067
16 8.25 11 1.910909 0.404366
17 8.75 17 0.311765 0.077415
18 9.25 13 -0.193846 0.127750
19 9.75 23 -0.348261 0.095478
20 10.25 19 0.092632 0.051244
21 10.75 17 -0.698235 0.102629
22 11.25 17 -0.172941 0.071563
23 11.75 12 -0.647500 0.088378
24 12.25 11 -0.003636 0.155190
25 12.75 12 0.441667 0.121848
26 13.25 9 0.431111 0.216316
27 13.75 9 -0.084444 0.167307
28 14.25 1 0.420000 0.000000
29 14.75 0 0.000000 0.000000
30 15.25 0 0.000000 0.000000
31 15.75 0 0.000000 0.000000
32 16.25 0 0.000000 0.000000
33 16.75 0 0.000000 0.000000
34 17.25 0 0.000000 0.000000
35 17.75 0 0.000000 0.000000
36 18.25 0 0.000000 0.000000
37 18.75 0 0.000000 0.000000
38 19.25 0 0.000000 0.000000
39 19.75 0 0.000000 0.000000

0 0.25 321 24.841620 0.007302
1 0.75 126 25.519603 0.018451
2 1.25 93 28.296237 0.027207
3 1.75 41 32.567561 0.059062
4 2.25 64 34.616250 0.046536
5 2.75 53 36.920189 0.057405
6 3.25 37 40.699730 0.094717
7 3.75 50 42.440400 0.083293
8 4.25 44 36.011364 0.090738
9 4.75 45 31.517556 0.060457
10 5.25 42 28.912143 0.053767
11 5.75 35 24.831429 0.077732
12 6.25 28 21.454286 0.073869
13 6.75 21 18.648571 0.076929
14 7.25 19 15.538947 0.097906
15 7.75 29 11.460000 0.075048
16 8.25 12 8.470000 0.148780
17 8.75 17 -0.095882 0.066085
18 9.25 13 -0.127692 0.107785
19 9.75 23 0.124348 0.054856
20 10.25 20 -0.220000 0.072404
21 10.75 16 0.299375 0.103633
22 11.25 17 -0.705882 0.115352
23 11.75 12 -0.137500 0.135944
24 12.25 12 -0.919167 0.133458
25 12.75 10 0.679000 0.160945
26 13.25 9 0.375556 0.110763
27 13.75 10 0.543000 0.095227
28 14.25 0 0.000000 0.000000
29 14.75 0 0.000000 0.000000
30 15.25 0 0.000000 0.000000
31 15.75 0 0.000000 0.000000
32 16.25 0 0.000000 0.000000
33 16.75 0 0.000000 0.000000
34 17.25 0 0.000000 0.000000
35 17.75 0 0.000000 0.000000
36 18.25 0 0.000000 0.000000
37 18.75 0 0.000000 0.000000
38 19.25 0 0.000000 0.000000
39 19.75 0 0.000000 0.000000

0 0.25 325 24.853354 0.006972
1 0.75 128 25.661719 0.018878
2 1.25 92 28.662174 0.026090
3 1.75 41 31.897073 0.062738
4 2.25 64 34.392188 0.048023
5 2.75 51 37.360588 0.051011
6 3.25 37 40.365135 0.067269
7 3.75 51 42.616275 0.081089
8 4.25 43 37.389767 0.091180
9 4.75 46 31.778913 0.061585
10 5.25 42 28.281190 0.066003
11 5.75 33 24.971212 0.059805
12 6.25 27 22.928889 0.073195
13 6.75 21 18.884762 0.119169
14 7.25 19 15.808421 0.121062
15 7.75 28 12.640714 0.070388
16 8.25 11 9.315455 0.115391
17 8.75 16 0.106875 0.081395
18 9.25 15 -0.107333 0.104495
19 9.75 24 -0.118750 0.058992
20 10.25 19 0.124737 0.083672
21 10.75 16 -0.431250 0.055792
22 11.25 17 0.035294 0.068785
23 11.75 12 0.473333 0.134934
24 12.25 11 0.987273 0.128781
25 12.75 11 0.285455 0.086175
26 13.25 9 -0.434444 0.111864
27 13.75 9 -0.787778 0.213040
28 14.25 0 0.000000 0.000000
29 14.75 0 0.000000 0.000000
30 15.25 0 0.000000 0.000000
31 15.75 0 0.000000 0.000000
32 16.25 0 0.000000 0.000000
33 16.75 0 0.000000 0.000000
34 17.25 0 0.000000 0.000000
35 17.75 0 0.000000 0.000000
36 18.25 0 0.000000 0.000000
37 18.75 0 0.000000 0.000000
38 19.25 0 0.000000 0.000000
39 19.75 0 0.000000 0.000000

0 0.25 318 24.537893 0.006402
1 0.75 124 25.186371 0.017347
2 1.25 96 28.157917 0.027043
3 1.75 38 31.628947 0.066642
4 2.25 63 33.824921 0.046385
5 2.75 54 38.032963 0.054146
6 3.25 37 41.731892 0.084229
7 3.75 50 43.309200 0.068210
8 4.25 42 36.623810 0.071822
9 4.75 45 31.849333 0.062820
10 5.25 42 29.009762 0.057707
11 5.75 36 25.069444 0.083636
12 6.25 27 22.921111 0.085953
13 6.75 20 20.202500 0.107434
14 7.25 20 17.210500 0.124626
15 7.75 28 13.007500 0.072125
16 8.25 13 10.263077 0.176299
17 8.75 17 3.635294 0.244770
18 9.25 13 0.402308 0.125829
19 9.75 23 -0.204348 0.063964
20 10.25 21 0.243333 0.070281
21 10.75 15 0.074667 0.140044
22 11.25 16 -0.118125 0.092214
23 11.75 12 0.348333 0.124127
24 12.25 12 -0.321667 0.108376
25 12.75 11 -0.778182 0.163601
26 13.25 10 0.236000 0.230024
27 13.75 8 -0.367500 0.208191
28 14.25 1 -0.270000 0.000000
29 14.75 0 0.000000 0.000000
30 15.25 0 0.000000 0.000000
31 15.75 0 0.000000 0.000000
32 16.25 0 0.000000 0.000000
33 16.75 0 0.000000 0.000000
34 17.25 0 0.000000 0.000000
35 17.75 0 0.000000 0.000000
36 18.25 0 0.000000 0.000000
37 18.75 0 0.000000 0.000000
38 19.25 0 0.000000 0.000000
39 19.75 0 0.000000 0.000000

0 0.25 310 24.330581 0.006669
1 0.75 121 25.228099 0.021029
2 1.25 93 28.280645 0.028262
3 1.75 39 32.035641 0.079895
4 2.25 59 35.050678 0.045439
5 2.75 51 38.505098 0.064284
6 3.25 37 40.977838 0.084303
7 3.75 50 43.034400 0.071721
8 4.25 43 37.550465 0.086603
9 4.75 44 32.343182 0.064152
10 5.25 42 29.270952 0.058251
11 5.75 34 26.337647 0.073293
12 6.25 27 22.848519 0.068409
13 6.75 20 20.622500 0.113797
14 7.25 20 17.136000 0.080383
15 7.75 26 14.130385 0.068634
16 8.25 12 11.505833 0.186751
17 8.75 17 5.602941 0.268849
18 9.25 13 0.306154 0.093976
19 9.75 22 -0.397727 0.075759
20 10.25 20 0.418000 0.059829
21 10.75 17 -0.001176 0.102038
22 11.25 15 -0.458667 0.075878
23 11.75 12 -0.590833 0.132958
24 12.25 12 0.210000 0.118046
25 12.75 11 0.250909 0.145410
26 13.25 10 0.088000 0.148879
27 13.75 8 0.188750 0.102158
28 14.25 3 -0.723333 0.255045
29 14.75 0 0.000000 0.000000
30 15.25 0 0.000000 0.000000
31 15.75 0 0.000000 0.000000
32 16.25 0 0.000000 0.000000
33 16.75 0 0.000000 0.000000
34 17.25 0 0.000000 0.000000
35 17.75 0 0.000000 0.000000
36 18.25 0 0.000000 0.000000
37 18.75 0 0.000000 0.000000
38 19.25 0 0.000000 0.000000
39 19.75 0 0.000000 0.000000

0 0.25 311 24.216141 0.006979
1 0.75 122 25.127213 0.020288
2 1.25 92 27.976957 0.031089
3 1.75 37 32.494865 0.074018
4 2.25 61 34.916885 0.044446
5 2.75 47 37.647021 0.063034
6 3.25 42 41.208095 0.086811
7 3.75 46 43.625652 0.072981
8 4.25 42 37.479524 0.077448
9 4.75 44 32.197273 0.072765
10 5.25 40 29.999750 0.056096
11 5.75 36 25.857222 0.055891
12 6.25 28 23.022857 0.082741
13 6.75 20 21.094500 0.128585
14 7.25 20 17.708500 0.109452
15 7.75 24 14.302500 0.069472
16 8.25 14 11.482857 0.120075
17 8.75 15 8.603333 0.191096
18 9.25 15 -0.070667 0.087439
19 9.75 19 -0.202105 0.072693
20 10.25 22 -0.195455 0.062836
21 10.75 19 -0.598421 0.079456
22 11.25 14 -0.170000 0.083288
23 11.75 12 -0.393333 0.095757
24 12.25 13 -0.040000 0.111875
25 12.75 12 0.209167 0.124423
26 13.25 10 0.134000 0.156000
27 13.75 9 -0.162222 0.225806
28 14.25 2 0.165000 0.703571
29 14.75 0 0.000000 0.000000
30 15.25 0 0.000000 0.000000
31 15.75 0 0.000000 0.000000
32 16.25 0 0.000000 0.000000
33 16.75 0 0.000000 0.000000
34 17.25 0 0.000000 0.000000
35 17.75 0 0.000000 0.000000
36 18.25 0 0.000000 0.000000
37 18.75 0 0.000000 0.000000
38 19.25 0 0.000000 0.000000
39 19.75 0 0.000000 0.000000

0 0.25 318 24.561792 0.007085
1 0.75 127 25.030630 0.017482
2 1.25 96 28.297292 0.025285
3 1.75 37 31.765676 0.068567
4 2.25 62 34.831613 0.049552
5 2.75 50 38.839400 0.056110
6 3.25 44 42.102955 0.077353
7 3.75 47 43.765532 0.081427
8 4.25 42 38.327143 0.078550
9 4.75 45 31.539333 0.057743
10 5.25 42 29.471190 0.073735
11 5.75 34 25.819118 0.067618
12 6.25 32 23.407813 0.074600
13 6.75 20 20.414500 0.093700
14 7.25 23 17.607826 0.091718
15 7.75 21 13.918095 0.088184
16 8.25 16 11.716250 0.131000
17 8.75 16 8.193750 0.179790
18 9.25 15 -0.664000 0.097071
19 9.75 19 0.580526 0.053303
20 10.25 21 0.144286 0.080120
21 10.75 20 0.147000 0.090448
22 11.25 15 -0.046000 0.123980
23 11.75 14 0.653571 0.117209
24 12.25 12 0.579167 0.130731
25 12.75 13 0.168462 0.091326
26 13.25 10 -0.347000 0.131012
27 13.75 10 0.023000 0.107816
28 14.25 3 -0.076667 0.301871
29 14.75 0 0.000000 0.000000
30 15.25 0 0.000000 0.000000
31 15.75 0 0.000000 0.000000
32 16.25 0 0.000000 0.000000
33 16.75 0 0.000000 0.000000
34 17.25 0 0.000000 0.000000
35 17.75 0 0.000000 0.000000
36 18.25 0 0.000000 0.000000
37 18.75 0 0.000000 0.000000
38 19.25 0 0.000000 0.000000
39 19.75 0 0.000000 0.000000

0 0.25 316 24.888766 0.007347
1 0.75 126 24.942460 0.018314
2 1.25 97 28.361443 0.023760
3 1.75 36 32.522778 0.095239
4 2.25 64 35.255313 0.040508
5 2.75 47 37.827447 0.077390
6 3.25 46 42.394783 0.072097
7 3.75 46 42.472609 0.079019
8 4.25 42 37.714286 0.081618
9 4.75 43 32.314186 0.066680
10 5.25 45 29.329333 0.060480
11 5.75 32 26.128125 0.079486
12 6.25 32 23.546563 0.082830
13 6.75 20 20.337000 0.099936
14 7.25 22 17.130455 0.088218
15 7.75 19 14.045263 0.114644
16 8.25 18 11.419444 0.103076
17 8.75 13 7.423846 0.191940
18 9.25 16 0.392500 0.107771
19 9.75 18 0.565000 0.096762
20 10.25 21 -0.129524 0.095428
21 10.75 21 -0.030000 0.076061
22 11.25 13 -0.568462 0.133094
23 11.75 14 0.615000 0.103671
24 12.25 12 -0.399167 0.062312
25 12.75 14 0.121429 0.152606
26 13.25 11 -0.016364 0.109954
27 13.75 10 -0.007000 0.130608
28 14.25 4 -1.002500 0.326716
29 14.75 0 0.000000 0.000000
30 15.25 0 0.000000 0.000000
31 15.75 0 0.000000 0.000000
32 16.25 0 0.000000 0.000000
33 16.75 0 0.000000 0.000000
34 17.25 0 0.000000 0.000000
35 17.75 0 0.000000 0.000000
36 18.25 0 0.000000 0.000000
37 18.75 0 0.000000 0.000000
38 19.25 0 0.000000 0.000000
39 19.75 0 0.000000 0.000000

0 0.25 311 24.775981 0.007696
1 0.75 123 25.304878 0.018287
2 1.25 95 29.059579 0.031028
3 1.75 36 32.578333 0.080870
4 2.25 62 36.199516 0.040523
5 2.75 46 38.643478 0.060952
6 3.25 46 42.183261 0.070258
7 3.75 43 43.707209 0.076541
8 4.25 44 38.238409 0.077877
9 4.75 42 31.772143 0.051225
10 5.25 47 29.396170 0.051674
11 5.75 31 25.650000 0.081395
12 6.25 32 23.158750 0.056051
13 6.75 21 20.680952 0.117762
14 7.25 22 17.696364 0.087245
15 7.75 18 14.095000 0.125999
16 8.25 21 11.810952 0.080437
17 8.75 12 8.075833 0.218704
18 9.25 15 0.166000 0.053562
19 9.75 16 0.495000 0.091446
20 10.25 19 0.312105 0.111398
21 10.75 23 -0.111304 0.060494
22 11.25 15 -0.466000 0.127200
23 11.75 14 0.176429 0.090636
24 12.25 12 -0.190000 0.098110
25 12.75 14 -0.307143 0.104770
26 13.25 12 -0.442500 0.100970
27 13.75 11 0.126364 0.122771
28 14.25 7 -0.565714 0.197103
29 14.75 2 0.765000 0.795495
30 15.25 0 0.000000 0.000000
31 15.75 0 0.000000 0.000000
32 16.25 0 0.000000 0.000000
33 16.75 0 0.000000 0.000000
34 17.25 0 0.000000 0.000000
35 17.75 0 0.000000 0.000000
36 18.25 0 0.000000 0.000000
37 18.75 0 0.000000 0.000000
38 19.25 0 0.000000 0.000000
39 19.75 0 0.000000 0.000000

0 0.25 313 24.924537 0.006734
1 0.75 118 25.484492 0.018260
2 1.25 96 28.672708 0.028762
3 1.75 34 32.732059 0.088209
4 2.25 59 35.540169 0.049128
5 2.75 47 39.163191 0.075988
6 3.25 44 42.721364 0.061848
7 3.75 38 43.604211 0.098020
8 4.25 46 38.674130 0.070641
9 4.75 39 32.492564 0.080358
10 5.25 46 29.091957 0.049671
11 5.75 30 26.305333 0.094187
12 6.25 32 23.591250 0.065244
13 6.75 23 20.606957 0.069398
14 7.25 23 17.236957 0.117205
15 7.75 18 14.390556 0.093404
16 8.25 22 11.306364 0.088612
17 8.75 12 7.171667 0.304700
18 9.25 14 0.435000 0.132821
19 9.75 18 -0.528889 0.088600
20 10.25 17 0.192353 0.106002
21 10.75 22 -0.003636 0.072417
22 11.25 16 0.053750 0.052625
23 11.75 14 0.154286 0.098854
24 12.25 12 0.122500 0.103056
25 12.75 14 -0.297857 0.119683
26 13.25 12 -0.475000 0.124009
27 13.75 11 0.377273 0.145899
28 14.25 9 0.605556 0.199562
29 14.75 3 -0.763333 0.225150
30 15.25 0 0.000000 0.000000
31 15.75 0 0.000000 0.000000
32 16.25 0 0.000000 0.000000
33 16.75 0 0.000000 0.000000
34 17.25 0 0.000000 0.000000
35 17.75 0 0.000000 0.000000
36 18.25 0 0.000000 0.000000
37 18.75 0 0.000000 0.000000
38 19.25 0 0.000000 0.000000
39 19.75 0 0.000000 0.000000

0 0.25 313 25.341278 0.007772
1 0.75 122 25.615656 0.019217
2 1.25 98 28.942449 0.025738
3 1.75 36 32.659444 0.091403
4 2.25 58 35.466897 0.045099
5 2.75 47 39.231702 0.074177
6 3.25 48 42.305417 0.069133
7 3.75 35 44.450286 0.105571
8 4.25 49 38.933469 0.068274
9 4.75 35 32.876286 0.095214
10 5.25 46 28.978696 0.054443
11 5.75 31 26.148065 0.086754
12 6.25 33 23.947273 0.065842
13 6.75 25 21.505600 0.076815
14 7.25 22 17.090909 0.097107
15 7.75 19 14.532632 0.094197
16 8.25 20 10.587000 0.074532
17 8.75 13 7.494615 0.235042
18 9.25 12 0.205000 0.091566
19 9.75 19 0.141053 0.098189
20 10.25 15 -0.029333 0.097826
21 10.75 20 0.304000 0.081726
22 11.25 20 -0.268500 0.076970
23 11.75 15 0.237333 0.092916
24 12.25 11 -0.218182 0.134814
25 12.75 14 -0.910714 0.107107
26 13.25 12 -0.614167 0.112089
27 13.75 12 0.082500 0.058270
28 14.25 11 0.104545 0.101194
29 14.75 4 -1.035000 0.513300
30 15.25 0 0.000000 0.000000
31 15.75 0 0.000000 0.000000
32 16.25 0 0.000000 0.000000
33 16.75 0 0.000000 0.000000
34 17.25 0 0.000000 0.000000
35 17.75 0 0.000000 0.000000
36 18.25 0 0.000000 0.000000
37 18.75 0 0.000000 0.000000
38 19.25 0 0.000000 0.000000
39 19.75 0 0.000000 0.000000

0 0.25 309 25.533107 0.007544
1 0.75 116 25.767845 0.019791
2 1.25 97 28.824948 0.028375
3 1.75 38 32.263947 0.066279
4 2.25 59 36.852203 0.050631
5 2.75 47 38.779149 0.063781
6 3.25 48 42.197917 0.054505
7 3.75 36 45.190000 0.104290
8 4.25 48 38.972292 0.077101
9 4.75 33 32.312424 0.106170
10 5.25 47 28.988723 0.058115
11 5.75 34 25.691176 0.063251
12 6.25 32 22.820937 0.097097
13 6.75 28 20.432143 0.065161
14 7.25 21 17.182381 0.085243
15 7.75 19 14.121053 0.120819
16 8.25 20 11.329500 0.110719
17 8.75 14 7.457143 0.182770
18 9.25 12 -0.425000 0.156660
19 9.75 17 -0.822353 0.083583
20 10.25 15 -0.127333 0.118399
21 10.75 18 -0.125556 0.083224
22 11.25 18 0.003889 0.081591
23 11.75 19 -0.222632 0.096251
24 12.25 11 0.339091 0.157934
25 12.75 14 0.377143 0.115820
26 13.25 12 0.148333 0.124417
27 13.75 12 0.090000 0.142466
28 14.25 13 0.002308 0.142772
29 14.75 8 -0.486250 0.238081
30 15.25 2 1.400000 0.367696
31 15.75 0 0.000000 0.000000
32 16.25 0 0.000000 0.000000
33 16.75 0 0.000000 0.000000
34 17.25 0 0.000000 0.000000
35 17.75 0 0.000000 0.000000
36 18.25 0 0.000000 0.000000
37 18.75 0 0.000000 0.000000
38 19.25 0 0.000000 0.000000
39 19.75 0 0.000000 0.000000

0 0.25 308 26.027630 0.007391
1 0.75 118 25.846525 0.019747
2 1.25 97 29.635979 0.030109
3 1.75 41 33.339512 0.069607
4 2.25 57 35.635088 0.047127
5 2.75 47 39.620426 0.073679
6 3.25 51 43.011961 0.067036
7 3.75 36 44.150278 0.091155
8 4.25 45 39.482444 0.092656
9 4.75 33 32.305152 0.084291
10 5.25 47 30.016809 0.061297
11 5.75 39 26.528974 0.057039
12 6.25 27 23.918889 0.079293
13 6.75 30 20.552333 0.076332
14 7.25 22 17.267273 0.118985
15 7.75 17 13.386471 0.116126
16 8.25 19 11.285263 0.117659
17 8.75 15 8.044000 0.167863
18 9.25 12 0.289167 0.086081
19 9.75 16 -0.226250 0.085900
20 10.25 15 -0.082667 0.088489
21 10.75 16 -0.142500 0.100744
22 11.25 17 -0.317059 0.067312
23 11.75 21 0.012857 0.064560
24 12.25 11 -0.481818 0.097142
25 12.75 14 0.343571 0.133389
26 13.25 13 0.178462 0.129785
27 13.75 12 0.045000 0.106130
28 14.25 12 -0.268333 0.117154
29 14.75 9 0.812222 0.161116
30 15.25 5 0.524000 0.188349
31 15.75 0 0.000000 0.000000
32 16.25 0 0.000000 0.000000
33 16.75 0 0.000000 0.000000
34 17.25 0 0.000000 0.000000
35 17.75 0 0.000000 0.000000
36 18.25 0 0.000000 0.000000
37 18.75 0 0.000000 0.000000
38 19.25 0 0.000000 0.000000
39 19.75 0 0.000000 0.000000

0 0.25 300 25.832833 0.007589
1 0.75 117 26.447521 0.023208
2 1.25 97 29.790309 0.022591
3 1.75 41 32.511707 0.066797
4 2.25 56 36.171429 0.047653
5 2.75 48 39.892083 0.071832
6 3.25 49 42.992449 0.058179
7 3.75 38 44.323421 0.081090
8 4.25 41 39.279268 0.094931
9 4.75 36 33.229167 0.088801
10 5.25 42 29.039762 0.079668
11 5.75 44 26.578864 0.049646
12 6.25 26 23.171923 0.075609
13 6.75 30 20.186667 0.067304
14 7.25 24 17.298333 0.094691
15 7.75 18 14.155000 0.089293
16 8.25 19 11.821053 0.122052
17 8.75 14 8.913571 0.107711
18 9.25 9 1.115556 0.143935
19 9.75 16 -0.071875 0.092960
20 10.25 14 0.157857 0.116012
21 10.75 16 0.120000 0.070988
22 11.25 17 -0.109412 0.085092
23 11.75 23 -0.119565 0.050475
24 12.25 12 0.667500 0.122940
25 12.75 12 0.611667 0.147319
26 13.25 13 -0.186923 0.096040
27 13.75 13 -0.390000 0.110546
28 14.25 13 0.067692 0.089301
29 14.75 13 0.276923 0.143640
30 15.25 8 0.028750 0.304095
31 15.75 2 -1.475000 0.144957
32 16.25 0 0.000000 0.000000
33 16.75 0 0.000000 0.000000
34 17.25 0 0.000000 0.000000
35 17.75 0 0.000000 0.000000
36 18.25 0 0.000000 0.000000
37 18.75 0 0.000000 0.000000
38 19.25 0 0.000000 0.000000
39 19.75 0 0.000000 0.000000

0 0.25 293 25.860580 0.007781
1 0.75 115 26.378174 0.022889
2 1.25 97 29.521959 0.032905
3 1.75 42 33.146429 0.063687
4 2.25 55 36.127818 0.053390
5 2.75 49 39.876735 0.052402
6 3.25 46 43.194348 0.080164
7 3.75 38 44.530000 0.068124
8 4.25 39 39.639231 0.077267
9 4.75 40 33.680500 0.072076
10 5.25 38 29.536316 0.062793
11 5.75 47 25.932553 0.051559
12 6.25 27 22.863333 0.088290
13 6.75 30 20.469333 0.083883
14 7.25 24 17.672917 0.097279
15 7.75 19 14.298421 0.092806
16 8.25 20 11.183500 0.126843
17 8.75 17 8.973529 0.128029
18 9.25 12 0.053333 0.126721
19 9.75 15 0.614667 0.115423
20 10.25 14 -0.265714 0.094105
21 10.75 15 -0.598667 0.076865
22 11.25 15 -0.036667 0.085618
23 11.75 21 0.156667 0.060044
24 12.25 16 0.058125 0.129808
25 12.75 12 -0.111667 0.053533
26 13.25 12 -0.051667 0.077864
27 13.75 12 -0.052500 0.136796
28 14.25 13 0.106923 0.071780
29 14.75 13 -0.099231 0.092672
30 15.25 9 -0.667778 0.215703
31 15.75 6 -0.258333 0.376698
32 16.25 1 -1.050000 0.000000
33 16.75 0 0.000000 0.000000
34 17.25 0 0.000000 0.000000
35 17.75 0 0.000000 0.000000
36 18.25 0 0.000000 0.000000
37 18.75 0 0.000000 0.000000
38 19.25 0 0.000000 0.000000
39 19.75 0 0.000000 0.000000

0 0.25 291 28.716598 0.008231
1 0.75 114 28.593070 0.021710
2 1.25 98 30.934796 0.030444
3 1.75 42 34.570714 0.071022
4 2.25 50 36.634600 0.064098
5 2.75 48 39.989583 0.066365
6 3.25 45 43.221778 0.080500
7 3.75 37 44.908919 0.107129
8 4.25 36 39.448611 0.074035
9 4.75 41 33.450976 0.072013
10 5.25 34 29.495294 0.064894
11 5.75 44 26.410227 0.048709
12 6.25 31 24.154516 0.080718
13 6.75 26 20.239231 0.075578
14 7.25 28 17.486071 0.078265
15 7.75 17 13.671765 0.115280
16 8.25 22 10.901364 0.117464
17 8.75 18 7.760556 0.180155
18 9.25 13 -0.470000 0.126172
19 9.75 12 0.276667 0.107574
20 10.25 13 -0.269231 0.141241
21 10.75 16 0.156250 0.053822
22 11.25 15 -0.170000 0.110321
23 11.75 17 -0.360000 0.116859
24 12.25 17 0.517647 0.088832
25 12.75 14 0.370000 0.090760
26 13.25 13 0.756923 0.088458
27 13.75 12 -0.397500 0.112171
28 14.25 14 -1.049286 0.126383
29 14.75 13 0.550000 0.128059
30 15.25 11 0.730000 0.172713
31 15.75 8 -0.798750 0.118900
32 16.25 4 -0.167500 0.421181
33 16.75 0 0.000000 0.000000
34 17.25 0 0.000000 0.000000
35 17.75 0 0.000000 0.000000
36 18.25 0 0.000000 0.000000
37 18.75 0 0.000000 0.000000
38 19.25 0 0.000000 0.000000
39 19.75 0 0.000000 0.000000

0 0.25 292 32.431575 0.010399
1 0.75 118 32.707627 0.026560
2 1.25 95 33.783789 0.036423
3 1.75 51 37.373529 0.059669
4 2.25 45 39.684222 0.066001
5 2.75 44 41.374773 0.067901
6 3.25 47 45.776383 0.081558
7 3.75 40 46.489500 0.099799
8 4.25 35 38.921714 0.106900
9 4.75 41 33.616585 0.069109
10 5.25 30 29.363000 0.083404
11 5.75 46 25.939783 0.057769
12 6.25 37 22.795405 0.077267
13 6.75 24 20.450833 0.105394
14 7.25 29 16.526897 0.083429
15 7.75 20 13.152000 0.078618
16 8.25 22 10.325000 0.099022
17 8.75 18 2.837222 0.219868
18 9.25 15 -0.030000 0.076705
19 9.75 10 -0.185000 0.197753
20 10.25 13 0.346923 0.085224
21 10.75 16 0.751250 0.065504
22 11.25 15 0.432000 0.118202
23 11.75 17 0.368235 0.097767
24 12.25 19 -0.051053 0.063306
25 12.75 15 -0.148000 0.097428
26 13.25 11 -0.866364 0.213003
27 13.75 12 0.155000 0.094061
28 14.25 14 -0.153571 0.114572
29 14.75 13 -0.203077 0.108446
30 15.25 12 -0.990000 0.158153
31 15.75 11 -0.133636 0.118590
32 16.25 9 0.081111 0.130724
33 16.75 0 0.000000 0.000000
34 17.25 0 0.000000 0.000000
35 17.75 0 0.000000 0.000000
36 18.25 0 0.000000 0.000000
37 18.75 0 0.000000 0.000000
38 19.25 0 0.000000 0.000000
39 19.75 0 0.000000 0.000000

0 0.25 284 36.107958 0.011327
1 0.75 119 36.360672 0.026838
2 1.25 94 37.635000 0.032646
3 1.75 58 40.387931 0.055357
4 2.25 41 40.738537 0.074958
5 2.75 45 43.136222 0.066562
6 3.25 44 45.473409 0.085490
7 3.75 41 46.307561 0.079076
8 4.25 34 38.870882 0.089580
9 4.75 38 32.548684 0.074113
10 5.25 29 28.962759 0.088650
11 5.75 40 25.445250 0.073564
12 6.25 39 22.588462 0.066288
13 6.75 24 19.445833 0.090085
14 7.25 30 15.889333 0.074609
15 7.75 21 12.044762 0.085797
16 8.25 21 8.606667 0.117187
17 8.75 17 1.125294 0.167026
18 9.25 18 -0.590000 0.072007
19 9.75 8 0.872500 0.149204
20 10.25 10 -0.831000 0.131547
21 10.75 15 -0.735333 0.072603
22 11.25 15 -0.047333 0.099803
23 11.75 16 -0.493750 0.101179
24 12.25 16 -0.248750 0.099420
25 12.75 18 0.253333 0.083416
26 13.25 15 0.189333 0.100690
27 13.75 11 0.119091 0.136201
28 14.25 13 0.039231 0.117859
29 14.75 13 -1.040769 0.089705
30 15.25 11 0.080909 0.148977
31 15.75 13 -0.519231 0.109748
32 16.25 10 0.671000 0.210457
33 16.75 8 -0.073750 0.211272
34 17.25 0 0.000000 0.000000
35 17.75 0 0.000000 0.000000
36 18.25 0 0.000000 0.000000
37 18.75 0 0.000000 0.000000
38 19.25 0 0.000000 0.000000
39 19.75 0 0.000000 0.000000

0 0.25 274 39.820073 0.012698
1 0.75 122 40.281311 0.026873
2 1.25 90 39.831000 0.033624
3 1.75 64 42.291406 0.060915
4 2.25 31 42.672258 0.121452
5 2.75 48 45.254375 0.068224
6 3.25 40 47.303250 0.084389
7 3.75 43 45.775349 0.096462
8 4.25 30 39.446000 0.096548
9 4.75 37 32.405405 0.071443
10 5.25 33 28.896061 0.085577
11 5.75 35 25.189429 0.056086
12 6.25 42 21.821905 0.051141
13 6.75 28 18.482857 0.083861
14 7.25 23 15.558696 0.094034
15 7.75 26 11.060769 0.083730
16 8.25 19 6.391053 0.208115
17 8.75 18 -0.779444 0.076794
18 9.25 18 -0.431111 0.089317
19 9.75 13 -0.398462 0.100497
20 10.25 8 0.302500 0.121377
21 10.75 13 0.171538 0.142811
22 11.25 14 0.777857 0.108763
23 11.75 16 0.088125 0.075874
24 12.25 15 0.237333 0.112351
25 12.75 16 -0.051875 0.073972
26 13.25 19 -0.090000 0.076613
27 13.75 10 1.196000 0.185125
28 14.25 13 -0.093846 0.089773
29 14.75 13 -0.670000 0.090269
30 15.25 12 0.678333 0.120363
31 15.75 13 0.332308 0.159155
32 16.25 11 0.216364 0.130713
33 16.75 9 -0.432222 0.100408
34 17.25 3 -0.393333 0.482543
35 17.75 0 0.000000 0.000000
36 18.25 0 0.000000 0.000000
37 18.75 0 0.000000 0.000000
38 19.25 0 0.000000 0.000000
39 19.75 0 0.000000 0.000000

0 0.25 268 44.060560 0.011618
1 0.75 131 43.892595 0.027671
2 1.25 87 43.060000 0.038235
3 1.75 72 45.363472 0.049272
4 2.25 26 44.221538 0.117424
5 2.75 52 45.602115 0.075230
6 3.25 41 47.244878 0.076182
7 3.75 43 46.971395 0.105197
8 4.25 29 39.312414 0.135664
9 4.75 35 31.999714 0.086942
10 5.25 33 29.322727 0.087227
11 5.75 33 24.985455 0.080967
12 6.25 39 21.672821 0.072292
13 6.75 34 18.432941 0.060139
14 7.25 23 14.780870 0.097831
15 7.75 27 11.087037 0.075028
16 8.25 20 2.792500 0.227693
17 8.75 17 -0.127647 0.090187
18 9.25 21 0.012381 0.078989
19 9.75 15 0.289333 0.078033
20 10.25 8 0.050000 0.132932
21 10.75 11 0.092727 0.130342
22 11.25 14 0.364286 0.133530
23 11.75 14 -0.508571 0.133681
24 12.25 15 0.334667 0.132816
25 12.75 13 -0.292308 0.120366
26 13.25 17 0.151176 0.101190
27 13.75 12 0.264167 0.105603
28 14.25 10 1.076000 0.255069
29 14.75 13 -0.527692 0.181252
30 15.25 11 0.352727 0.155527
31 15.75 14 0.415000 0.085676
32 16.25 13 -0.055385 0.122266
33 16.75 9 -0.005556 0.168769
34 17.25 9 0.422222 0.226923
35 17.75 0 0.000000 0.000000
36 18.25 0 0.000000 0.000000
37 18.75 0 0.000000 0.000000
38 19.25 0 0.000000 0.000000
39 19.75 0 0.000000 0.000000

0 0.25 250 46.382480 0.017170
1 0.75 136 46.256029 0.028691
2 1.25 82 44.947927 0.045515
3 1.75 72 47.235139 0.059293
4 2.25 17 46.492353 0.200494
5 2.75 56 46.546786 0.062166
6 3.25 34 47.319118 0.107309
7 3.75 43 45.930233 0.093349
8 4.25 30 38.504000 0.136208
9 4.75 37 32.174054 0.074018
10 5.25 34 27.464706 0.070948
11 5.75 26 23.856923 0.104555
12 6.25 40 20.270500 0.066941
13 6.75 38 17.826579 0.056850
14 7.25 24 13.579583 0.086314
15 7.75 24 9.168333 0.073026
16 8.25 22 1.624545 0.185121
17 8.75 16 0.354375 0.091549
18 9.25 21 0.240952 0.071902
19 9.75 17 0.112353 0.083060
20 10.25 8 -0.111250 0.096127
21 10.75 8 -0.285000 0.154844
22 11.25 13 -0.416923 0.120199
23 11.75 15 0.158000 0.081680
24 12.25 15 -0.765333 0.100612
25 12.75 15 -0.020667 0.089185
26 13.25 17 0.273529 0.084966
27 13.75 14 0.115714 0.125762
28 14.25 12 0.244167 0.114692
29 14.75 12 -0.247500 0.104618
30 15.25 11 0.668182 0.188367
31 15.75 15 0.168667 0.098031
32 16.25 12 0.616667 0.162227
33 16.75 12 0.465833 0.121516
34 17.25 12 -0.537500 0.127601
35 17.75 5 -0.468000 0.354377
36 18.25 2 0.710000 0.947523
37 18.75 0 0.000000 0.000000
38 19.25 0 0.000000 0.000000
39 19.75 0 0.000000 0.000000

0 0.25 251 46.032988 0.015679
1 0.75 142 45.843380 0.028981
2 1.25 77 46.362208 0.059203
3 1.75 76 46.090000 0.049283
4 2.25 12 48.063333 0.339900
5 2.75 55 47.881091 0.074313
6 3.25 30 45.423333 0.160158
7 3.75 42 45.474524 0.107778
8 4.25 31 38.441613 0.124666
9 4.75 35 32.121143 0.096672
10 5.25 36 27.549444 0.081829
11 5.75 24 23.765833 0.097325
12 6.25 32 19.363750 0.060661
13 6.75 43 16.441163 0.051980
14 7.25 22 12.421818 0.098545
15 7.75 21 9.345714 0.094840
16 8.25 25 0.090800 0.058931
17 8.75 14 -0.020000 0.081550
18 9.25 21 0.343810 0.077192
19 9.75 20 -0.228500 0.063564
20 10.25 10 1.029000 0.147873
21 10.75 6 0.076667 0.189703
22 11.25 10 -0.736000 0.150836
23 11.75 12 0.374167 0.142728
24 12.25 15 -0.858667 0.107604
25 12.75 15 -0.349333 0.068407
26 13.25 15 -0.136000 0.124548
27 13.75 13 -0.488462 0.098178
28 14.25 16 0.379375 0.100735
29 14.75 11 0.112727 0.133710
30 15.25 11 -0.213636 0.127544
31 15.75 14 0.601429 0.082264
32 16.25 12 0.606667 0.104639
33 16.75 12 0.396667 0.166066
34 17.25 13 -0.326923 0.125687
35 17.75 7 -0.937143 0.194192
36 18.25 8 1.202500 0.241022
37 18.75 0 0.000000 0.000000
38 19.25 0 0.000000 0.000000
39 19.75 0 0.000000 0.000000

0 0.25 239 42.789749 0.013282
1 0.75 149 43.481275 0.021280
2 1.25 79 44.722658 0.041117
3 1.75 72 43.948333 0.042782
4 2.25 11 44.530000 0.323884
5 2.75 54 45.427037 0.060530
6 3.25 32 46.395313 0.100478
7 3.75 42 44.105714 0.095241
8 4.25 32 37.420000 0.107985
9 4.75 32 32.897812 0.092787
10 5.25 33 27.788788 0.069097
11 5.75 26 23.648462 0.093301
12 6.25 28 19.335000 0.088651
13 6.75 44 15.550000 0.057938
14 7.25 26 11.590385 0.075366
15 7.75 22 5.385909 0.193818
16 8.25 26 0.465385 0.055233
17 8.75 11 -0.194545 0.112288
18 9.25 21 -0.124762 0.068435
19 9.75 19 0.219474 0.104680
20 10.25 13 -0.253077 0.098825
21 10.75 9 0.538889 0.220594
22 11.25 7 -0.647143 0.218479
23 11.75 11 0.532727 0.123098
24 12.25 13 -0.693846 0.089060
25 12.75 15 -0.349333 0.111290
26 13.25 16 -0.468750 0.116547
27 13.75 13 -0.359231 0.113241
28 14.25 14 -0.002857 0.071379
29 14.75 12 0.043333 0.117719
30 15.25 11 0.124545 0.164274
31 15.75 13 -0.056923 0.115280
32 16.25 11 0.080000 0.151027
33 16.75 13 -0.483077 0.111540
34 17.25 14 -0.725000 0.111686
35 17.75 7 -0.027143 0.153114
36 18.25 13 -0.065385 0.090847
37 18.75 3 -0.683333 0.236886
38 19.25 0 0.000000 0.000000
39 19.75 0 0.000000 0.000000

0 0.25 237 39.281772 0.012724
1 0.75 155 39.942903 0.019574
2 1.25 75 41.611200 0.042020
3 1.75 70 40.487714 0.047920
4 2.25 15 40.492667 0.266542
5 2.75 52 43.349231 0.056376
6 3.25 32 44.155000 0.098122
7 3.75 42 43.883810 0.080365
8 4.25 36 36.352500 0.089184
9 4.75 28 31.534286 0.096769
10 5.25 32 27.470937 0.094080
11 5.75 28 23.742857 0.071802
12 6.25 27 17.884074 0.071895
13 6.75 39 13.786923 0.046618
14 7.25 33 10.118182 0.046298
15 7.75 22 2.290000 0.163309
16 8.25 27 -0.184815 0.065715
17 8.75 14 -0.841429 0.091732
18 9.25 19 -0.349474 0.093091
19 9.75 19 -0.328947 0.087357
20 10.25 15 -0.443333 0.093292
21 10.75 17 0.085294 0.056728
22 11.25 3 0.356667 0.364758
23 11.75 9 0.141111 0.124296
24 12.25 12 0.398333 0.097323
25 12.75 14 0.458571 0.119186
26 13.25 16 0.376875 0.071134
27 13.75 14 0.063571 0.108061
28 14.25 13 -0.008462 0.132348
29 14.75 15 -0.234000 0.087323
30 15.25 8 -0.090000 0.142523
31 15.75 13 0.081538 0.087581
32 16.25 10 0.175000 0.083901
33 16.75 12 -0.095833 0.122632
34 17.25 15 1.204667 0.105497
35 17.75 8 -2.061250 0.268112
36 18.25 14 -0.176429 0.100316
37 18.75 10 -0.282000 0.234379
38 19.25 1 -0.300000 0.000000
39 19.75 0 0.000000 0.000000

0 0.25 235 35.242851 0.012986
1 0.75 156 35.943141 0.018680
2 1.25 68 37.997206 0.044356
3 1.75 67 37.155522 0.045673
4 2.25 21 37.873333 0.108288
5 2.75 44 41.376818 0.075305
6 3.25 36 41.428056 0.094504
7 3.75 40 41.998000 0.113965
8 4.25 37 34.777568 0.073053
9 4.75 24 30.367500 0.122519
10 5.25 31 26.440968 0.086204
11 5.75 27 21.679630 0.084727
12 6.25 25 17.316800 0.091050
13 6.75 33 13.323939 0.065200
14 7.25 39 7.991538 0.072637
15 7.75 22 0.010455 0.077394
16 8.25 25 0.316400 0.080540
17 8.75 16 -0.110000 0.092587
18 9.25 17 0.102353 0.072571
19 9.75 20 -0.138500 0.060642
20 10.25 16 0.504375 0.122451
21 10.75 19 0.086842 0.105479
22 11.25 8 -0.057500 0.206556
23 11.75 3 -0.016667 0.331735
24 12.25 9 -0.160000 0.168082
25 12.75 12 -0.334167 0.135693
26 13.25 16 0.066875 0.076623
27 13.75 14 -0.179286 0.159291
28 14.25 15 0.155333 0.082071
29 14.75 13 0.311538 0.110347
30 15.25 10 -0.793000 0.170246
31 15.75 11 0.555455 0.120721
32 16.25 10 -0.131000 0.125225
33 16.75 12 0.267500 0.082386
34 17.25 15 0.225333 0.088827
35 17.75 10 0.655000 0.095816
36 18.25 14 -0.092857 0.089206
37 18.75 12 0.173333 0.133173
38 19.25 7 -0.352857 0.153347
39 19.75 2 0.485000 0.251023

0 0.25 237 31.645316 0.011418
1 0.75 157 33.030000 0.017281
2 1.25 61 36.003934 0.050377
3 1.75 64 34.728906 0.041771
4 2.25 30 35.157000 0.083542
5 2.75 34 39.256176 0.091677
6 3.25 47 41.299149 0.082870
7 3.75 31 40.444194 0.128760
8 4.25 43 34.631395 0.072659
9 4.75 22 30.509091 0.147895
10 5.25 32 25.961250 0.083283
11 5.75 30 21.477333 0.092629
12 6.25 23 15.977826 0.108049
13 6.75 29 12.001379 0.086011
14 7.25 39 4.344872 0.111955
15 7.75 26 0.128077 0.060261
16 8.25 24 -0.208333 0.075809
17 8.75 17 -0.141765 0.070702
18 9.25 16 0.338750 0.092745
19 9.75 19 -0.001579 0.082949
20 10.25 17 -0.291765 0.082536
21 10.75 19 -0.377895 0.070543
22 11.25 15 0.033333 0.100720
23 11.75 0 0.000000 0.000000
24 12.25 6 0.118333 0.347937
25 12.75 11 -0.153636 0.114857
26 13.25 14 -0.457857 0.133147
27 13.75 14 -0.195714 0.113238
28 14.25 15 0.224000 0.090067
29 14.75 14 -0.517857 0.103797
30 15.25 10 -0.327000 0.116370
31 15.75 10 0.443000 0.157045
32 16.25 10 0.152000 0.090170
33 16.75 10 0.137000 0.127179
34 17.25 14 -0.130000 0.095075
35 17.75 10 0.367000 0.141358
36 18.25 14 -0.062143 0.103547
37 18.75 13 -0.430000 0.162615
38 19.25 12 0.061667 0.120278
39 19.75 7 -1.024286 0.202503

0 0.25 231 28.402554 0.011678
1 0.75 148 29.857838 0.017712
2 1.25 58 31.460690 0.052811
3 1.75 65 32.550000 0.039844
4 2.25 37 32.634865 0.085952
5 2.75 25 35.993600 0.127123
6 3.25 53 39.832075 0.078269
7 3.75 22 39.941364 0.149133
8 4.25 46 34.105435 0.075240
9 4.75 22 30.618636 0.141599
10 5.25 30 25.170000 0.091445
11 5.75 31 20.743871 0.077275
12 6.25 22 15.638182 0.134483
13 6.75 27 10.012593 0.068556
14 7.25 34 0.491765 0.071415
15 7.75 29 -0.171724 0.049292
16 8.25 26 -0.033462 0.055418
17 8.75 20 -0.016000 0.080486
18 9.25 14 0.257143 0.078230
19 9.75 15 -0.196667 0.078624
20 10.25 17 -0.268235 0.110362
21 10.75 21 -0.060476 0.089500
22 11.25 17 0.818824 0.080845
23 11.75 4 1.885000 0.480843
24 12.25 2 0.800000 0.834386
25 12.75 9 0.438889 0.110532
26 13.25 13 -0.699231 0.108633
27 13.75 14 -0.042143 0.125041
28 14.25 16 -0.286250 0.089293
29 14.75 15 0.822667 0.128902
30 15.25 14 0.076429 0.139455
31 15.75 11 -0.006364 0.108855
32 16.25 7 -0.420000 0.137192
33 16.75 10 0.634000 0.133574
34 17.25 13 -0.470769 0.076347
35 17.75 9 0.251111 0.125459
36 18.25 15 0.216000 0.082044
37 18.75 14 -0.049286 0.123643
38 19.25 12 0.152500 0.143057
39 19.75 10 -0.434000 0.137863

0 0.25 231 27.142597 0.011122
1 0.75 139 28.131511 0.020063
2 1.25 59 29.812712 0.042856
3 1.75 63 31.508095 0.044269
4 2.25 47 32.018936 0.056572
5 2.75 16 35.291875 0.131878
6 3.25 55 39.987455 0.070366
7 3.75 18 39.779444 0.229987
8 4.25 44 35.359091 0.065492
9 4.75 24 29.684583 0.153499
10 5.25 26 24.321923 0.110534
11 5.75 33 19.218485 0.073432
12 6.25 22 14.412273 0.086159
13 6.75 25 9.073200 0.085862
14 7.25 29 0.421724 0.058897
15 7.75 36 0.130833 0.045057
16 8.25 25 -0.287200 0.046133
17 8.75 21 0.140952 0.054147
18 9.25 19 0.450526 0.079912
19 9.75 12 0.190833 0.146146
20 10.25 17 -0.130588 0.078019
21 10.75 20 0.033000 0.079416
22 11.25 18 0.148333 0.091252
23 11.75 12 0.155833 0.157953
24 12.25 2 -0.080000 0.233345
25 12.75 4 -0.497500 0.624177
26 13.25 11 0.068182 0.148944
27 13.75 12 0.440000 0.112718
28 14.25 16 0.746250 0.077607
29 14.75 15 -0.204000 0.122451
30 15.25 14 -0.146429 0.115619
31 15.75 12 0.198333 0.180273
32 16.25 7 -0.025714 0.254632
33 16.75 8 0.027500 0.171533
34 17.25 10 -0.003000 0.119948
35 17.75 10 0.532000 0.170665
36 18.25 15 0.120667 0.080774
37 18.75 14 0.225714 0.099642
38 19.25 12 0.422500 0.159736
39 19.75 12 -0.027500 0.112753

0 0.25 235 26.947277 0.011315
1 0.75 135 28.119407 0.016246
2 1.25 60 29.838500 0.041104
3 1.75 64 31.350781 0.046387
4 2.25 58 32.693276 0.043477
5 2.75 10 34.349000 0.216667
6 3.25 57 39.939123 0.073736
7 3.75 18 40.566111 0.189676
8 4.25 44 34.762273 0.051823
9 4.75 29 29.750000 0.124153
10 5.25 23 24.418261 0.136820
11 5.75 32 19.570000 0.085633
12 6.25 26 14.416154 0.099213
13 6.75 24 9.780417 0.073504
14 7.25 28 -0.356786 0.056626
15 7.75 35 0.071429 0.036206
16 8.25 29 0.153793 0.052209
17 8.75 21 -0.038095 0.063051
18 9.25 19 0.348947 0.071847
19 9.75 13 -0.269231 0.093923
20 10.25 15 -0.374667 0.101777
21 10.75 20 -0.692000 0.075219
22 11.25 18 -0.091667 0.104382
23 11.75 16 0.133125 0.114914
24 12.25 8 0.920000 0.171654
25 12.75 0 0.000000 0.000000
26 13.25 6 -0.211667 0.284268
27 13.75 12 -0.485833 0.096054
28 14.25 13 -0.299231 0.087507
29 14.75 15 0.026000 0.124139
30 15.25 15 -0.006667 0.110930
31 15.75 14 0.722857 0.124224
32 16.25 10 0.253000 0.180580
33 16.75 5 -0.004000 0.170889
34 17.25 8 0.350000 0.209184
35 17.75 9 -0.438889 0.205140
36 18.25 12 -0.530833 0.093650
37 18.75 13 -0.326923 0.120377
38 19.25 11 0.018182 0.140093
39 19.75 12 -0.230000 0.109059

0 0.25 238 27.169454 0.010361
1 0.75 128 28.214219 0.017391
2 1.25 61 29.755410 0.041340
3 1.75 66 31.010455 0.042738
4 2.25 66 32.485152 0.036332
5 2.75 4 34.667500 0.692464
6 3.25 57 40.037368 0.070407
7 3.75 23 42.903478 0.170884
8 4.25 41 35.531707 0.084043
9 4.75 37 30.098649 0.088339
10 5.25 13 24.410769 0.226346
11 5.75 34 19.593824 0.071804
12 6.25 31 14.934194 0.062563
13 6.75 17 9.092353 0.156817
14 7.25 25 0.258400 0.060663
15 7.75 31 0.317419 0.049569
16 8.25 36 -0.238333 0.037671
17 8.75 22 0.166818 0.068143
18 9.25 22 0.068182 0.070972
19 9.75 13 -0.566154 0.126947
20 10.25 13 -0.660000 0.138803
21 10.75 18 0.442778 0.066501
22 11.25 18 0.008889 0.081349
23 11.75 18 0.243333 0.115775
24 12.25 15 0.097333 0.123659
25 12.75 1 0.110000 0.000000
26 13.25 1 -1.220000 0.000000
27 13.75 8 0.203750 0.150581
28 14.25 13 1.164615 0.055195
29 14.75 13 0.316154 0.169197
30 15.25 15 0.184000 0.112825
31 15.75 14 -0.835714 0.088012
32 16.25 13 0.607692 0.101717
33 16.75 10 -0.543000 0.119894
34 17.25 5 0.710000 0.105347
35 17.75 8 -0.576250 0.184448
36 18.25 12 0.590833 0.146142
37 18.75 12 0.165000 0.139635
38 19.25 11 -0.153636 0.123957
39 19.75 12 0.417500 0.113657

0 0.25 234 26.979103 0.009382
1 0.75 119 28.220168 0.022860
2 1.25 59 29.040000 0.047037
3 1.75 68 31.205441 0.039906
4 2.25 72 32.763472 0.038383
5 2.75 0 0.000000 0.000000
6 3.25 51 40.246863 0.081688
7 3.75 30 41.851667 0.112577
8 4.25 32 34.857813 0.095691
9 4.75 42 29.516905 0.077655
10 5.25 12 24.526667 0.198663
11 5.75 31 18.733226 0.081078
12 6.25 34 14.927059 0.059387
13 6.75 16 9.652500 0.127345
14 7.25 25 -0.076800 0.063240
15 7.75 27 0.285185 0.044689
16 8.25 37 0.010541 0.041866
17 8.75 22 -0.393636 0.067495
18 9.25 22 -0.554545 0.088306
19 9.75 20 -0.039500 0.096149
20 10.25 10 0.173000 0.136486
21 10.75 15 0.609333 0.110717
22 11.25 18 0.207222 0.077766
23 11.75 18 0.828333 0.074367
24 12.25 17 -0.025294 0.096314
25 12.75 8 0.540000 0.109292
26 13.25 0 0.000000 0.000000
27 13.75 2 -0.655000 0.816708
28 14.25 11 -0.244545 0.103495
29 14.75 11 -0.046364 0.123708
30 15.25 15 0.452000 0.132003
31 15.75 14 -0.036429 0.094918
32 16.25 15 0.008667 0.108395
33 16.75 12 0.270000 0.127754
34 17.25 6 0.771667 0.150984
35 17.75 4 -0.645000 0.374458
36 18.25 9 -0.553333 0.133902
37 18.75 11 -0.330909 0.165550
38 19.25 11 0.316364 0.156529
39 19.75 13 -0.453077 0.094497

0 0.25 237 27.054852 0.010064
1 0.75 105 27.679048 0.023849
2 1.25 64 29.162344 0.044259
3 1.75 69 31.191884 0.039589
4 2.25 77 33.084545 0.034061
5 2.75 2 33.775000 3.623922
6 3.25 39 41.320256 0.095821
7 3.75 40 41.204000 0.086641
8 4.25 21 34.006667 0.127763
9 4.75 44 29.475455 0.061998
10 5.25 18 24.806667 0.142403
11 5.75 25 19.857200 0.100473
12 6.25 36 14.555556 0.059695
13 6.75 20 9.776000 0.115063
14 7.25 21 0.016667 0.069900
15 7.75 27 -0.182963 0.063470
16 8.25 34 -0.124706 0.044167
17 8.75 25 -0.161600 0.081298
18 9.25 24 -0.165000 0.048318
19 9.75 21 0.241905 0.084561
20 10.25 11 0.039091 0.158403
21 10.75 11 0.570000 0.121634
22 11.25 17 0.269412 0.064952
23 11.75 19 0.077368 0.069812
24 12.25 20 0.327500 0.065684
25 12.75 14 0.448571 0.105670
26 13.25 3 -0.566667 0.171993
27 13.75 0 0.000000 0.000000
28 14.25 5 -0.212000 0.225865
29 14.75 10 -0.825000 0.158007
30 15.25 15 0.048000 0.114903
31 15.75 14 -0.150714 0.139702
32 16.25 16 -0.148125 0.079376
33 16.75 15 -0.086667 0.085422
34 17.25 11 -0.874545 0.106978
35 17.75 4 1.420000 0.571446
36 18.25 4 0.335000 0.332456
37 18.75 9 -0.481111 0.204507
38 19.25 10 0.435000 0.109482
39 19.75 13 0.409231 0.128839

0 0.25 239 26.960251 0.009255
1 0.75 94 27.539149 0.024502
2 1.25 69 29.179420 0.031973
3 1.75 73 31.167260 0.035244
4 2.25 72 33.327083 0.031103
5 2.75 8 32.630000 0.451316
6 3.25 28 41.067500 0.134642
7 3.75 49 39.659592 0.081941
8 4.25 13 34.520000 0.174618
9 4.75 45 29.368889 0.080031
10 5.25 22 25.439545 0.103965
11 5.75 19 18.611579 0.154649
12 6.25 34 14.763235 0.077104
13 6.75 25 9.310000 0.089571
14 7.25 15 -0.412667 0.096449
15 7.75 26 0.087308 0.053192
16 8.25 30 0.190333 0.050192
17 8.75 31 -0.202581 0.055363
18 9.25 22 0.615455 0.088082
19 9.75 23 0.391739 0.073827
20 10.25 18 -0.088333 0.070666
21 10.75 6 0.656667 0.255810
22 11.25 15 -0.341333 0.089133
23 11.75 19 0.281579 0.077263
24 12.25 22 0.233182 0.059046
25 12.75 17 0.077647 0.067406
26 13.25 8 -0.400000 0.175921
27 13.75 0 0.000000 0.000000
28 14.25 0 0.000000 0.000000
29 14.75 6 -0.778333 0.095536
30 15.25 13 -0.210769 0.065377
31 15.75 14 0.747857 0.098561
32 16.25 16 0.156875 0.094714
33 16.75 17 -0.287647 0.123405
34 17.25 13 -0.812308 0.131238
35 17.75 10 0.251000 0.146922
36 18.25 2 -0.135000 0.562150
37 18.75 5 -1.214000 0.235494
38 19.25 8 0.402500 0.225607
39 19.75 12 -0.330000 0.112550

0 0.25 245 26.834286 0.008916
1 0.75 88 27.684773 0.029351
2 1.25 72 29.184167 0.036247
3 1.75 78 30.642436 0.034610
4 2.25 67 32.364776 0.031274
5 2.75 15 34.438000 0.257317
6 3.25 19 43.231053 0.186167
7 3.75 53 40.494151 0.080379
8 4.25 10 34.481000 0.519310
9 4.75 43 29.982791 0.055823
10 5.25 32 25.079062 0.077695
11 5.75 8 18.326250 0.204639
12 6.25 33 13.693030 0.067823
13 6.75 31 9.877419 0.067722
14 7.25 15 -0.532000 0.072867
15 7.75 23 -0.036957 0.067747
16 8.25 28 -0.177857 0.047593
17 8.75 31 -0.057097 0.051453
18 9.25 24 -0.483750 0.058106
19 9.75 25 -0.652400 0.064982
20 10.25 21 -0.356190 0.060572
21 10.75 7 -0.021429 0.262953
22 11.25 10 0.397000 0.134504
23 11.75 18 0.096111 0.091372
24 12.25 20 -0.215000 0.069355
25 12.75 19 0.668947 0.080413
26 13.25 13 0.019231 0.118948
27 13.75 5 0.044000 0.400029
28 14.25 0 0.000000 0.000000
29 14.75 2 -0.855000 0.512652
30 15.25 9 0.070000 0.137348
31 15.75 13 0.403077 0.121968
32 16.25 14 -0.597857 0.103394
33 16.75 15 0.344000 0.096048
34 17.25 15 -0.067333 0.125034
35 17.75 13 -0.266923 0.140874
36 18.25 9 0.348889 0.162272
37 18.75 0 0.000000 0.000000
38 19.25 6 0.468333 0.195682
39 19.75 9 -0.226667 0.156944

0 0.25 241 26.946929 0.009259
1 0.75 82 28.551341 0.030181
2 1.25 78 28.910769 0.027482
3 1.75 79 31.336076 0.031294
4 2.25 56 33.598929 0.052394
5 2.75 23 33.432609 0.111562
6 3.25 10 43.952000 0.293116
7 3.75 57 40.438421 0.062745
8 4.25 12 37.885833 0.228476
9 4.75 39 29.597949 0.067075
10 5.25 41 24.811463 0.081516
11 5.75 5 19.704000 0.699010
12 6.25 31 14.089032 0.075801
13 6.75 35 9.578000 0.060574
14 7.25 15 -0.027333 0.102038
15 7.75 19 0.085789 0.084753
16 8.25 28 -0.297857 0.049954
17 8.75 30 -0.013000 0.049397
18 9.25 28 -0.145714 0.051655
19 9.75 25 0.040400 0.061914
20 10.25 23 0.095652 0.065438
21 10.75 17 0.110000 0.121135
22 11.25 4 -0.552500 0.314526
23 11.75 15 0.916667 0.082960
24 12.25 20 -0.078500 0.076903
25 12.75 19 -0.039474 0.088491
26 13.25 16 -0.278750 0.073426
27 13.75 11 -0.620000 0.172415
28 14.25 0 0.000000 0.000000
29 14.75 0 0.000000 0.000000
30 15.25 4 0.675000 0.531901
31 15.75 10 -1.004000 0.133135
32 16.25 14 -0.329286 0.099153
33 16.75 15 0.089333 0.116331
34 17.25 15 0.290667 0.131823
35 17.75 15 0.086000 0.104533
36 18.25 12 0.179167 0.082302
37 18.75 6 0.065000 0.430135
38 19.25 0 0.000000 0.000000
39 19.75 5 0.424000 0.273103

