# convective Vertical Profile Reflectivity (VPR) with Standard Deviation
# Format: bin_index bin_center_height_km point_count avg_reflectivity_dBZ std_deviation_dBZ
# Height bins: 0-20 km in 0.5 km increments
# Bins 0-39: convective
# Standard deviation is sample standard deviation (dividing by n-1)
#
0 0.25 0 0.000000 0.000000
1 0.75 235 27.845574 0.008791
2 1.25 58 30.029310 0.036819
3 1.75 65 31.180154 0.033720
4 2.25 38 32.065263 0.045717
5 2.75 15 34.958000 0.174257
6 3.25 66 38.298485 0.049932
7 3.75 9 37.225556 0.307212
8 4.25 72 35.384444 0.039234
9 4.75 0 0.000000 0.000000
10 5.25 0 0.000000 0.000000
11 5.75 0 0.000000 0.000000
12 6.25 32 13.584687 0.054602
13 6.75 49 9.746122 0.035777
14 7.25 1 1.390000 0.000000
15 7.75 0 0.000000 0.000000
16 8.25 31 -0.011935 0.025708
17 8.75 43 0.019767 0.015438
18 9.25 8 0.481250 0.099477
19 9.75 0 0.000000 0.000000
20 10.25 0 0.000000 0.000000
21 10.75 9 0.024444 0.129910
22 11.25 30 -0.004667 0.024588
23 11.75 35 -0.191714 0.022377
24 12.25 7 0.195714 0.104367
25 12.75 0 0.000000 0.000000
26 13.25 6 0.056667 0.101979
27 13.75 22 0.204545 0.034375
28 14.25 28 -0.162500 0.029287
29 14.75 21 -0.078095 0.039273
30 15.25 2 -0.105000 0.067175
31 15.75 0 0.000000 0.000000
32 16.25 7 -0.135714 0.128086
33 16.75 23 0.054348 0.037671
34 17.25 26 0.341154 0.029872
35 17.75 19 -0.178947 0.041639
36 18.25 9 0.354444 0.101653
37 18.75 0 0.000000 0.000000
38 19.25 0 0.000000 0.000000
39 19.75 0 0.000000 0.000000

0 0.25 0 0.000000 0.000000
1 0.75 230 27.724652 0.008368
2 1.25 63 29.981746 0.037829
3 1.75 63 31.088254 0.036852
4 2.25 29 32.044138 0.084292
5 2.75 23 34.930000 0.098598
6 3.25 52 37.758269 0.055831
7 3.75 17 37.602353 0.131432
8 4.25 62 35.139032 0.038312
9 4.75 0 0.000000 0.000000
10 5.25 0 0.000000 0.000000
11 5.75 0 0.000000 0.000000
12 6.25 41 13.873659 0.042360
13 6.75 38 10.023421 0.040074
14 7.25 0 0.000000 0.000000
15 7.75 5 -0.314000 0.131633
16 8.25 37 0.138378 0.020420
17 8.75 36 -0.118333 0.019835
18 9.25 0 0.000000 0.000000
19 9.75 0 0.000000 0.000000
20 10.25 0 0.000000 0.000000
21 10.75 19 0.047368 0.046138
22 11.25 30 0.145000 0.018916
23 11.75 31 -0.200323 0.027028
24 12.25 0 0.000000 0.000000
25 12.75 0 0.000000 0.000000
26 13.25 16 -0.018750 0.052842
27 13.75 25 0.275200 0.024667
28 14.25 27 -0.098148 0.025899
29 14.75 13 0.308462 0.051099
30 15.25 0 0.000000 0.000000
31 15.75 3 0.333333 0.391710
32 16.25 17 0.158824 0.037246
33 16.75 24 0.233333 0.032727
34 17.25 22 -0.115455 0.024255
35 17.75 15 -0.178667 0.046325
36 18.25 1 0.360000 0.000000
37 18.75 0 0.000000 0.000000
38 19.25 0 0.000000 0.000000
39 19.75 5 0.254000 0.136049

0 0.25 0 0.000000 0.000000
1 0.75 233 27.722403 0.008743
2 1.25 72 30.146806 0.027911
3 1.75 66 31.337121 0.034193
4 2.25 15 32.068667 0.160207
5 2.75 34 35.070000 0.077639
6 3.25 42 37.176667 0.065613
7 3.75 26 38.462692 0.100939
8 4.25 49 35.890408 0.060485
9 4.75 0 0.000000 0.000000
10 5.25 0 0.000000 0.000000
11 5.75 2 18.005000 1.552099
12 6.25 50 14.302400 0.034837
13 6.75 24 10.626250 0.060691
14 7.25 0 0.000000 0.000000
15 7.75 12 -0.323333 0.070480
16 8.25 39 -0.120769 0.015534
17 8.75 26 0.066538 0.022445
18 9.25 0 0.000000 0.000000
19 9.75 0 0.000000 0.000000
20 10.25 1 -0.300000 0.000000
21 10.75 29 0.130690 0.021538
22 11.25 30 0.164333 0.022475
23 11.75 18 0.078333 0.042639
24 12.25 0 0.000000 0.000000
25 12.75 2 0.175000 0.371231
26 13.25 23 -0.213913 0.027930
27 13.75 25 -0.024800 0.034726
28 14.25 24 -0.171667 0.034517
29 14.75 5 0.402000 0.148097
30 15.25 0 0.000000 0.000000
31 15.75 9 -0.286667 0.107992
32 16.25 21 -0.269524 0.035795
33 16.75 24 -0.194167 0.026218
34 17.25 21 0.233810 0.036366
35 17.75 6 -0.326667 0.129115
36 18.25 0 0.000000 0.000000
37 18.75 0 0.000000 0.000000
38 19.25 1 -1.020000 0.000000
39 19.75 15 -0.223333 0.037370

0 0.25 0 0.000000 0.000000
1 0.75 243 27.678601 0.008483
2 1.25 81 30.226173 0.025643
3 1.75 74 30.928514 0.027468
4 2.25 7 33.995714 0.422245
5 2.75 47 35.022979 0.059995
6 3.25 33 36.798182 0.071532
7 3.75 40 38.493250 0.077073
8 4.25 41 36.480488 0.057848
9 4.75 0 0.000000 0.000000
10 5.25 0 0.000000 0.000000
11 5.75 9 17.983333 0.172381
12 6.25 55 14.526727 0.029600
13 6.75 15 10.644000 0.100378
14 7.25 0 0.000000 0.000000
15 7.75 24 0.003333 0.022050
16 8.25 43 0.068837 0.016255
17 8.75 16 -0.090000 0.055251
18 9.25 0 0.000000 0.000000
19 9.75 0 0.000000 0.000000
20 10.25 9 0.196667 0.089835
21 10.75 32 -0.053438 0.023132
22 11.25 29 -0.281379 0.021287
23 11.75 9 0.190000 0.065050
24 12.25 0 0.000000 0.000000
25 12.75 9 -0.106667 0.066988
26 13.25 27 0.060741 0.025350
27 13.75 28 -0.163214 0.028466
28 14.25 17 0.118824 0.046227
29 14.75 0 0.000000 0.000000
30 15.25 2 0.720000 0.035355
31 15.75 17 0.032353 0.047246
32 16.25 23 0.066087 0.031338
33 16.75 24 0.009583 0.029752
34 17.25 16 -0.234375 0.049657
35 17.75 1 0.190000 0.000000
36 18.25 0 0.000000 0.000000
37 18.75 0 0.000000 0.000000
38 19.25 8 0.358750 0.072032
39 19.75 17 0.212353 0.049833

0 0.25 0 0.000000 0.000000
1 0.75 235 27.643617 0.008351
2 1.25 80 29.980625 0.027742
3 1.75 78 31.116795 0.031298
4 2.25 0 0.000000 0.000000
5 2.75 59 34.495763 0.038986
6 3.25 23 36.952174 0.115724
7 3.75 50 39.504200 0.067245
8 4.25 28 36.123214 0.093257
9 4.75 0 0.000000 0.000000
10 5.25 0 0.000000 0.000000
11 5.75 20 17.486500 0.066720
12 6.25 54 14.365000 0.030759
13 6.75 7 11.507143 0.230415
14 7.25 0 0.000000 0.000000
15 7.75 33 -0.063030 0.023208
16 8.25 40 0.088000 0.017619
17 8.75 9 0.211111 0.047937
18 9.25 0 0.000000 0.000000
19 9.75 0 0.000000 0.000000
20 10.25 19 -0.052105 0.033805
21 10.75 36 -0.053611 0.019043
22 11.25 25 0.113600 0.034557
23 11.75 2 0.275000 0.180312
24 12.25 0 0.000000 0.000000
25 12.75 21 -0.334762 0.039123
26 13.25 28 -0.132143 0.026286
27 13.75 24 -0.280833 0.031750
28 14.25 7 0.172857 0.141490
29 14.75 0 0.000000 0.000000
30 15.25 9 -0.055556 0.106400
31 15.75 20 -0.104000 0.033336
32 16.25 24 0.141250 0.026790
33 16.75 22 0.036364 0.031600
34 17.25 7 -0.574286 0.143467
35 17.75 0 0.000000 0.000000
36 18.25 0 0.000000 0.000000
37 18.75 4 0.565000 0.238873
38 19.25 12 -0.105833 0.066481
39 19.75 21 -0.014286 0.031121

0 0.25 0 0.000000 0.000000
1 0.75 231 27.795844 0.008712
2 1.25 74 29.859595 0.030539
3 1.75 77 30.971558 0.024974
4 2.25 0 0.000000 0.000000
5 2.75 64 34.977344 0.034104
6 3.25 12 35.471667 0.178026
7 3.75 60 39.645833 0.057708
8 4.25 16 36.722500 0.119449
9 4.75 0 0.000000 0.000000
10 5.25 0 0.000000 0.000000
11 5.75 30 18.396333 0.057313
12 6.25 48 14.691667 0.050274
13 6.75 0 0.000000 0.000000
14 7.25 3 -0.123333 0.437751
15 7.75 41 -0.222927 0.016862
16 8.25 35 0.122571 0.020597
17 8.75 1 -0.390000 0.000000
18 9.25 0 0.000000 0.000000
19 9.75 3 0.010000 0.220303
20 10.25 28 0.218571 0.025964
21 10.75 32 0.054375 0.020890
22 11.25 17 0.054706 0.043220
23 11.75 0 0.000000 0.000000
24 12.25 7 0.060000 0.126335
25 12.75 26 -0.054615 0.030136
26 13.25 28 0.009286 0.031172
27 13.75 19 0.103158 0.050168
28 14.25 1 0.520000 0.000000
29 14.75 3 -0.433333 0.273096
30 15.25 18 0.025556 0.042327
31 15.75 20 0.263500 0.042196
32 16.25 21 0.090476 0.033401
33 16.75 19 0.023684 0.030657
34 17.25 0 0.000000 0.000000
35 17.75 0 0.000000 0.000000
36 18.25 0 0.000000 0.000000
37 18.75 11 -0.068182 0.064959
38 19.25 14 0.184286 0.032633
39 19.75 21 0.077619 0.037288

0 0.25 0 0.000000 0.000000
1 0.75 237 27.663122 0.007690
2 1.25 78 29.237308 0.027822
3 1.75 77 31.419870 0.030052
4 2.25 0 0.000000 0.000000
5 2.75 74 35.035811 0.030927
6 3.25 4 35.260000 0.549382
7 3.75 70 40.144143 0.038645
8 4.25 7 36.797143 0.328877
9 4.75 0 0.000000 0.000000
10 5.25 0 0.000000 0.000000
11 5.75 41 19.067805 0.042281
12 6.25 37 15.233243 0.037461
13 6.75 0 0.000000 0.000000
14 7.25 12 -0.233333 0.068553
15 7.75 45 -0.125778 0.013955
16 8.25 23 0.075217 0.030474
17 8.75 0 0.000000 0.000000
18 9.25 0 0.000000 0.000000
19 9.75 11 0.040000 0.060284
20 10.25 31 0.172258 0.027998
21 10.75 33 0.095152 0.021924
22 11.25 7 -0.108571 0.152332
23 11.75 0 0.000000 0.000000
24 12.25 16 0.236250 0.049962
25 12.75 28 -0.032143 0.025709
26 13.25 27 -0.077778 0.028365
27 13.75 11 0.009091 0.089809
28 14.25 0 0.000000 0.000000
29 14.75 12 0.120833 0.067786
30 15.25 21 0.047143 0.035051
31 15.75 23 0.017826 0.029521
32 16.25 20 -0.059500 0.039438
33 16.75 8 0.022500 0.095746
34 17.25 0 0.000000 0.000000
35 17.75 0 0.000000 0.000000
36 18.25 5 0.514000 0.110133
37 18.75 19 0.108947 0.023251
38 19.25 16 -0.247500 0.051208
39 19.75 23 0.081304 0.038421

0 0.25 0 0.000000 0.000000
1 0.75 231 27.318485 0.008522
2 1.25 80 29.749500 0.029099
3 1.75 77 31.062987 0.030299
4 2.25 0 0.000000 0.000000
5 2.75 81 34.601728 0.032976
6 3.25 4 43.072500 0.834362
7 3.75 72 41.073611 0.050062
8 4.25 1 39.260000 0.000000
9 4.75 0 0.000000 0.000000
10 5.25 2 21.125000 0.922774
11 5.75 51 19.184118 0.040154
12 6.25 27 15.545556 0.045341
13 6.75 0 0.000000 0.000000
14 7.25 21 0.104286 0.030973
15 7.75 44 -0.128864 0.016209
16 8.25 14 0.130714 0.054061
17 8.75 0 0.000000 0.000000
18 9.25 0 0.000000 0.000000
19 9.75 22 0.242727 0.030131
20 10.25 32 -0.024062 0.020381
21 10.75 27 0.263704 0.024754
22 11.25 1 0.020000 0.000000
23 11.75 4 0.097500 0.228486
24 12.25 24 -0.217917 0.024943
25 12.75 28 -0.007500 0.024537
26 13.25 23 0.014783 0.033837
27 13.75 3 -0.913333 0.243729
28 14.25 2 0.085000 0.456084
29 14.75 20 -0.222000 0.031756
30 15.25 22 -0.156818 0.039323
31 15.75 22 0.016818 0.029177
32 16.25 16 -0.014375 0.042477
33 16.75 1 -1.240000 0.000000
34 17.25 0 0.000000 0.000000
35 17.75 3 0.653333 0.232888
36 18.25 11 -0.411818 0.058352
37 18.75 20 -0.036500 0.039429
38 19.25 16 -0.300625 0.046717
39 19.75 20 -0.078000 0.040466

0 0.25 0 0.000000 0.000000
1 0.75 230 27.286696 0.008771
2 1.25 78 29.801410 0.027404
3 1.75 78 30.976667 0.026337
4 2.25 0 0.000000 0.000000
5 2.75 78 34.383974 0.033784
6 3.25 13 45.863077 0.175297
7 3.75 65 41.138769 0.054876
8 4.25 0 0.000000 0.000000
9 4.75 0 0.000000 0.000000
10 5.25 8 22.468750 0.207755
11 5.75 55 19.651091 0.042418
12 6.25 14 16.394286 0.112204
13 6.75 0 0.000000 0.000000
14 7.25 31 0.252258 0.022667
15 7.75 42 -0.085238 0.016126
16 8.25 3 -0.740000 0.108064
17 8.75 0 0.000000 0.000000
18 9.25 3 -0.083333 0.435052
19 9.75 28 0.014286 0.025622
20 10.25 32 -0.283125 0.018134
21 10.75 18 0.352222 0.039521
22 11.25 0 0.000000 0.000000
23 11.75 12 -0.055000 0.047215
24 12.25 25 -0.186000 0.022654
25 12.75 26 0.183846 0.024981
26 13.25 17 -0.293529 0.049697
27 13.75 0 0.000000 0.000000
28 14.25 10 -0.215000 0.062587
29 14.75 23 0.046522 0.037433
30 15.25 23 0.054348 0.033711
31 15.75 19 -0.137368 0.033153
32 16.25 8 -0.005000 0.144073
33 16.75 0 0.000000 0.000000
34 17.25 0 0.000000 0.000000
35 17.75 9 0.256667 0.055444
36 18.25 15 0.076667 0.036864
37 18.75 23 0.049130 0.034471
38 19.25 15 0.225333 0.063577
39 19.75 17 0.028824 0.042287

0 0.25 0 0.000000 0.000000
1 0.75 232 27.515905 0.009113
2 1.25 79 29.622658 0.027755
3 1.75 79 30.964937 0.028527
4 2.25 3 33.750000 0.491031
5 2.75 75 34.246000 0.030426
6 3.25 22 44.115909 0.131474
7 3.75 55 41.748000 0.063006
8 4.25 0 0.000000 0.000000
9 4.75 0 0.000000 0.000000
10 5.25 18 23.013889 0.105176
11 5.75 54 19.722778 0.037423
12 6.25 6 17.476667 0.122269
13 6.75 5 7.640000 0.209933
14 7.25 38 -0.198158 0.020522
15 7.75 37 -0.180000 0.018616
16 8.25 0 0.000000 0.000000
17 8.75 0 0.000000 0.000000
18 9.25 9 -0.092222 0.043450
19 9.75 31 0.217419 0.025410
20 10.25 31 -0.117097 0.025493
21 10.75 7 0.191429 0.166168
22 11.25 2 -0.315000 1.007627
23 11.75 22 0.067727 0.029184
24 12.25 26 -0.016923 0.030488
25 12.75 25 -0.232400 0.034925
26 13.25 4 0.755000 0.180330
27 13.75 2 0.045000 0.088388
28 14.25 16 -0.027500 0.032678
29 14.75 24 -0.048333 0.033276
30 15.25 22 0.065455 0.044945
31 15.75 17 0.311176 0.059899
32 16.25 1 -0.390000 0.000000
33 16.75 0 0.000000 0.000000
34 17.25 3 -0.453333 0.110269
35 17.75 17 -0.111176 0.048640
36 18.25 16 -0.025625 0.047258
37 18.75 21 -0.004762 0.034074
38 19.25 15 -0.097333 0.080303
39 19.75 11 0.222727 0.057914

0 0.25 0 0.000000 0.000000
1 0.75 239 27.512636 0.008439
2 1.25 77 29.218701 0.026967
3 1.75 81 30.871605 0.024735
4 2.25 11 33.755455 0.149664
5 2.75 64 34.046250 0.038449
6 3.25 33 42.376667 0.085949
7 3.75 48 42.378542 0.056619
8 4.25 0 0.000000 0.000000
9 4.75 0 0.000000 0.000000
10 5.25 28 23.454643 0.063598
11 5.75 49 20.017551 0.045899
12 6.25 1 16.610000 0.000000
13 6.75 12 7.656667 0.107401
14 7.25 43 0.013256 0.016016
15 7.75 24 -0.037083 0.033727
16 8.25 0 0.000000 0.000000
17 8.75 0 0.000000 0.000000
18 9.25 20 0.163000 0.030153
19 9.75 32 0.040000 0.019647
20 10.25 25 -0.026000 0.033085
21 10.75 0 0.000000 0.000000
22 11.25 10 -0.465000 0.104652
23 11.75 25 0.162000 0.033046
24 12.25 28 -0.019643 0.025685
25 12.75 20 -0.126500 0.029916
26 13.25 0 0.000000 0.000000
27 13.75 9 -0.286667 0.108783
28 14.25 21 0.192857 0.028828
29 14.75 24 0.088750 0.031138
30 15.25 21 0.056190 0.036179
31 15.75 5 0.652000 0.131297
32 16.25 0 0.000000 0.000000
33 16.75 0 0.000000 0.000000
34 17.25 12 -0.047500 0.085133
35 17.75 18 0.103889 0.039759
36 18.25 18 -0.058333 0.039631
37 18.75 21 -0.044286 0.040311
38 19.25 11 -0.232727 0.047543
39 19.75 3 -0.066667 0.268831

0 0.25 0 0.000000 0.000000
1 0.75 230 27.323565 0.008605
2 1.25 81 29.205556 0.024653
3 1.75 76 30.698158 0.029070
4 2.25 22 32.486364 0.095352
5 2.75 57 33.704211 0.042837
6 3.25 42 42.717381 0.077228
7 3.75 35 42.583714 0.094926
8 4.25 0 0.000000 0.000000
9 4.75 0 0.000000 0.000000
10 5.25 40 23.226500 0.064715
11 5.75 41 20.495122 0.054881
12 6.25 0 0.000000 0.000000
13 6.75 23 8.362609 0.067085
14 7.25 43 -0.104419 0.018241
15 7.75 14 -0.060714 0.060260
16 8.25 0 0.000000 0.000000
17 8.75 3 0.716667 0.340365
18 9.25 28 0.023214 0.031123
19 9.75 35 0.028857 0.018571
20 10.25 15 -0.034667 0.044600
21 10.75 0 0.000000 0.000000
22 11.25 18 0.159444 0.040667
23 11.75 28 0.107500 0.016108
24 12.25 24 0.215417 0.025269
25 12.75 9 0.340000 0.050784
26 13.25 3 -0.463333 0.278375
27 13.75 15 0.036000 0.047262
28 14.25 24 -0.069167 0.017692
29 14.75 25 -0.058000 0.023455
30 15.25 15 0.120667 0.047790
31 15.75 0 0.000000 0.000000
32 16.25 0 0.000000 0.000000
33 16.75 8 -0.262500 0.098470
34 17.25 16 -0.158125 0.045973
35 17.75 20 0.225500 0.037267
36 18.25 17 0.106471 0.035488
37 18.75 19 -0.180000 0.044712
38 19.25 6 -0.265000 0.184860
39 19.75 0 0.000000 0.000000

0 0.25 0 0.000000 0.000000
1 0.75 236 27.071780 0.008052
2 1.25 83 29.053735 0.023750
3 1.75 73 30.712055 0.029874
4 2.25 33 33.744242 0.086558
5 2.75 46 34.134130 0.053639
6 3.25 56 41.573036 0.063412
7 3.75 23 43.938261 0.147634
8 4.25 0 0.000000 0.000000
9 4.75 0 0.000000 0.000000
10 5.25 48 24.815833 0.047612
11 5.75 27 20.640000 0.058313
12 6.25 0 0.000000 0.000000
13 6.75 33 9.661212 0.041003
14 7.25 42 1.841905 0.078774
15 7.75 7 0.254286 0.148729
16 8.25 0 0.000000 0.000000
17 8.75 11 -0.449091 0.055782
18 9.25 29 0.005172 0.019284
19 9.75 31 0.043871 0.026712
20 10.25 6 0.711667 0.117622
21 10.75 5 0.602000 0.137662
22 11.25 23 0.151739 0.035843
23 11.75 28 0.154643 0.031602
24 12.25 21 0.010476 0.025185
25 12.75 3 -0.466667 0.112167
26 13.25 10 0.198000 0.073522
27 13.75 20 -0.063500 0.033057
28 14.25 21 0.078571 0.051282
29 14.75 22 -0.034545 0.035058
30 15.25 7 -0.504286 0.129981
31 15.75 0 0.000000 0.000000
32 16.25 3 -0.570000 0.487522
33 16.75 15 0.148000 0.047390
34 17.25 17 0.136471 0.037857
35 17.75 20 -0.015000 0.039054
36 18.25 16 -0.166250 0.051827
37 18.75 13 -0.570000 0.055804
38 19.25 1 -0.480000 0.000000
39 19.75 0 0.000000 0.000000

0 0.25 0 0.000000 0.000000
1 0.75 240 26.774667 0.007974
2 1.25 96 29.016354 0.023457
3 1.75 66 30.344848 0.031130
4 2.25 44 33.371364 0.057256
5 2.75 38 33.970263 0.059213
6 3.25 68 41.187794 0.049095
7 3.75 15 42.966000 0.186887
8 4.25 0 0.000000 0.000000
9 4.75 6 30.128333 0.089514
10 5.25 58 25.364655 0.045492
11 5.75 16 22.079375 0.082553
12 6.25 4 14.215000 0.474748
13 6.75 41 11.744634 0.042449
14 7.25 36 5.610556 0.111411
15 7.75 0 0.000000 0.000000
16 8.25 0 0.000000 0.000000
17 8.75 21 0.194762 0.030880
18 9.25 34 0.043824 0.023081
19 9.75 27 0.288519 0.030299
20 10.25 1 -0.950000 0.000000
21 10.75 16 -0.001875 0.039679
22 11.25 27 -0.172963 0.023876
23 11.75 27 -0.062593 0.028538
24 12.25 15 0.105333 0.042324
25 12.75 3 -0.476667 0.198923
26 13.25 16 0.024375 0.039727
27 13.75 23 0.123913 0.025706
28 14.25 22 0.219091 0.031604
29 14.75 18 -0.017222 0.040336
30 15.25 0 0.000000 0.000000
31 15.75 0 0.000000 0.000000
32 16.25 9 -0.152222 0.067602
33 16.75 19 0.058421 0.030111
34 17.25 19 0.003158 0.030067
35 17.75 20 -0.010500 0.040075
36 18.25 14 0.137143 0.059229
37 18.75 4 0.660000 0.170551
38 19.25 0 0.000000 0.000000
39 19.75 0 0.000000 0.000000

0 0.25 4 26.960000 0.524337
1 0.75 235 26.401532 0.008404
2 1.25 103 28.516408 0.022542
3 1.75 54 30.616111 0.042780
4 2.25 54 33.549444 0.037699
5 2.75 27 34.337407 0.087286
6 3.25 73 40.068219 0.053673
7 3.75 6 43.376667 0.642486
8 4.25 0 0.000000 0.000000
9 4.75 15 29.415333 0.178242
10 5.25 58 25.892069 0.044253
11 5.75 8 22.420000 0.299689
12 6.25 11 16.188182 0.168404
13 6.75 44 13.063182 0.040398
14 7.25 25 9.434000 0.054654
15 7.75 0 0.000000 0.000000
16 8.25 3 -0.296667 0.207052
17 8.75 30 -0.046667 0.018515
18 9.25 33 0.213030 0.025726
19 9.75 18 0.052778 0.039451
20 10.25 2 0.935000 0.569221
21 10.75 23 0.052174 0.028625
22 11.25 28 0.192857 0.026629
23 11.75 24 -0.117917 0.031708
24 12.25 6 0.038333 0.049838
25 12.75 13 -0.072308 0.063900
26 13.25 21 0.425714 0.033372
27 13.75 23 -0.195652 0.026046
28 14.25 20 -0.149500 0.030280
29 14.75 10 -0.089000 0.058465
30 15.25 0 0.000000 0.000000
31 15.75 6 -0.286667 0.078185
32 16.25 13 0.130769 0.060404
33 16.75 21 -0.138571 0.037278
34 17.25 19 -0.019474 0.046124
35 17.75 18 0.071667 0.053394
36 18.25 9 -0.064444 0.124468
37 18.75 0 0.000000 0.000000
38 19.25 0 0.000000 0.000000
39 19.75 0 0.000000 0.000000

0 0.25 21 25.773810 0.095890
1 0.75 215 26.108558 0.008559
2 1.25 109 28.666697 0.020980
3 1.75 44 30.357727 0.050403
4 2.25 63 34.066984 0.044022
5 2.75 21 34.861429 0.123401
6 3.25 75 40.266000 0.054875
7 3.75 1 45.150000 0.000000
8 4.25 0 0.000000 0.000000
9 4.75 26 30.146154 0.081686
10 5.25 53 26.684340 0.043068
11 5.75 2 25.195000 0.738927
12 6.25 23 17.526087 0.063705
13 6.75 44 14.209773 0.035072
14 7.25 14 11.168571 0.069727
15 7.75 0 0.000000 0.000000
16 8.25 10 -0.038000 0.067728
17 8.75 33 0.040909 0.024907
18 9.25 30 -0.243333 0.023137
19 9.75 6 0.058333 0.110138
20 10.25 10 0.214000 0.094711
21 10.75 27 -0.024815 0.024739
22 11.25 26 -0.048462 0.027454
23 11.75 19 -0.117895 0.038086
24 12.25 2 0.980000 0.586899
25 12.75 20 0.284500 0.025581
26 13.25 22 0.033636 0.031431
27 13.75 22 -0.167727 0.031124
28 14.25 16 -0.184375 0.059423
29 14.75 2 -0.255000 0.533866
30 15.25 1 0.230000 0.000000
31 15.75 12 -0.514167 0.069781
32 16.25 18 0.156111 0.029645
33 16.75 20 0.223500 0.037867
34 17.25 18 -0.071667 0.035119
35 17.75 15 -0.082000 0.049582
36 18.25 2 -0.325000 0.611647
37 18.75 0 0.000000 0.000000
38 19.25 0 0.000000 0.000000
39 19.75 0 0.000000 0.000000

0 0.25 43 26.000930 0.042288
1 0.75 197 26.083249 0.009687
2 1.25 115 29.034696 0.020379
3 1.75 33 30.465455 0.053108
4 2.25 70 34.240143 0.034884
5 2.75 17 36.616471 0.125691
6 3.25 69 39.077101 0.043874
7 3.75 0 0.000000 0.000000
8 4.25 0 0.000000 0.000000
9 4.75 35 29.490857 0.071726
10 5.25 42 27.443095 0.052246
11 5.75 0 0.000000 0.000000
12 6.25 31 19.327097 0.065166
13 6.75 42 15.447619 0.048118
14 7.25 6 12.800000 0.095574
15 7.75 0 0.000000 0.000000
16 8.25 19 0.050526 0.044274
17 8.75 35 0.115714 0.017589
18 9.25 26 0.168462 0.028028
19 9.75 1 0.180000 0.000000
20 10.25 17 -0.032941 0.037161
21 10.75 30 0.206333 0.021388
22 11.25 25 -0.108400 0.032069
23 11.75 10 -0.058000 0.068288
24 12.25 9 0.242222 0.067396
25 12.75 24 0.072083 0.036712
26 13.25 22 0.032273 0.041238
27 13.75 21 0.042857 0.037949
28 14.25 8 0.061250 0.070478
29 14.75 0 0.000000 0.000000
30 15.25 8 -0.342500 0.117837
31 15.75 16 -0.126875 0.051440
32 16.25 19 0.045789 0.037964
33 16.75 20 -0.141500 0.036677
34 17.25 16 0.304375 0.050367
35 17.75 6 0.033333 0.077249
36 18.25 0 0.000000 0.000000
37 18.75 0 0.000000 0.000000
38 19.25 0 0.000000 0.000000
39 19.75 0 0.000000 0.000000

0 0.25 75 25.472667 0.024183
1 0.75 173 25.591214 0.012070
2 1.25 117 28.925641 0.019477
3 1.75 21 30.056190 0.120221
4 2.25 79 33.907342 0.028450
5 2.75 21 37.280952 0.133840
6 3.25 57 39.614035 0.058513
7 3.75 0 0.000000 0.000000
8 4.25 0 0.000000 0.000000
9 4.75 47 30.700426 0.051459
10 5.25 30 28.564000 0.077555
11 5.75 3 22.583333 0.763503
12 6.25 37 20.081351 0.046773
13 6.75 36 16.275000 0.054099
14 7.25 0 0.000000 0.000000
15 7.75 1 -0.960000 0.000000
16 8.25 28 0.071786 0.027066
17 8.75 37 -0.127568 0.019646
18 9.25 16 -0.070625 0.049140
19 9.75 4 0.085000 0.160423
20 10.25 24 0.123750 0.035957
21 10.75 27 -0.074815 0.025312
22 11.25 20 0.035500 0.029778
23 11.75 4 -0.037500 0.088208
24 12.25 15 -0.213333 0.051261
25 12.75 26 0.213462 0.030865
26 13.25 22 -0.083182 0.036462
27 13.75 16 -0.137500 0.045853
28 14.25 2 -0.625000 0.399515
29 14.75 3 -0.190000 0.168259
30 15.25 14 0.290000 0.059860
31 15.75 17 -0.280000 0.045255
32 16.25 17 -0.094706 0.037583
33 16.75 20 0.133500 0.033038
34 17.25 13 0.168462 0.069676
35 17.75 0 0.000000 0.000000
36 18.25 0 0.000000 0.000000
37 18.75 0 0.000000 0.000000
38 19.25 0 0.000000 0.000000
39 19.75 0 0.000000 0.000000

0 0.25 110 25.570818 0.015783
1 0.75 159 25.715849 0.012157
2 1.25 118 28.909576 0.019040
3 1.75 13 30.122308 0.101026
4 2.25 78 34.044744 0.031400
5 2.75 32 37.366250 0.087267
6 3.25 50 39.769000 0.047918
7 3.75 0 0.000000 0.000000
8 4.25 5 34.162000 0.752333
9 4.75 52 32.255385 0.057240
10 5.25 21 28.499048 0.084987
11 5.75 10 22.725000 0.182423
12 6.25 44 20.754318 0.037820
13 6.75 25 17.663600 0.074562
14 7.25 0 0.000000 0.000000
15 7.75 7 7.885714 0.093735
16 8.25 30 0.073667 0.017678
17 8.75 32 0.171250 0.028979
18 9.25 9 -0.357778 0.090734
19 9.75 16 -0.323750 0.059529
20 10.25 26 0.080000 0.024663
21 10.75 29 0.159655 0.021497
22 11.25 14 0.102143 0.054132
23 11.75 8 0.183750 0.085583
24 12.25 21 0.109048 0.036043
25 12.75 23 -0.003913 0.030498
26 13.25 20 -0.215500 0.048251
27 13.75 8 -0.230000 0.082346
28 14.25 0 0.000000 0.000000
29 14.75 11 -0.037273 0.080952
30 15.25 16 0.285000 0.054795
31 15.75 20 0.126500 0.044884
32 16.25 18 0.351111 0.034126
33 16.75 16 0.050000 0.037275
34 17.25 3 -0.696667 0.249318
35 17.75 0 0.000000 0.000000
36 18.25 0 0.000000 0.000000
37 18.75 0 0.000000 0.000000
38 19.25 0 0.000000 0.000000
39 19.75 3 0.700000 0.064291

0 0.25 135 25.141259 0.013408
1 0.75 134 25.820224 0.015568
2 1.25 113 28.866991 0.021458
3 1.75 5 28.570000 0.296233
4 2.25 80 34.309500 0.031273
5 2.75 39 37.582051 0.070674
6 3.25 38 39.530263 0.066735
7 3.75 0 0.000000 0.000000
8 4.25 14 35.124286 0.191999
9 4.75 55 32.436727 0.049601
10 5.25 12 30.173333 0.253511
11 5.75 21 24.945238 0.098837
12 6.25 43 21.680465 0.042474
13 6.75 15 18.618667 0.060555
14 7.25 0 0.000000 0.000000
15 7.75 16 9.323750 0.068351
16 8.25 35 2.750857 0.109604
17 8.75 28 -0.126786 0.030633
18 9.25 2 -0.020000 0.014142
19 9.75 21 0.165714 0.035441
20 10.25 27 -0.073704 0.025436
21 10.75 26 -0.007308 0.034586
22 11.25 5 -0.072000 0.128089
23 11.75 16 0.030625 0.044280
24 12.25 23 0.010435 0.029589
25 12.75 26 -0.063462 0.026197
26 13.25 17 0.089412 0.035756
27 13.75 1 -0.550000 0.000000
28 14.25 5 -0.340000 0.146731
29 14.75 16 -0.039375 0.035296
30 15.25 17 -0.317059 0.039004
31 15.75 19 -0.249474 0.036428
32 16.25 16 -0.002500 0.047604
33 16.75 9 0.251111 0.043078
34 17.25 0 0.000000 0.000000
35 17.75 0 0.000000 0.000000
36 18.25 0 0.000000 0.000000
37 18.75 0 0.000000 0.000000
38 19.25 1 -0.780000 0.000000
39 19.75 9 0.123333 0.114612

0 0.25 173 24.576301 0.010924
1 0.75 116 25.860862 0.019707
2 1.25 110 28.466182 0.019549
3 1.75 3 29.703333 0.660760
4 2.25 77 33.404156 0.030797
5 2.75 52 37.374423 0.058243
6 3.25 29 39.059310 0.096099
7 3.75 0 0.000000 0.000000
8 4.25 21 33.551905 0.119522
9 4.75 54 32.435000 0.046180
10 5.25 4 30.020000 0.196479
11 5.75 33 25.776970 0.062057
12 6.25 41 22.451463 0.038474
13 6.75 7 19.888571 0.257356
14 7.25 0 0.000000 0.000000
15 7.75 27 10.930741 0.049337
16 8.25 35 5.283714 0.117638
17 8.75 19 0.446316 0.040985
18 9.25 9 -0.165556 0.064157
19 9.75 25 0.118400 0.030470
20 10.25 29 0.177586 0.029506
21 10.75 20 0.019000 0.033093
22 11.25 7 -0.222857 0.108730
23 11.75 20 -0.026500 0.025078
24 12.25 24 -0.042917 0.027629
25 12.75 22 -0.094091 0.036666
26 13.25 7 -0.497143 0.081969
27 13.75 0 0.000000 0.000000
28 14.25 13 0.045385 0.024084
29 14.75 18 0.037222 0.031444
30 15.25 19 0.036842 0.044360
31 15.75 17 0.182941 0.056842
32 16.25 13 -0.116154 0.062723
33 16.75 2 0.245000 0.463155
34 17.25 0 0.000000 0.000000
35 17.75 0 0.000000 0.000000
36 18.25 0 0.000000 0.000000
37 18.75 2 -0.385000 0.342947
38 19.25 10 -0.156000 0.086621
39 19.75 12 0.159167 0.059371

0 0.25 202 24.798762 0.009138
1 0.75 95 25.608842 0.026732
2 1.25 100 28.657100 0.021955
3 1.75 8 33.926250 0.150908
4 2.25 68 34.008235 0.039790
5 2.75 65 37.926615 0.041078
6 3.25 17 39.978235 0.178167
7 3.75 0 0.000000 0.000000
8 4.25 32 34.616562 0.071030
9 4.75 45 32.678667 0.054048
10 5.25 3 27.460000 0.740023
11 5.75 40 25.472000 0.045082
12 6.25 37 22.011892 0.054916
13 6.75 1 16.910000 0.000000
14 7.25 6 13.758333 0.139098
15 7.75 32 12.043750 0.044834
16 8.25 34 8.842647 0.039115
17 8.75 10 -0.465000 0.081646
18 9.25 17 -0.010588 0.054239
19 9.75 28 0.162857 0.024401
20 10.25 27 0.204074 0.030539
21 10.75 11 -0.118182 0.064752
22 11.25 17 -0.258824 0.040434
23 11.75 22 -0.013182 0.041853
24 12.25 24 -0.010833 0.028992
25 12.75 21 0.201429 0.036169
26 13.25 1 -0.390000 0.000000
27 13.75 6 0.085000 0.132660
28 14.25 17 0.247059 0.051461
29 14.75 22 0.079091 0.033708
30 15.25 18 0.055556 0.042512
31 15.75 15 0.018667 0.047418
32 16.25 7 0.250000 0.146285
33 16.75 0 0.000000 0.000000
34 17.25 0 0.000000 0.000000
35 17.75 0 0.000000 0.000000
36 18.25 0 0.000000 0.000000
37 18.75 8 -0.140000 0.086388
38 19.25 11 -0.087273 0.045757
39 19.75 14 -0.145714 0.063116

0 0.25 215 24.377116 0.008808
1 0.75 83 25.708795 0.022801
2 1.25 87 28.094828 0.025502
3 1.75 20 32.330000 0.124206
4 2.25 58 33.851379 0.039326
5 2.75 68 38.085735 0.039137
6 3.25 8 39.958750 0.300314
7 3.75 0 0.000000 0.000000
8 4.25 45 35.510667 0.063765
9 4.75 34 32.983235 0.071419
10 5.25 11 28.303636 0.182555
11 5.75 42 25.695714 0.051300
12 6.25 28 23.093571 0.054442
13 6.75 0 0.000000 0.000000
14 7.25 13 15.537692 0.117588
15 7.75 34 12.843529 0.039851
16 8.25 29 9.812069 0.054730
17 8.75 8 2.607500 0.403575
18 9.25 25 -0.117600 0.029279
19 9.75 25 -0.014000 0.031330
20 10.25 24 0.041667 0.031126
21 10.75 5 0.100000 0.114219
22 11.25 22 0.302273 0.035107
23 11.75 23 0.090870 0.030754
24 12.25 22 0.150909 0.039295
25 12.75 11 -0.250909 0.069372
26 13.25 1 -0.260000 0.000000
27 13.75 13 0.013846 0.056593
28 14.25 19 0.053684 0.049724
29 14.75 19 -0.155263 0.047679
30 15.25 17 0.047059 0.034213
31 15.75 11 -0.309091 0.083304
32 16.25 1 0.960000 0.000000
33 16.75 0 0.000000 0.000000
34 17.25 0 0.000000 0.000000
35 17.75 0 0.000000 0.000000
36 18.25 6 -0.343333 0.105249
37 18.75 12 -0.021667 0.058734
38 19.25 12 -0.008333 0.064915
39 19.75 13 0.075385 0.065665

0 0.25 237 24.090464 0.007215
1 0.75 80 25.872750 0.020905
2 1.25 81 27.672222 0.027304
3 1.75 30 33.637667 0.052654
4 2.25 51 33.956863 0.042260
5 2.75 76 37.728816 0.034684
6 3.25 1 42.180000 0.000000
7 3.75 3 39.336667 0.587928
8 4.25 53 36.420189 0.055254
9 4.75 23 33.027391 0.090757
10 5.25 20 27.938500 0.108505
11 5.75 44 26.059773 0.056378
12 6.25 16 24.351875 0.104440
13 6.75 0 0.000000 0.000000
14 7.25 23 16.786957 0.069391
15 7.75 36 14.005000 0.044048
16 8.25 21 10.727143 0.063874
17 8.75 10 6.662000 0.234261
18 9.25 29 -0.003448 0.025577
19 9.75 26 0.215385 0.027678
20 10.25 15 -0.126667 0.056753
21 10.75 14 -0.274286 0.048562
22 11.25 27 0.134074 0.033081
23 11.75 22 0.028182 0.035315
24 12.25 17 0.011765 0.046811
25 12.75 2 -0.570000 0.028284
26 13.25 11 0.211818 0.048489
27 13.75 15 0.058000 0.061801
28 14.25 21 0.071429 0.030788
29 14.75 21 0.035714 0.037102
30 15.25 14 -0.205714 0.060220
31 15.75 3 0.296667 0.365032
32 16.25 0 0.000000 0.000000
33 16.75 0 0.000000 0.000000
34 17.25 0 0.000000 0.000000
35 17.75 2 -0.470000 0.395980
36 18.25 14 0.217143 0.054674
37 18.75 14 0.400714 0.062288
38 19.25 14 0.070714 0.058388
39 19.75 15 -0.109333 0.049010

0 0.25 236 24.242246 0.007787
1 0.75 79 25.479620 0.025308
2 1.25 79 28.423924 0.027224
3 1.75 40 32.795500 0.062824
4 2.25 48 34.771042 0.050679
5 2.75 71 37.698169 0.041853
6 3.25 0 0.000000 0.000000
7 3.75 9 41.417778 0.341382
8 4.25 54 37.229259 0.051443
9 4.75 16 34.648750 0.142851
10 5.25 30 28.365667 0.074601
11 5.75 42 26.229286 0.041321
12 6.25 9 23.912222 0.123536
13 6.75 8 19.958750 0.172745
14 7.25 27 17.511481 0.055751
15 7.75 34 14.979118 0.039271
16 8.25 11 11.930909 0.092667
17 8.75 20 8.701500 0.043050
18 9.25 31 -0.057419 0.021770
19 9.75 24 -0.235417 0.014615
20 10.25 12 0.296667 0.042818
21 10.75 18 0.297778 0.039146
22 11.25 26 -0.140385 0.029558
23 11.75 19 -0.028421 0.048388
24 12.25 11 -0.081818 0.068415
25 12.75 6 -0.435000 0.111009
26 13.25 14 0.173571 0.052123
27 13.75 17 -0.160588 0.053616
28 14.25 22 -0.219091 0.025952
29 14.75 19 -0.043158 0.036099
30 15.25 9 -0.051111 0.035899
31 15.75 0 0.000000 0.000000
32 16.25 0 0.000000 0.000000
33 16.75 0 0.000000 0.000000
34 17.25 2 -0.465000 0.003536
35 17.75 9 -0.018889 0.122478
36 18.25 15 0.095333 0.044588
37 18.75 15 -0.005333 0.046550
38 19.25 15 0.092000 0.039312
39 19.75 14 0.232143 0.045929

0 0.25 235 24.403106 0.007393
1 0.75 78 25.982436 0.024570
2 1.25 79 28.190886 0.022726
3 1.75 51 32.029804 0.046030
4 2.25 43 34.742791 0.080564
5 2.75 66 38.108788 0.044444
6 3.25 0 0.000000 0.000000
7 3.75 16 40.778750 0.167688
8 4.25 56 36.600357 0.057632
9 4.75 9 33.485556 0.240574
10 5.25 36 28.754167 0.069383
11 5.75 38 26.061579 0.046017
12 6.25 1 23.060000 0.000000
13 6.75 15 19.508667 0.124702
14 7.25 32 17.107812 0.055820
15 7.75 31 14.328387 0.044850
16 8.25 9 11.912222 0.191414
17 8.75 23 8.278261 0.053932
18 9.25 32 0.140313 0.024482
19 9.75 19 -0.336316 0.037040
20 10.25 14 0.026429 0.041762
21 10.75 22 -0.024545 0.039786
22 11.25 27 0.100370 0.032470
23 11.75 19 0.082105 0.028653
24 12.25 4 0.562500 0.222377
25 12.75 11 0.413636 0.056622
26 13.25 17 0.114706 0.051972
27 13.75 19 0.267368 0.032867
28 14.25 21 -0.338571 0.032219
29 14.75 16 0.172500 0.048357
30 15.25 2 0.640000 0.544472
31 15.75 0 0.000000 0.000000
32 16.25 0 0.000000 0.000000
33 16.75 0 0.000000 0.000000
34 17.25 9 0.084444 0.086066
35 17.75 12 -0.115833 0.070755
36 18.25 16 0.026875 0.034517
37 18.75 15 -0.083333 0.046566
38 19.25 15 0.113333 0.054881
39 19.75 12 -0.384167 0.073467

0 0.25 237 24.830211 0.007550
1 0.75 79 25.444810 0.026402
2 1.25 82 28.351707 0.029006
3 1.75 62 32.296452 0.039018
4 2.25 42 35.669762 0.063173
5 2.75 55 38.141455 0.060597
6 3.25 0 0.000000 0.000000
7 3.75 27 43.366296 0.116587
8 4.25 54 37.850000 0.047425
9 4.75 9 30.076667 0.233006
10 5.25 41 29.149024 0.042010
11 5.75 31 26.858065 0.073924
12 6.25 0 0.000000 0.000000
13 6.75 24 19.910833 0.071484
14 7.25 32 17.315938 0.045549
15 7.75 26 14.759615 0.054869
16 8.25 14 11.023571 0.092325
17 8.75 27 8.511852 0.042162
18 9.25 28 0.115714 0.021531
19 9.75 15 -0.233333 0.059088
20 10.25 18 0.086111 0.032786
21 10.75 22 0.235909 0.031666
22 11.25 26 0.048462 0.029237
23 11.75 12 -0.300833 0.060194
24 12.25 5 -0.316000 0.140111
25 12.75 15 0.168667 0.046216
26 13.25 18 0.146667 0.035925
27 13.75 18 0.144444 0.044641
28 14.25 19 0.231053 0.042052
29 14.75 9 -0.013333 0.115498
30 15.25 0 0.000000 0.000000
31 15.75 0 0.000000 0.000000
32 16.25 0 0.000000 0.000000
33 16.75 7 -0.335714 0.088436
34 17.25 13 -0.059231 0.053579
35 17.75 13 -0.157692 0.044551
36 18.25 17 -0.064118 0.047937
37 18.75 15 -0.034667 0.052479
38 19.25 13 0.089231 0.067099
39 19.75 10 -0.326000 0.052226

0 0.25 237 24.945612 0.007377
1 0.75 81 25.786543 0.024920
2 1.25 78 28.062692 0.025502
3 1.75 73 32.969589 0.027718
4 2.25 44 35.992955 0.059529
5 2.75 44 37.460909 0.057934
6 3.25 0 0.000000 0.000000
7 3.75 36 44.696667 0.100392
8 4.25 43 39.513721 0.064978
9 4.75 18 31.490000 0.103658
10 5.25 42 28.821429 0.055330
11 5.75 21 26.338571 0.111170
12 6.25 3 22.946667 0.494305
13 6.75 31 19.758387 0.052791
14 7.25 33 17.461515 0.052782
15 7.75 17 14.930588 0.095799
16 8.25 20 11.231000 0.050184
17 8.75 27 8.671852 0.037696
18 9.25 26 -0.158077 0.032834
19 9.75 14 0.379286 0.062452
20 10.25 23 0.078261 0.033963
21 10.75 24 0.057917 0.028875
22 11.25 23 -0.045217 0.030484
23 11.75 5 -0.436000 0.120844
24 12.25 14 0.049286 0.057306
25 12.75 18 -0.020556 0.034803
26 13.25 20 0.151500 0.034871
27 13.75 17 0.165882 0.051008
28 14.25 15 -0.072000 0.049557
29 14.75 1 -0.020000 0.000000
30 15.25 0 0.000000 0.000000
31 15.75 0 0.000000 0.000000
32 16.25 3 0.416667 0.202356
33 16.75 11 -0.333636 0.065043
34 17.25 14 0.077857 0.046998
35 17.75 14 0.160000 0.057605
36 18.25 17 -0.056471 0.040744
37 18.75 15 -0.232000 0.037959
38 19.25 11 -0.162727 0.072504
39 19.75 5 -0.188000 0.171647

0 0.25 239 25.050084 0.007614
1 0.75 79 25.873418 0.024617
2 1.25 81 28.442716 0.026195
3 1.75 77 32.599740 0.027680
4 2.25 49 36.407347 0.056277
5 2.75 33 37.770909 0.095933
6 3.25 0 0.000000 0.000000
7 3.75 47 44.419574 0.069563
8 4.25 33 39.462727 0.068981
9 4.75 26 31.347692 0.094584
10 5.25 44 28.641364 0.052756
11 5.75 11 27.779091 0.207636
12 6.25 11 22.765455 0.184140
13 6.75 34 20.285588 0.055645
14 7.25 31 17.372258 0.042905
15 7.75 19 14.605263 0.073172
16 8.25 24 11.665833 0.052891
17 8.75 28 8.787500 0.042548
18 9.25 22 0.013182 0.040261
19 9.75 17 -0.195294 0.039833
20 10.25 24 0.060417 0.035086
21 10.75 22 0.017273 0.034899
22 11.25 17 -0.133529 0.040083
23 11.75 6 0.066667 0.143255
24 12.25 17 -0.236471 0.047546
25 12.75 20 -0.016000 0.041948
26 13.25 20 0.070000 0.037394
27 13.75 15 0.060667 0.060127
28 14.25 7 0.051429 0.064820
29 14.75 0 0.000000 0.000000
30 15.25 0 0.000000 0.000000
31 15.75 3 0.023333 0.109561
32 16.25 11 -0.130909 0.078119
33 16.75 15 -0.038000 0.059987
34 17.25 16 -0.070625 0.050969
35 17.75 14 0.233571 0.063710
36 18.25 16 0.156250 0.044788
37 18.75 13 -0.060769 0.064535
38 19.25 6 -0.853333 0.117571
39 19.75 0 0.000000 0.000000

0 0.25 239 25.278577 0.007561
1 0.75 87 26.100805 0.023015
2 1.25 75 28.155467 0.027076
3 1.75 82 32.387805 0.034740
4 2.25 56 36.717857 0.040358
5 2.75 23 38.263913 0.111549
6 3.25 2 45.380000 1.216224
7 3.75 56 44.727321 0.064112
8 4.25 26 41.403077 0.108452
9 4.75 37 31.866757 0.078240
10 5.25 41 29.134634 0.050347
11 5.75 5 26.824000 0.331399
12 6.25 21 22.758571 0.063084
13 6.75 34 20.090882 0.045893
14 7.25 24 17.530000 0.085690
15 7.75 18 13.863333 0.065396
16 8.25 27 11.647037 0.041765
17 8.75 26 8.782308 0.046800
18 9.25 20 0.221500 0.038899
19 9.75 20 0.178500 0.035326
20 10.25 24 -0.012917 0.024934
21 10.75 22 -0.009091 0.031694
22 11.25 10 0.182000 0.050290
23 11.75 12 -0.163333 0.047631
24 12.25 19 0.024737 0.037367
25 12.75 19 0.162105 0.035294
26 13.25 18 -0.196667 0.039060
27 13.75 11 -0.077273 0.062308
28 14.25 1 -1.560000 0.000000
29 14.75 0 0.000000 0.000000
30 15.25 1 0.590000 0.000000
31 15.75 8 -0.082500 0.083009
32 16.25 13 -0.262308 0.036811
33 16.75 16 0.062500 0.056835
34 17.25 15 -0.404667 0.035480
35 17.75 14 -0.037857 0.063656
36 18.25 14 0.082857 0.064748
37 18.75 9 0.060000 0.099071
38 19.25 0 0.000000 0.000000
39 19.75 4 0.442500 0.243220

0 0.25 236 25.384110 0.008342
1 0.75 87 26.205517 0.021801
2 1.25 69 28.206522 0.028689
3 1.75 78 32.392821 0.033332
4 2.25 65 36.629231 0.036204
5 2.75 15 38.476667 0.246068
6 3.25 7 45.957143 0.298335
7 3.75 58 44.849138 0.049074
8 4.25 20 39.953500 0.180838
9 4.75 41 32.315122 0.068660
10 5.25 33 29.990303 0.065640
11 5.75 2 24.915000 1.170262
12 6.25 29 22.926552 0.070769
13 6.75 35 20.030286 0.047965
14 7.25 20 17.670000 0.066022
15 7.75 23 13.768696 0.061271
16 8.25 28 11.440357 0.043169
17 8.75 24 8.507500 0.057308
18 9.25 19 -0.148947 0.041168
19 9.75 22 0.279545 0.038506
20 10.25 25 0.174400 0.028134
21 10.75 19 -0.268421 0.024518
22 11.25 10 0.315000 0.070815
23 11.75 15 -0.090000 0.067946
24 12.25 22 -0.054091 0.029933
25 12.75 19 -0.195263 0.035486
26 13.25 17 0.059412 0.044657
27 13.75 6 0.435000 0.113151
28 14.25 0 0.000000 0.000000
29 14.75 0 0.000000 0.000000
30 15.25 8 0.168750 0.093945
31 15.75 11 -0.478182 0.032747
32 16.25 14 0.142857 0.055207
33 16.75 17 0.061765 0.040414
34 17.25 16 0.045625 0.058484
35 17.75 13 -0.036154 0.055645
36 18.25 10 -0.023000 0.049200
37 18.75 2 -0.110000 0.671751
38 19.25 1 -0.570000 0.000000
39 19.75 10 -0.304000 0.099108

0 0.25 237 25.565781 0.008083
1 0.75 102 26.314804 0.020620
2 1.25 58 28.051897 0.039762
3 1.75 77 32.720779 0.036289
4 2.25 71 36.552394 0.035709
5 2.75 8 37.347500 0.173103
6 3.25 15 44.234667 0.171321
7 3.75 56 44.395000 0.062525
8 4.25 22 38.719091 0.158962
9 4.75 43 32.536744 0.057340
10 5.25 23 29.752609 0.079451
11 5.75 8 26.451250 0.175544
12 6.25 31 23.367742 0.071770
13 6.75 34 20.233824 0.050240
14 7.25 17 17.234118 0.091737
15 7.75 27 14.483704 0.042001
16 8.25 26 11.424615 0.057909
17 8.75 24 8.215417 0.084926
18 9.25 21 0.127143 0.033388
19 9.75 22 0.001818 0.031109
20 10.25 23 -0.501304 0.038704
21 10.75 13 -0.093077 0.048764
22 11.25 15 -0.485333 0.055877
23 11.75 17 -0.074706 0.059711
24 12.25 22 -0.160455 0.035225
25 12.75 17 -0.008824 0.055397
26 13.25 9 0.153333 0.086878
27 13.75 0 0.000000 0.000000
28 14.25 0 0.000000 0.000000
29 14.75 5 0.204000 0.076218
30 15.25 13 -0.100769 0.050184
31 15.75 12 -0.372500 0.057175
32 16.25 16 0.310000 0.058314
33 16.75 18 -0.294444 0.038798
34 17.25 14 -0.256429 0.077382
35 17.75 12 0.522500 0.046716
36 18.25 3 0.056667 0.122308
37 18.75 1 -0.210000 0.000000
38 19.25 8 -0.398750 0.071341
39 19.75 12 -0.021667 0.073674

0 0.25 234 26.045897 0.007823
1 0.75 109 26.385872 0.019233
2 1.25 51 29.279216 0.045909
3 1.75 73 32.627123 0.030065
4 2.25 77 35.752857 0.039775
5 2.75 0 0.000000 0.000000
6 3.25 26 42.403846 0.116298
7 3.75 51 45.958431 0.065505
8 4.25 21 37.549524 0.115982
9 4.75 42 33.429524 0.065501
10 5.25 16 30.391250 0.122614
11 5.75 17 26.580000 0.104254
12 6.25 34 23.199706 0.057030
13 6.75 30 20.426333 0.063907
14 7.25 22 17.460455 0.050124
15 7.75 27 14.603704 0.067070
16 8.25 24 11.630833 0.046436
17 8.75 22 8.395455 0.100860
18 9.25 22 0.226818 0.024707
19 9.75 23 -0.127826 0.036297
20 10.25 22 -0.108182 0.034575
21 10.75 13 -0.260000 0.046223
22 11.25 17 -0.004118 0.035867
23 11.75 17 -0.115882 0.059700
24 12.25 20 -0.155000 0.027532
25 12.75 16 0.113750 0.061479
26 13.25 5 0.032000 0.070575
27 13.75 0 0.000000 0.000000
28 14.25 3 0.080000 0.166233
29 14.75 9 0.038889 0.099388
30 15.25 14 -0.044286 0.047015
31 15.75 13 -0.105385 0.051917
32 16.25 16 0.076250 0.045473
33 16.75 17 0.127647 0.053019
34 17.25 11 -0.175455 0.058589
35 17.75 7 0.470000 0.108816
36 18.25 3 0.830000 0.267727
37 18.75 6 -0.336667 0.135968
38 19.25 11 -0.071818 0.086548
39 19.75 14 -0.156429 0.060468

0 0.25 237 26.316118 0.006997
1 0.75 120 26.336500 0.016959
2 1.25 50 29.079800 0.051571
3 1.75 71 32.367042 0.031720
4 2.25 71 36.703239 0.037276
5 2.75 0 0.000000 0.000000
6 3.25 36 43.498611 0.087702
7 3.75 44 45.373182 0.072490
8 4.25 32 39.389375 0.112749
9 4.75 40 33.458750 0.077600
10 5.25 8 30.731250 0.254540
11 5.75 26 26.518846 0.077577
12 6.25 33 23.030909 0.067013
13 6.75 29 20.737931 0.063739
14 7.25 24 16.970833 0.054062
15 7.75 26 14.480385 0.066617
16 8.25 23 11.236522 0.068364
17 8.75 20 8.170000 0.103981
18 9.25 23 0.043913 0.038762
19 9.75 22 0.237727 0.044817
20 10.25 17 0.010000 0.059866
21 10.75 15 -0.125333 0.057125
22 11.25 19 -0.007895 0.036314
23 11.75 16 -0.183750 0.046611
24 12.25 18 -0.283889 0.039639
25 12.75 12 0.166667 0.057845
26 13.25 0 0.000000 0.000000
27 13.75 0 0.000000 0.000000
28 14.25 9 0.322222 0.091435
29 14.75 11 -0.156364 0.041173
30 15.25 15 -0.002000 0.045312
31 15.75 14 -0.068571 0.049578
32 16.25 15 -0.178667 0.049512
33 16.75 15 -0.076667 0.055640
34 17.25 9 -0.243333 0.099528
35 17.75 2 0.110000 0.586899
36 18.25 7 -0.081429 0.142025
37 18.75 9 -0.216667 0.072201
38 19.25 11 -0.191818 0.072251
39 19.75 16 0.080625 0.043246

0 0.25 237 28.994135 0.009019
1 0.75 128 28.308203 0.022161
2 1.25 53 31.542075 0.042160
3 1.75 74 34.071351 0.041993
4 2.25 63 37.762222 0.043264
5 2.75 0 0.000000 0.000000
6 3.25 47 43.767021 0.070274
7 3.75 35 46.409714 0.107303
8 4.25 41 39.394878 0.082893
9 4.75 35 33.654571 0.093750
10 5.25 6 28.208333 0.264276
11 5.75 30 26.131667 0.066572
12 6.25 32 23.629687 0.073156
13 6.75 26 20.636923 0.072839
14 7.25 26 17.117308 0.038701
15 7.75 26 13.798462 0.065473
16 8.25 26 11.542692 0.053474
17 8.75 22 7.827273 0.093881
18 9.25 22 0.060000 0.041961
19 9.75 19 0.112105 0.032819
20 10.25 16 0.003750 0.035877
21 10.75 19 -0.123158 0.037808
22 11.25 20 -0.200000 0.042406
23 11.75 16 -0.318125 0.031002
24 12.25 15 0.198000 0.052488
25 12.75 3 0.300000 0.160451
26 13.25 0 0.000000 0.000000
27 13.75 6 -0.100000 0.141531
28 14.25 12 -0.892500 0.060832
29 14.75 13 -0.147692 0.053760
30 15.25 16 -0.059375 0.038539
31 15.75 13 -0.272308 0.046086
32 16.25 14 -0.185714 0.053520
33 16.75 12 -0.101667 0.048230
34 17.25 3 -0.300000 0.230531
35 17.75 6 -0.016667 0.152362
36 18.25 10 -0.203000 0.095218
37 18.75 11 -0.036364 0.066102
38 19.25 12 0.164167 0.052819
39 19.75 16 -0.238125 0.039985

0 0.25 233 32.898455 0.011154
1 0.75 138 32.272319 0.019311
2 1.25 52 35.103654 0.041980
3 1.75 73 37.080274 0.041293
4 2.25 54 39.157037 0.050162
5 2.75 2 42.180000 0.912168
6 3.25 54 44.930556 0.069229
7 3.75 31 46.905161 0.110157
8 4.25 46 39.122609 0.069953
9 4.75 27 33.318889 0.085150
10 5.25 13 28.603077 0.155067
11 5.75 33 25.994242 0.061416
12 6.25 31 23.323226 0.050849
13 6.75 28 19.808214 0.073361
14 7.25 28 16.414286 0.062900
15 7.75 26 12.965385 0.053514
16 8.25 25 10.807600 0.045631
17 8.75 22 4.900455 0.189422
18 9.25 23 -0.056087 0.035601
19 9.75 21 0.215238 0.027906
20 10.25 14 -0.117857 0.045834
21 10.75 21 0.126667 0.034303
22 11.25 20 0.238000 0.032227
23 11.75 14 0.045000 0.055352
24 12.25 8 0.206250 0.087278
25 12.75 0 0.000000 0.000000
26 13.25 4 -0.180000 0.093697
27 13.75 10 0.357000 0.085752
28 14.25 13 -0.390769 0.055303
29 14.75 14 -0.424286 0.036176
30 15.25 16 0.037500 0.038175
31 15.75 13 -0.218462 0.055005
32 16.25 12 -0.052500 0.054595
33 16.75 6 0.158333 0.184844
34 17.25 6 0.301667 0.171005
35 17.75 10 -0.225000 0.045282
36 18.25 11 -0.703636 0.080013
37 18.75 12 0.032500 0.056522
38 19.25 12 0.258333 0.041878
39 19.75 15 -0.016000 0.061298

0 0.25 230 36.308652 0.012145
1 0.75 144 36.403681 0.021232
2 1.25 52 38.500000 0.053480
3 1.75 68 39.554853 0.042613
4 2.25 46 42.106739 0.050771
5 2.75 9 42.866667 0.174481
6 3.25 55 45.488364 0.054743
7 3.75 28 45.306071 0.131291
8 4.25 45 39.540667 0.063419
9 4.75 19 35.163158 0.186432
10 5.25 21 28.981905 0.128772
11 5.75 33 26.042121 0.054471
12 6.25 31 22.559355 0.060808
13 6.75 26 18.463462 0.064992
14 7.25 26 15.933846 0.058507
15 7.75 29 12.530000 0.041355
16 8.25 23 9.576957 0.061092
17 8.75 22 1.922727 0.154617
18 9.25 21 -0.052381 0.030280
19 9.75 20 -0.150000 0.031834
20 10.25 15 -0.375333 0.053731
21 10.75 20 -0.227000 0.041246
22 11.25 19 0.184737 0.034706
23 11.75 11 0.041818 0.076788
24 12.25 3 0.293333 0.145767
25 12.75 2 -0.830000 0.622254
26 13.25 8 -0.228750 0.105664
27 13.75 12 -0.164167 0.086815
28 14.25 15 0.251333 0.044902
29 14.75 14 -0.150000 0.038430
30 15.25 16 -0.088750 0.045911
31 15.75 11 0.007273 0.065159
32 16.25 8 0.428750 0.121975
33 16.75 7 0.214286 0.121173
34 17.25 8 -0.482500 0.079957
35 17.75 11 -0.454545 0.063331
36 18.25 12 0.026667 0.085411
37 18.75 12 0.090833 0.067251
38 19.25 12 -0.035000 0.043325
39 19.75 14 0.070000 0.048533

0 0.25 230 40.542957 0.011840
1 0.75 148 39.435811 0.020627
2 1.25 51 40.323725 0.056596
3 1.75 69 42.351159 0.050128
4 2.25 35 43.959143 0.108080
5 2.75 16 44.996250 0.264984
6 3.25 54 46.228333 0.053575
7 3.75 26 45.383846 0.114767
8 4.25 47 39.410638 0.073477
9 4.75 13 35.252308 0.277861
10 5.25 27 28.378148 0.109739
11 5.75 34 25.608235 0.057218
12 6.25 29 21.831034 0.062111
13 6.75 27 18.190000 0.055604
14 7.25 28 14.765000 0.051737
15 7.75 26 11.942692 0.053404
16 8.25 23 8.616087 0.039111
17 8.75 23 0.067391 0.026594
18 9.25 21 -0.075714 0.036726
19 9.75 17 -0.014118 0.050374
20 10.25 15 0.068667 0.048825
21 10.75 23 0.002609 0.029029
22 11.25 19 0.408421 0.034525
23 11.75 7 0.368571 0.053797
24 12.25 0 0.000000 0.000000
25 12.75 7 -0.094286 0.121383
26 13.25 11 0.050909 0.066075
27 13.75 13 -0.249231 0.073636
28 14.25 17 -0.084118 0.040084
29 14.75 16 0.284375 0.055057
30 15.25 14 0.156429 0.054683
31 15.75 9 0.043333 0.067364
32 16.25 6 0.435000 0.107439
33 16.75 8 -0.173750 0.095487
34 17.25 10 0.112000 0.073821
35 17.75 13 0.121538 0.073468
36 18.25 12 -0.310000 0.062824
37 18.75 13 -0.153077 0.045046
38 19.25 13 0.496154 0.066379
39 19.75 11 -0.051818 0.103824

0 0.25 238 44.447521 0.013060
1 0.75 155 44.048774 0.020403
2 1.25 57 44.157719 0.052145
3 1.75 70 45.519571 0.042613
4 2.25 29 46.427586 0.117506
5 2.75 23 46.082609 0.138884
6 3.25 51 47.740000 0.059768
7 3.75 30 46.001000 0.133458
8 4.25 45 40.820000 0.080292
9 4.75 11 31.422727 0.298949
10 5.25 29 28.317586 0.063733
11 5.75 34 25.260588 0.066294
12 6.25 26 21.646923 0.073824
13 6.75 29 17.983448 0.047959
14 7.25 32 14.162500 0.043813
15 7.75 24 11.465417 0.058598
16 8.25 23 5.561739 0.159452
17 8.75 24 -0.080000 0.027121
18 9.25 20 -0.256000 0.038505
19 9.75 19 -0.028947 0.046387
20 10.25 16 -0.263750 0.056425
21 10.75 20 -0.029000 0.038171
22 11.25 18 0.096111 0.043750
23 11.75 1 -0.720000 0.000000
24 12.25 4 0.245000 0.137803
25 12.75 10 -0.171000 0.089236
26 13.25 12 0.211667 0.053444
27 13.75 14 -0.290714 0.068739
28 14.25 17 0.040588 0.033209
29 14.75 14 0.144286 0.043896
30 15.25 12 0.051667 0.067938
31 15.75 10 0.250000 0.065815
32 16.25 9 -0.008889 0.107651
33 16.75 9 -0.136667 0.070192
34 17.25 12 0.030833 0.062079
35 17.75 14 -0.109286 0.046430
36 18.25 12 0.075000 0.082168
37 18.75 13 -0.261538 0.057405
38 19.25 11 0.359091 0.091388
39 19.75 8 -0.518750 0.124634

0 0.25 238 47.798950 0.013666
1 0.75 160 47.139812 0.023657
2 1.25 65 46.287077 0.047836
3 1.75 74 48.230270 0.049660
4 2.25 20 47.985000 0.135104
5 2.75 32 47.861563 0.118598
6 3.25 50 48.548800 0.068049
7 3.75 38 45.306579 0.096436
8 4.25 40 39.615000 0.078890
9 4.75 14 30.752143 0.175864
10 5.25 33 28.077576 0.066812
11 5.75 35 24.988571 0.050685
12 6.25 24 20.165417 0.071301
13 6.75 29 16.986552 0.047972
14 7.25 32 13.306250 0.038035
15 7.75 24 9.684167 0.064433
16 8.25 23 2.758261 0.159677
17 8.75 25 0.125200 0.031653
18 9.25 18 0.153333 0.052399
19 9.75 20 0.020000 0.041173
20 10.25 16 0.140625 0.050791
21 10.75 20 0.040000 0.035090
22 11.25 11 -0.250000 0.065297
23 11.75 2 0.595000 0.618718
24 12.25 9 0.070000 0.053527
25 12.75 12 -0.188333 0.050464
26 13.25 14 0.052857 0.067075
27 13.75 14 -0.073571 0.059943
28 14.25 17 0.208824 0.041348
29 14.75 12 0.086667 0.058572
30 15.25 11 0.036364 0.099525
31 15.75 9 0.144444 0.085750
32 16.25 13 -0.180000 0.046970
33 16.75 10 -0.234000 0.056743
34 17.25 14 -0.185000 0.045202
35 17.75 13 -0.017692 0.045255
36 18.25 12 -0.203333 0.060993
37 18.75 12 -0.098333 0.063702
38 19.25 10 -0.029000 0.102963
39 19.75 5 0.106000 0.128122

0 0.25 233 46.885150 0.014151
1 0.75 155 46.873097 0.022207
2 1.25 73 48.430822 0.046935
3 1.75 72 46.033472 0.042900
4 2.25 11 44.283636 0.278321
5 2.75 40 48.113250 0.079633
6 3.25 44 47.972955 0.064217
7 3.75 42 45.323095 0.091991
8 4.25 30 39.352000 0.111070
9 4.75 23 30.648696 0.106941
10 5.25 33 28.139394 0.059346
11 5.75 37 24.018378 0.054665
12 6.25 25 20.117600 0.097080
13 6.75 32 15.973125 0.053008
14 7.25 29 12.812759 0.049823
15 7.75 25 8.627200 0.075174
16 8.25 23 0.136087 0.032561
17 8.75 28 -0.107857 0.028654
18 9.25 16 -0.008125 0.050015
19 9.75 21 0.266667 0.047061
20 10.25 14 0.201429 0.060526
21 10.75 17 0.252941 0.046315
22 11.25 3 0.640000 0.485695
23 11.75 7 -0.072857 0.048709
24 12.25 11 0.090909 0.058911
25 12.75 14 -0.162143 0.046858
26 13.25 15 0.099333 0.062211
27 13.75 14 0.132857 0.067346
28 14.25 14 -0.098571 0.030814
29 14.75 12 0.386667 0.060556
30 15.25 8 0.338750 0.072187
31 15.75 11 -0.176364 0.057802
32 16.25 13 0.084615 0.040276
33 16.75 11 0.159091 0.057842
34 17.25 15 -0.107333 0.056749
35 17.75 13 -0.304615 0.047386
36 18.25 10 -0.369000 0.053982
37 18.75 12 -0.133333 0.058094
38 19.25 5 -0.258000 0.087183
39 19.75 0 0.000000 0.000000

0 0.25 230 43.177957 0.014359
1 0.75 150 43.084267 0.021888
2 1.25 79 45.044177 0.033449
3 1.75 72 43.161528 0.044075
4 2.25 6 46.126667 0.535787
5 2.75 48 45.729375 0.077165
6 3.25 39 45.229231 0.089705
7 3.75 42 45.242857 0.080008
8 4.25 25 36.890800 0.128047
9 4.75 27 31.689259 0.078587
10 5.25 35 27.594857 0.071837
11 5.75 36 23.740000 0.059946
12 6.25 26 19.313077 0.085034
13 6.75 36 14.760000 0.042467
14 7.25 25 11.784000 0.045523
15 7.75 25 5.080400 0.184784
16 8.25 28 0.125000 0.029465
17 8.75 23 -0.123043 0.032676
18 9.25 16 -0.124375 0.063305
19 9.75 22 0.112727 0.025441
20 10.25 13 -0.134615 0.073952
21 10.75 13 -0.076923 0.054955
22 11.25 4 0.095000 0.076825
23 11.75 11 -0.110909 0.080453
24 12.25 14 -0.021429 0.038227
25 12.75 15 -0.143333 0.036331
26 13.25 15 0.001333 0.059844
27 13.75 14 -0.022857 0.046318
28 14.25 11 0.097273 0.067640
29 14.75 16 0.126250 0.037673
30 15.25 8 0.191250 0.113718
31 15.75 13 -0.352308 0.061014
32 16.25 13 0.131538 0.068235
33 16.75 11 0.071818 0.080479
34 17.25 15 -0.020667 0.044436
35 17.75 11 0.257273 0.073211
36 18.25 9 0.124444 0.054172
37 18.75 8 -0.193750 0.068089
38 19.25 0 0.000000 0.000000
39 19.75 0 0.000000 0.000000

0 0.25 240 39.118083 0.012296
1 0.75 147 39.601565 0.021363
2 1.25 77 41.558052 0.037293
3 1.75 72 41.028472 0.039579
4 2.25 6 43.185000 0.505686
5 2.75 53 43.281698 0.054234
6 3.25 36 43.835833 0.076100
7 3.75 42 43.599524 0.077391
8 4.25 23 36.652609 0.140373
9 4.75 29 30.865172 0.072286
10 5.25 39 27.375641 0.053954
11 5.75 31 23.196129 0.072856
12 6.25 29 17.686207 0.056463
13 6.75 39 14.244359 0.044306
14 7.25 20 10.127000 0.079830
15 7.75 24 2.479583 0.159913
16 8.25 31 -0.099355 0.025101
17 8.75 17 0.166471 0.030431
18 9.25 18 0.252222 0.040208
19 9.75 21 0.334286 0.036625
20 10.25 11 0.058182 0.046839
21 10.75 7 0.295714 0.140487
22 11.25 9 0.164444 0.078117
23 11.75 12 0.293333 0.056660
24 12.25 16 0.305000 0.038502
25 12.75 15 -0.171333 0.064840
26 13.25 14 -0.115714 0.053320
27 13.75 13 0.070000 0.082724
28 14.25 16 -0.008125 0.052849
29 14.75 13 0.081538 0.058713
30 15.25 9 -0.221111 0.047549
31 15.75 14 0.097857 0.084960
32 16.25 14 -0.346429 0.057602
33 16.75 11 0.303636 0.051309
34 17.25 14 -0.317857 0.054462
35 17.75 10 -0.286000 0.072070
36 18.25 7 0.142857 0.092013
37 18.75 2 0.350000 0.014142
38 19.25 0 0.000000 0.000000
39 19.75 0 0.000000 0.000000

0 0.25 252 35.668175 0.011451
1 0.75 145 36.408690 0.017179
2 1.25 81 37.882469 0.030018
3 1.75 74 37.649324 0.037411
4 2.25 12 40.093333 0.238896
5 2.75 54 40.476667 0.049836
6 3.25 38 41.965263 0.094589
7 3.75 44 42.599091 0.062958
8 4.25 21 35.114286 0.169168
9 4.75 35 31.335429 0.080938
10 5.25 42 25.976429 0.060200
11 5.75 28 22.313929 0.082536
12 6.25 35 17.556286 0.058008
13 6.75 33 13.390000 0.048615
14 7.25 22 8.762727 0.062144
15 7.75 28 0.045714 0.019022
16 8.25 27 0.030370 0.017254
17 8.75 20 0.198000 0.044624
18 9.25 18 -0.185556 0.039276
19 9.75 18 -0.098889 0.032822
20 10.25 7 0.175714 0.129790
21 10.75 6 0.260000 0.108048
22 11.25 11 0.236364 0.071511
23 11.75 14 0.296429 0.034095
24 12.25 16 -0.150000 0.047572
25 12.75 14 -0.035714 0.053200
26 13.25 14 -0.365000 0.050926
27 13.75 14 -0.157857 0.053743
28 14.25 12 0.045000 0.051174
29 14.75 12 0.240833 0.049803
30 15.25 9 -0.243333 0.055984
31 15.75 13 -0.136923 0.045014
32 16.25 13 -0.003846 0.057443
33 16.75 11 -0.003636 0.058996
34 17.25 13 0.203846 0.060092
35 17.75 10 -0.020000 0.086696
36 18.25 2 -0.095000 0.385373
37 18.75 0 0.000000 0.000000
38 19.25 0 0.000000 0.000000
39 19.75 0 0.000000 0.000000

0 0.25 267 31.885955 0.010407
1 0.75 142 32.453239 0.017961
2 1.25 92 34.571957 0.026861
3 1.75 72 34.455139 0.030480
4 2.25 18 36.841667 0.128854
5 2.75 58 38.700690 0.044165
6 3.25 44 41.550682 0.081711
7 3.75 41 42.283659 0.083582
8 4.25 25 35.233600 0.127253
9 4.75 35 30.557143 0.064039
10 5.25 43 25.886744 0.054665
11 5.75 29 20.635862 0.073693
12 6.25 37 16.620541 0.056632
13 6.75 30 12.412667 0.056137
14 7.25 23 5.547826 0.178863
15 7.75 29 0.005172 0.021397
16 8.25 24 0.069583 0.025018
17 8.75 21 0.000952 0.034364
18 9.25 17 0.077059 0.038950
19 9.75 16 -0.115625 0.058303
20 10.25 6 -0.421667 0.040310
21 10.75 9 0.444444 0.092660
22 11.25 11 0.078182 0.054911
23 11.75 15 0.277333 0.032722
24 12.25 16 -0.343750 0.042860
25 12.75 15 0.074667 0.054213
26 13.25 14 -0.096429 0.049722
27 13.75 17 0.124118 0.036463
28 14.25 10 -0.078000 0.054932
29 14.75 14 0.030714 0.056161
30 15.25 10 -0.125000 0.049969
31 15.75 13 -0.106154 0.073931
32 16.25 15 -0.012000 0.055034
33 16.75 9 -0.135556 0.093698
34 17.25 10 -0.220000 0.095459
35 17.75 4 0.147500 0.107769
36 18.25 0 0.000000 0.000000
37 18.75 0 0.000000 0.000000
38 19.25 0 0.000000 0.000000
39 19.75 0 0.000000 0.000000

0 0.25 261 28.406552 0.008354
1 0.75 126 29.141270 0.017997
2 1.25 94 31.477660 0.025810
3 1.75 64 31.739687 0.033378
4 2.25 25 34.904400 0.116022
5 2.75 58 36.710345 0.039794
6 3.25 41 41.055610 0.101539
7 3.75 37 41.748649 0.091681
8 4.25 27 34.862593 0.085037
9 4.75 39 30.134359 0.071456
10 5.25 38 25.271053 0.064776
11 5.75 28 20.004286 0.058846
12 6.25 42 15.277857 0.045571
13 6.75 26 10.834615 0.067660
14 7.25 22 2.482273 0.170563
15 7.75 31 -0.244194 0.028247
16 8.25 21 0.101429 0.030467
17 8.75 22 0.035909 0.030543
18 9.25 16 -0.311250 0.043781
19 9.75 14 -0.202857 0.052747
20 10.25 7 0.627143 0.107145
21 10.75 13 -0.168462 0.040887
22 11.25 14 -0.485714 0.075895
23 11.75 15 -0.126000 0.037518
24 12.25 15 -0.182000 0.043434
25 12.75 14 -0.211429 0.037657
26 13.25 17 0.239412 0.033515
27 13.75 11 0.040909 0.076737
28 14.25 11 -0.059091 0.071731
29 14.75 13 0.030769 0.058777
30 15.25 12 0.029167 0.071722
31 15.75 13 -0.036923 0.052186
32 16.25 13 -0.416923 0.081387
33 16.75 8 -0.128750 0.068763
34 17.25 7 -0.377143 0.093433
35 17.75 0 0.000000 0.000000
36 18.25 0 0.000000 0.000000
37 18.75 0 0.000000 0.000000
38 19.25 0 0.000000 0.000000
39 19.75 0 0.000000 0.000000

0 0.25 278 26.925755 0.006905
1 0.75 123 27.722520 0.015251
2 1.25 96 29.343958 0.021736
3 1.75 57 30.523158 0.041467
4 2.25 31 33.590968 0.080044
5 2.75 57 34.807018 0.044546
6 3.25 41 39.972683 0.091504
7 3.75 34 40.680294 0.107370
8 4.25 30 35.133333 0.087826
9 4.75 42 29.814762 0.047800
10 5.25 38 24.516316 0.053262
11 5.75 32 19.072188 0.075939
12 6.25 40 14.339000 0.048419
13 6.75 23 9.400870 0.066612
14 7.25 28 -0.045357 0.023011
15 7.75 26 0.051154 0.022813
16 8.25 20 -0.157500 0.038220
17 8.75 20 0.012000 0.031549
18 9.25 15 0.169333 0.038003
19 9.75 11 0.013636 0.085694
20 10.25 10 -0.072000 0.076989
21 10.75 15 -0.156000 0.049904
22 11.25 12 0.295833 0.055064
23 11.75 16 -0.416875 0.034300
24 12.25 15 0.034000 0.057452
25 12.75 18 0.169444 0.036472
26 13.25 15 0.043333 0.055531
27 13.75 11 -0.007273 0.069431
28 14.25 11 0.149091 0.079040
29 14.75 13 -0.440000 0.050352
30 15.25 12 0.082500 0.053993
31 15.75 12 -0.144167 0.044052
32 16.25 11 0.020000 0.052128
33 16.75 9 -0.390000 0.053651
34 17.25 1 -0.120000 0.000000
35 17.75 0 0.000000 0.000000
36 18.25 0 0.000000 0.000000
37 18.75 0 0.000000 0.000000
38 19.25 0 0.000000 0.000000
39 19.75 0 0.000000 0.000000

0 0.25 285 27.119965 0.006864
1 0.75 120 27.216333 0.016485
2 1.25 100 29.244900 0.018296
3 1.75 50 30.758600 0.042598
4 2.25 41 32.947561 0.047873
5 2.75 52 34.573462 0.046226
6 3.25 44 40.051818 0.091703
7 3.75 34 40.879118 0.092447
8 4.25 33 34.775758 0.081417
9 4.75 48 29.477083 0.052158
10 5.25 33 24.449697 0.085793
11 5.75 38 19.067368 0.056871
12 6.25 36 14.712778 0.064159
13 6.75 22 9.531818 0.067537
14 7.25 34 0.015000 0.019167
15 7.75 24 -0.087500 0.031391
16 8.25 21 0.073810 0.033884
17 8.75 22 0.295455 0.040848
18 9.25 15 0.267333 0.054546
19 9.75 11 0.215455 0.071100
20 10.25 11 0.189091 0.060877
21 10.75 16 0.045000 0.050812
22 11.25 13 -0.080000 0.062110
23 11.75 16 0.158750 0.057014
24 12.25 16 0.056875 0.051740
25 12.75 16 0.148750 0.048758
26 13.25 13 0.065385 0.049699
27 13.75 13 0.041538 0.052795
28 14.25 12 0.238333 0.060518
29 14.75 14 -0.185714 0.063496
30 15.25 12 -0.096667 0.078298
31 15.75 11 -0.312727 0.062134
32 16.25 9 -0.150000 0.091557
33 16.75 4 0.145000 0.192662
34 17.25 0 0.000000 0.000000
35 17.75 0 0.000000 0.000000
36 18.25 0 0.000000 0.000000
37 18.75 0 0.000000 0.000000
38 19.25 0 0.000000 0.000000
39 19.75 0 0.000000 0.000000

0 0.25 287 27.235749 0.006845
1 0.75 118 27.680678 0.017585
2 1.25 101 29.695248 0.022011
3 1.75 43 30.783023 0.052801
4 2.25 45 32.734444 0.054986
5 2.75 54 34.080000 0.053674
6 3.25 43 40.012326 0.101241
7 3.75 33 40.400909 0.094036
8 4.25 36 34.891944 0.061497
9 4.75 48 30.195000 0.057880
10 5.25 31 23.809032 0.068757
11 5.75 40 19.433750 0.057889
12 6.25 32 14.655937 0.058751
13 6.75 25 8.934400 0.070627
14 7.25 34 0.189118 0.025903
15 7.75 20 0.107500 0.034320
16 8.25 21 0.041905 0.030172
17 8.75 18 -0.127222 0.045577
18 9.25 11 0.024545 0.076697
19 9.75 12 0.285833 0.071998
20 10.25 13 -0.332308 0.068349
21 10.75 17 0.136471 0.039885
22 11.25 13 0.108462 0.073443
23 11.75 18 0.148889 0.045614
24 12.25 18 0.060556 0.043428
25 12.75 15 -0.046667 0.066639
26 13.25 13 0.357692 0.041352
27 13.75 14 -0.078571 0.065068
28 14.25 12 -0.145833 0.028816
29 14.75 14 0.177143 0.055092
30 15.25 13 -0.207692 0.060666
31 15.75 8 0.023750 0.082692
32 16.25 7 -0.118571 0.100321
33 16.75 0 0.000000 0.000000
34 17.25 0 0.000000 0.000000
35 17.75 0 0.000000 0.000000
36 18.25 0 0.000000 0.000000
37 18.75 0 0.000000 0.000000
38 19.25 0 0.000000 0.000000
39 19.75 0 0.000000 0.000000

0 0.25 290 27.259414 0.006223
1 0.75 115 27.580435 0.016901
2 1.25 107 29.673271 0.019402
3 1.75 37 30.431351 0.058554
4 2.25 50 33.451800 0.052388
5 2.75 55 34.427636 0.044081
6 3.25 43 39.904186 0.086659
7 3.75 33 41.340000 0.125555
8 4.25 37 34.658378 0.070137
9 4.75 47 30.269149 0.058655
10 5.25 31 24.026452 0.064452
11 5.75 42 19.426905 0.056614
12 6.25 28 14.300714 0.067247
13 6.75 30 9.041667 0.057257
14 7.25 30 -0.308000 0.021437
15 7.75 18 -0.077778 0.066125
16 8.25 20 -0.142500 0.031311
17 8.75 17 0.055294 0.046533
18 9.25 11 0.384545 0.066101
19 9.75 14 0.165714 0.050687
20 10.25 14 0.112143 0.057061
21 10.75 17 0.013529 0.048550
22 11.25 11 -0.057273 0.078200
23 11.75 22 -0.169545 0.040029
24 12.25 15 -0.059333 0.048302
25 12.75 13 -0.555385 0.034739
26 13.25 13 -0.133077 0.060073
27 13.75 13 0.065385 0.056172
28 14.25 12 0.085833 0.061857
29 14.75 13 0.260000 0.049155
30 15.25 12 0.292500 0.069852
31 15.75 7 -0.282857 0.096368
32 16.25 0 0.000000 0.000000
33 16.75 0 0.000000 0.000000
34 17.25 0 0.000000 0.000000
35 17.75 0 0.000000 0.000000
36 18.25 0 0.000000 0.000000
37 18.75 0 0.000000 0.000000
38 19.25 0 0.000000 0.000000
39 19.75 0 0.000000 0.000000

0 0.25 301 27.205316 0.006661
1 0.75 113 27.580177 0.017919
2 1.25 105 29.404000 0.020157
3 1.75 36 30.656667 0.065983
4 2.25 53 32.423962 0.050312
5 2.75 56 34.058393 0.036105
6 3.25 43 39.545581 0.078081
7 3.75 34 40.764412 0.114510
8 4.25 41 35.269024 0.080142
9 4.75 47 30.544043 0.064558
10 5.25 37 23.523784 0.050899
11 5.75 40 19.301750 0.058345
12 6.25 25 14.521600 0.074903
13 6.75 34 9.544118 0.040994
14 7.25 29 -0.237931 0.026019
15 7.75 18 -0.365556 0.035403
16 8.25 20 -0.027500 0.043017
17 8.75 18 -0.045000 0.042419
18 9.25 11 0.108182 0.052924
19 9.75 15 0.028667 0.050814
20 10.25 14 0.139286 0.050998
21 10.75 17 0.185294 0.038868
22 11.25 12 0.070000 0.066432
23 11.75 23 -0.158696 0.029982
24 12.25 14 0.153571 0.072344
25 12.75 13 -0.066154 0.061775
26 13.25 13 0.056154 0.087826
27 13.75 14 -0.261429 0.033118
28 14.25 11 0.100000 0.047426
29 14.75 12 0.010000 0.066342
30 15.25 11 -0.326364 0.049212
31 15.75 3 -0.736667 0.610076
32 16.25 0 0.000000 0.000000
33 16.75 0 0.000000 0.000000
34 17.25 0 0.000000 0.000000
35 17.75 0 0.000000 0.000000
36 18.25 0 0.000000 0.000000
37 18.75 0 0.000000 0.000000
38 19.25 0 0.000000 0.000000
39 19.75 0 0.000000 0.000000

0 0.25 310 27.090903 0.005956
1 0.75 119 27.643613 0.015853
2 1.25 102 29.220784 0.022215
3 1.75 36 30.800833 0.059324
4 2.25 54 33.044444 0.039275
5 2.75 54 34.444630 0.049312
6 3.25 43 40.086279 0.097001
7 3.75 32 39.808125 0.129185
8 4.25 44 34.880909 0.065102
9 4.75 40 29.854000 0.077125
10 5.25 41 24.301707 0.057359
11 5.75 36 19.795278 0.059585
12 6.25 27 14.464074 0.062482
13 6.75 35 9.518286 0.049920
14 7.25 24 0.090000 0.026333
15 7.75 17 -0.270588 0.037352
16 8.25 20 0.099000 0.034094
17 8.75 16 -0.015000 0.049112
18 9.25 12 -0.267500 0.047126
19 9.75 16 0.040000 0.048247
20 10.25 14 0.030000 0.063886
21 10.75 17 -0.181176 0.035826
22 11.25 14 0.070000 0.061146
23 11.75 22 -0.177273 0.032878
24 12.25 10 0.258000 0.069105
25 12.75 14 0.085714 0.040560
26 13.25 15 0.214667 0.038810
27 13.75 14 -0.142143 0.049044
28 14.25 10 -0.016000 0.087236
29 14.75 11 -0.334545 0.043546
30 15.25 9 0.624444 0.068967
31 15.75 0 0.000000 0.000000
32 16.25 0 0.000000 0.000000
33 16.75 0 0.000000 0.000000
34 17.25 0 0.000000 0.000000
35 17.75 0 0.000000 0.000000
36 18.25 0 0.000000 0.000000
37 18.75 0 0.000000 0.000000
38 19.25 0 0.000000 0.000000
39 19.75 0 0.000000 0.000000

0 0.25 309 27.024013 0.006024
1 0.75 118 27.816864 0.017945
2 1.25 103 29.379126 0.018925
3 1.75 32 31.548750 0.064831
4 2.25 59 32.921186 0.043724
5 2.75 51 33.890392 0.055173
6 3.25 43 39.925116 0.097023
7 3.75 32 41.183125 0.103935
8 4.25 51 34.800980 0.058531
9 4.75 34 29.950882 0.065657
10 5.25 44 24.349773 0.052028
11 5.75 33 19.669091 0.061417
12 6.25 30 14.153333 0.059826
13 6.75 35 9.896571 0.051814
14 7.25 19 0.180526 0.033866
15 7.75 18 0.002778 0.045741
16 8.25 18 -0.038889 0.035921
17 8.75 14 0.037857 0.049936
18 9.25 13 0.332308 0.054896
19 9.75 16 0.118125 0.043553
20 10.25 15 -0.016000 0.052133
21 10.75 18 0.126111 0.048523
22 11.25 17 0.132941 0.038637
23 11.75 21 0.152857 0.048521
24 12.25 9 0.476667 0.050957
25 12.75 14 -0.102143 0.058107
26 13.25 15 0.454000 0.053019
27 13.75 12 0.448333 0.069539
28 14.25 10 0.277000 0.061540
29 14.75 9 -0.114444 0.097400
30 15.25 4 0.012500 0.203699
31 15.75 0 0.000000 0.000000
32 16.25 0 0.000000 0.000000
33 16.75 0 0.000000 0.000000
34 17.25 0 0.000000 0.000000
35 17.75 0 0.000000 0.000000
36 18.25 0 0.000000 0.000000
37 18.75 0 0.000000 0.000000
38 19.25 0 0.000000 0.000000
39 19.75 0 0.000000 0.000000

0 0.25 317 27.245710 0.006596
1 0.75 120 27.405583 0.017608
2 1.25 103 29.348350 0.019149
3 1.75 33 31.111515 0.050307
4 2.25 60 33.232000 0.047596
5 2.75 50 34.069800 0.048541
6 3.25 40 39.296000 0.095010
7 3.75 37 40.712162 0.091127
8 4.25 49 34.963265 0.068468
9 4.75 36 29.703611 0.074971
10 5.25 48 25.068125 0.049015
11 5.75 29 19.693793 0.088363
12 6.25 31 14.559355 0.056780
13 6.75 32 9.789687 0.056424
14 7.25 19 0.169474 0.036520
15 7.75 18 0.010556 0.050773
16 8.25 21 0.209048 0.040406
17 8.75 14 -0.159286 0.062007
18 9.25 13 -0.009231 0.036157
19 9.75 17 -0.258824 0.047068
20 10.25 14 -0.242857 0.064390
21 10.75 19 0.104211 0.043302
22 11.25 19 0.094211 0.038809
23 11.75 18 -0.200000 0.039953
24 12.25 10 0.191000 0.080658
25 12.75 14 0.082143 0.050126
26 13.25 14 0.078571 0.063553
27 13.75 14 -0.256429 0.051782
28 14.25 8 0.075000 0.047528
29 14.75 8 -0.073750 0.086821
30 15.25 0 0.000000 0.000000
31 15.75 0 0.000000 0.000000
32 16.25 0 0.000000 0.000000
33 16.75 0 0.000000 0.000000
34 17.25 0 0.000000 0.000000
35 17.75 0 0.000000 0.000000
36 18.25 0 0.000000 0.000000
37 18.75 0 0.000000 0.000000
38 19.25 0 0.000000 0.000000
39 19.75 0 0.000000 0.000000

